Iteration	CPUTime	PhysTime	Travels	Value	AvValue	MinValue	MaxValue	Delta	Criteria	PrevAvRefValue	Progress	CriteriaType	CriteriaVarType	CriteriaPercentage
1	12	0	0.00769442833	107080.033	107080.033	107080.033	107080.033	0	0	0	0	0	0	3
2	13	0	0.0153888567	106315.533	106697.783	106315.533	107080.033	382.250047	0	0	0	0	0	3
3	15	0	0.023083285	106264.254	106553.273	106264.254	107080.033	526.759516	0	0	0	0	0	3
4	17	0	0.0307777133	106159.787	106454.902	106159.787	107080.033	625.131139	0	0	0	0	0	3
5	19	0	0.0384721417	106257.784	106415.478	106159.787	107080.033	664.55464	0	0	0	0	0	3
6	20	0	0.04616657	106198.869	106379.377	106159.787	107080.033	700.656117	0	0	0	0	0	3
7	22	0	0.0538609983	106240.445	106359.529	106159.787	107080.033	720.503535	0	0	0	0	0	3
8	24	0	0.0615554267	106225.838	106342.818	106159.787	107080.033	737.214994	0	0	0	0	0	3
9	25	0	0.069249855	106248.046	106332.288	106159.787	107080.033	747.745163	0	0	0	0	0	3
10	27	0	0.0769442833	106243.826	106323.442	106159.787	107080.033	756.591299	0	0	0	0	0	3
11	28	0	0.0846387117	106278.472	106319.353	106159.787	107080.033	760.67948	0	0	0	0	0	3
12	30	0	0.09233314	106283.169	106316.338	106159.787	107080.033	763.694838	0	0	0	0	0	3
13	32	0	0.100027568	106294.16	106314.632	106159.787	107080.033	765.400816	0	0	0	0	0	3
14	34	0	0.107721997	106294.243	106313.176	106159.787	107080.033	766.857147	0	0	0	0	0	3
15	35	0	0.115416425	106295.986	106312.03	106159.787	107080.033	768.003138	0	0	0	0	0	3
16	37	0	0.123110853	106302.562	106311.438	106159.787	107080.033	768.594861	0	0	0	0	0	3
17	39	0	0.130805282	106300.573	106310.799	106159.787	107080.033	769.233955	0	0	0	0	0	3
18	40	0	0.13849971	106304.392	106310.443	106159.787	107080.033	769.589917	0	0	0	0	0	3
19	42	0	0.146194138	106305.323	106310.173	106159.787	107080.033	769.859391	0	0	0	0	0	3
20	44	0	0.153888567	106306.807	106310.005	106159.787	107080.033	770.027695	0	0	0	0	0	3
21	46	0	0.161582995	106308.361	106309.927	106159.787	107080.033	770.105991	0	0	0	0	0	3
22	48	0	0.169277423	106308.321	106309.854	106159.787	107080.033	770.178966	0	0	0	0	0	3
23	50	0	0.176971852	106309.623	106309.844	106159.787	107080.033	770.18899	0	0	0	0	0	3
24	51	0	0.18466628	106313.416	106309.993	106159.787	107080.033	770.18899	0	0	0	0	0	3
25	53	0	0.192360708	106312.753	106310.103	106159.787	107080.033	770.18899	0	0	0	0	0	3
26	55	0	0.200055137	106313.711	106310.242	106159.787	107080.033	770.18899	0	0	0	0	0	3
27	57	0	0.207749565	106315.393	106310.433	106159.787	107080.033	770.18899	0	0	0	0	0	3
28	59	0	0.215443993	106316.572	106310.652	106159.787	107080.033	770.18899	0	0	0	0	0	3
29	60	0	0.223138422	106320.32	106310.985	106159.787	107080.033	770.18899	0	0	0	0	0	3
30	62	0	0.23083285	106320.289	106311.295	106159.787	107080.033	770.18899	0	0	0	0	0	3
31	64	0	0.238527278	106323.409	106311.686	106159.787	107080.033	770.18899	0	0	0	0	0	3
32	66	0	0.246221707	106327.098	106312.168	106159.787	107080.033	770.18899	0	0	0	0	0	3
33	68	0	0.253916135	106334.362	106312.84	106159.787	107080.033	770.18899	0	0	0	0	0	3
34	70	0	0.261610563	106339.018	106313.61	106159.787	107080.033	770.18899	0	0	0	0	0	3
35	71	0	0.269304992	106346.242	106314.543	106159.787	107080.033	770.18899	0	0	0	0	0	3
36	73	0	0.27699942	106354.765	106315.66	106159.787	107080.033	770.18899	0	0	0	0	0	3
37	75	0	0.284693848	106366.581	106317.036	106159.787	107080.033	770.18899	0	0	0	0	0	3
38	77	0	0.292388277	106375.227	106318.567	106159.787	107080.033	770.18899	0	0	0	0	0	3
39	79	0	0.300082705	106386.737	106320.315	106159.787	107080.033	770.18899	0	0	0	0	0	3
40	81	0	0.307777133	106395.9	106322.205	106159.787	107080.033	770.18899	0	0	0	0	0	3
41	83	0	0.315471562	106405.939	106324.247	106159.787	107080.033	770.18899	0	0	0	0	0	3
42	85	0	0.32316599	106415.254	106326.414	106159.787	107080.033	770.18899	0	0	0	0	0	3
43	87	0	0.330860418	106421.617	106328.628	106159.787	107080.033	770.18899	0	0	0	0	0	3
44	88	0	0.338554847	106424.767	106330.813	106159.787	107080.033	770.18899	0	0	0	0	0	3
45	90	0	0.346249275	106424.524	106332.896	106159.787	107080.033	770.18899	0	0	0	0	0	3
46	92	0	0.353943703	106424.637	106334.89	106159.787	107080.033	770.18899	0	0	0	0	0	3
47	94	0	0.361638132	106423.802	106336.782	106159.787	107080.033	770.18899	0	0	0	0	0	3
48	96	0	0.36933256	106422.997	106338.578	106159.787	107080.033	770.18899	0	0	0	0	0	3
49	98	0	0.377026988	106419.585	106340.231	106159.787	107080.033	770.18899	0	0	0	0	0	3
50	100	0	0.384721417	106418.009	106341.787	106159.787	107080.033	770.18899	0	0	0	0	0	3
51	102	0	0.392415845	106416.094	106343.244	106159.787	107080.033	770.18899	0	0	0	0	0	3
52	104	0	0.400110273	106412.784	106344.581	106159.787	107080.033	770.18899	0	0	0	0	0	3
53	105	0	0.407804702	106408.767	106345.792	106159.787	107080.033	770.18899	0	0	0	0	0	3
54	107	0	0.41549913	106404.358	106346.877	106159.787	107080.033	770.18899	0	0	0	0	0	3
55	109	0	0.423193558	106398.997	106347.824	106159.787	107080.033	770.18899	0	0	0	0	0	3
56	111	0	0.430887987	106395.225	106348.671	106159.787	107080.033	770.18899	0	0	0	0	0	3
57	113	0	0.438582415	106392.376	106349.437	106159.787	107080.033	770.18899	0	0	0	0	0	3
58	115	0	0.446276843	106390.692	106350.149	106159.787	107080.033	770.18899	0	0	0	0	0	3
59	117	0	0.453971272	106389.086	106350.809	106159.787	107080.033	770.18899	0	0	0	0	0	3
60	119	0	0.4616657	106387.851	106351.426	106159.787	107080.033	770.18899	0	0	0	0	0	3
61	121	0	0.469360128	106387.636	106352.02	106159.787	107080.033	770.18899	0	0	0	0	0	3
62	122	0	0.477054557	106388.484	106352.608	106159.787	107080.033	770.18899	0	0	0	0	0	3
63	124	0	0.484748985	106390.33	106353.206	106159.787	107080.033	770.18899	0	0	0	0	0	3
64	126	0	0.492443413	106391.487	106353.805	106159.787	107080.033	770.18899	0	0	0	0	0	3
65	128	0	0.500137842	106393.083	106354.409	106159.787	107080.033	770.18899	0	0	0	0	0	3
66	130	0	0.50783227	106392.521	106343.832	106159.787	106424.767	264.979773	0	0	0	0	0	3
67	132	0	0.515526698	106392.867	106345.022	106159.787	106424.767	243.429475	0	0	0	0	0	3
68	133	0	0.523221127	106395.085	106347.034	106159.787	106424.767	145.057851	0	0	0	0	0	3
69	135	0	0.530915555	106396.651	106350.678	106198.869	106424.767	105.634351	0	0	0	0	0	3
70	137	0	0.538609983	106398.131	106352.838	106198.869	106424.767	69.5328735	0	0	0	0	0	3
71	139	0	0.546304412	106399.675	106355.927	106225.838	106424.767	49.6854559	0	0	0	0	0	3
72	141	0	0.55399884	106400.136	106358.384	106225.838	106424.767	48.5398585	0	0	0	0	0	3
73	142	0	0.561693268	106402.736	106361.105	106243.826	106424.767	51.2613736	0	0	0	0	0	3
74	144	0	0.569387697	106405.768	106363.532	106243.826	106424.767	53.6878571	0	0	0	0	0	3
75	146	0	0.577082125	106408.28	106366.062	106278.472	106424.767	56.2179156	0	0	0	0	0	3
76	148	0	0.584776553	106410.037	106368.086	106283.169	106424.767	58.2419956	0	0	0	0	0	3
77	150	0	0.592470982	106411.802	106370.065	106294.16	106424.767	60.2209653	0	0	0	0	0	3
78	152	0	0.60016541	106412.93	106371.892	106294.243	106424.767	62.0481937	0	0	0	0	0	3
79	154	0	0.607859838	106414.667	106373.745	106295.986	106424.767	63.9008701	0	0	0	0	0	3
80	155	0	0.615554267	106415.393	106375.582	106300.573	106424.767	65.7379065	0	0	0	0	0	3
81	157	0	0.623248695	106417.496	106377.35	106300.573	106424.767	67.5061226	0	0	0	0	0	3
82	159	0	0.630943123	106419.713	106379.183	106304.392	106424.767	69.3390353	0	0	0	0	0	3
83	161	0	0.638637552	106423.702	106381.018	106305.323	106424.767	71.1745785	0	0	0	0	0	3
84	163	0	0.64633198	106426.046	106382.876	106306.807	106426.046	73.0318547	0	0	0	0	0	3
85	165	0	0.654026408	106428.763	106384.752	106308.321	106428.763	74.9080894	0	0	0	0	0	3
86	166	0	0.661720837	106431.098	106386.64	106308.321	106431.098	76.7963462	0	0	0	0	0	3
87	168	0	0.669415265	106434.588	106388.583	106309.623	106434.588	78.7389052	0	0	0	0	0	3
88	170	0	0.677109693	106438.898	106390.572	106312.753	106438.898	80.5789172	0	0	0	0	0	3
89	172	0	0.684804122	106443.789	106392.577	106312.753	106443.789	82.4742669	0	0	0	0	0	3
90	174	0	0.69249855	106446.772	106394.639	106313.711	106446.772	84.3973467	0	0	0	0	0	3
91	175	0	0.700192978	106449.189	106396.723	106315.393	106449.189	86.2908458	0	0	0	0	0	3
92	177	0	0.707887407	106453.417	106398.847	106316.572	106453.417	88.1950285	0	0	0	0	0	3
93	179	0	0.715581835	106457.572	106401.016	106320.289	106457.572	90.0308842	0	0	0	0	0	3
94	181	0	0.723276263	106459.221	106403.153	106320.289	106459.221	91.85768	0	0	0	0	0	3
95	183	0	0.730970692	106461.943	106405.332	106323.409	106461.943	93.6462172	0	0	0	0	0	3
96	184	0	0.73866512	106464.698	106407.506	106327.098	106464.698	95.3382973	0	0	0	0	0	3
97	186	0	0.746359548	106466.921	106409.657	106334.362	106466.921	96.8168754	0	0	0	0	0	3
98	188	0	0.754053977	106469.939	106411.743	106339.018	106469.939	98.1327601	0	0	0	0	0	3
99	190	0	0.761748405	106472.645	106413.799	106346.242	106472.645	99.2562246	0	0	0	0	0	3
100	192	0	0.769442833	106475.659	106415.79	106354.765	106475.659	100.129964	0	0	0	0	0	3
101	196	0	0.777137262	106477.209	106417.674	106366.581	106477.209	100.637462	0	0	0	0	0	3
102	198	0	0.78483169	106479.957	106419.418	106375.227	106479.957	100.850355	0	0	0	0	0	3
103	199	0	0.792526118	106481.41	106421.051	106386.737	106481.41	94.6731864	0	0	0	0	0	3
104	201	0	0.800220547	106482.811	106422.529	106387.636	106482.811	95.1749248	0	0	0	0	0	3
105	203	0	0.807914975	106485.43	106423.907	106387.636	106485.43	97.7939128	0	0	0	0	0	3
106	205	0	0.815609403	106486.791	106425.151	106387.636	106486.791	98.7366042	0	0	0	0	0	3
107	206	0	0.823303832	106489.261	106426.289	106387.636	106489.261	97.6611418	0	0	0	0	0	3
108	208	0	0.83099826	106491.593	106427.366	106387.636	106491.593	96.5527318	0	0	0	0	0	3
109	210	0	0.838692688	106491.358	106428.39	106387.636	106491.593	95.4947517	0	0	0	0	0	3
110	212	0	0.846387117	106494.438	106429.466	106387.636	106494.438	94.5759833	0	0	0	0	0	3
111	214	0	0.854081545	106497.035	106430.58	106387.636	106497.035	93.798057	0	0	0	0	0	3
112	215	0	0.861775973	106498.973	106431.736	106387.636	106498.973	93.1583847	0	0	0	0	0	3
113	217	0	0.869470402	106499.621	106432.915	106387.636	106499.621	92.6840132	0	0	0	0	0	3
114	219	0	0.87716483	106500.581	106434.161	106387.636	106500.581	92.3745455	0	0	0	0	0	3
115	221	0	0.884859258	106502.235	106435.457	106387.636	106502.235	92.2133307	0	0	0	0	0	3
116	222	0	0.892553687	106505.119	106436.827	106387.636	106505.119	92.9947489	0	0	0	0	0	3
117	224	0	0.900248115	106507.133	106438.278	106387.636	106507.133	94.4462607	0	0	0	0	0	3
118	226	0	0.907942543	106508.465	106439.812	106387.636	106508.465	95.9800866	0	0	0	0	0	3
119	228	0	0.915636972	106509.132	106441.424	106387.636	106509.132	97.5919917	0	0	0	0	0	3
120	229	0	0.9233314	106510.766	106443.143	106387.636	106510.766	99.3115106	0	0	0	0	0	3
121	231	0	0.931025828	106511.739	106444.936	106387.636	106511.739	101.104034	0	0	0	0	0	3
122	233	0	0.938720257	106512.151	106446.779	106387.636	106512.151	102.946728	0	0	0	0	0	3
123	235	0	0.946414685	106514.858	106448.689	106387.636	106514.858	104.856985	0	0	0	0	0	3
124	236	0	0.954109113	106517.545	106450.665	106387.636	106517.545	106.833279	0	0	0	0	0	3
125	238	0	0.961803542	106515.583	106452.63	106387.636	106517.545	108.798392	0	0	0	0	0	3
126	240	0	0.96949797	106516.134	106454.607	106388.484	106517.545	110.775275	0	0	0	0	0	3
127	242	0	0.977192398	106519.317	106456.62	106390.33	106519.317	112.788093	0	0	0	0	0	3
128	243	0	0.984886827	106521.176	106458.633	106391.487	106521.176	114.801103	0	0	0	0	0	3
129	245	0	0.992581255	106520.159	106460.612	106392.521	106521.176	116.780673	0	0	0	0	0	3
130	247	0	1.00027568	106521.005	106462.581	106392.521	106521.176	118.74871	10.8416772	0	0	0	0	3
131	249	0	1.00797011	106520.989	106464.557	106392.867	106521.176	119.535366	10.8416772	0	0	0	0	3
132	251	0	1.01566454	106520.7	106466.524	106395.085	106521.176	119.489247	10.8416772	0	0	0	0	3
133	253	0	1.02335897	106521.069	106468.462	106396.651	106521.176	117.7834	10.8416772	0	0	0	0	3
134	255	0	1.0310534	106521.425	106470.381	106398.131	106521.425	117.543814	10.8416772	0	0	0	0	3
135	256	0	1.03874783	106523.029	106472.303	106399.675	106523.029	116.375989	10.8416772	0	0	0	0	3
136	258	0	1.04644225	106523.461	106474.207	106400.136	106523.461	115.823596	10.8416772	0	0	0	0	3
137	260	0	1.05413668	106525.252	106476.132	106402.736	106525.252	115.026952	10.8416772	0	0	0	0	3
138	262	0	1.06183111	106525.093	106478.015	106405.768	106525.252	114.482879	10.8416772	0	0	0	0	3
139	263	0	1.06952554	106526.632	106479.874	106408.28	106526.632	113.812273	10.8416772	0	0	0	0	3
140	265	0	1.07721997	106526.095	106481.687	106410.037	106526.632	113.600726	10.8416772	0	0	0	0	3
141	267	0	1.0849144	106524.853	106483.453	106411.802	106526.632	113.388155	10.8416772	0	0	0	0	3
142	269	0	1.09260882	106525.023	106485.195	106412.93	106526.632	113.30278	10.8416772	0	0	0	0	3
143	270	0	1.10030325	106526.68	106486.945	106414.667	106526.68	112.012419	10.8416772	0	0	0	0	3
144	272	0	1.10799768	106527.176	106488.676	106415.393	106527.176	111.783195	10.8416772	0	0	0	0	3
145	274	0	1.11569211	106527.687	106490.403	106417.496	106527.687	110.191103	10.8416772	0	0	0	0	3
146	276	0	1.12338654	106529.559	106492.127	106419.713	106529.559	109.845841	10.8416772	0	0	0	0	3
147	277	0	1.13108097	106530.655	106493.834	106423.702	106530.655	106.953459	10.8416772	0	0	0	0	3
148	279	0	1.13877539	106530.227	106495.473	106426.046	106530.655	104.60949	10.8416772	0	0	0	0	3
149	282	0	1.14646982	106530.398	106497.078	106428.763	106530.655	101.892706	10.8416772	0	0	0	0	3
150	283	0	1.15416425	106532.074	106498.668	106431.098	106532.074	100.976309	10.8416772	0	0	0	0	3
151	285	0	1.16185868	106531.044	106500.205	106434.588	106532.074	97.4861834	10.8416772	0	0	0	0	3
152	287	0	1.16955311	106532.28	106501.708	106438.898	106532.28	93.3821816	10.8416772	0	0	0	0	3
153	288	0	1.17724754	106534.119	106503.173	106443.789	106534.119	90.3301754	10.8416772	0	0	0	0	3
154	290	0	1.18494196	106533.952	106504.56	106446.772	106534.119	87.3473212	10.8416772	0	0	0	0	3
155	292	0	1.19263639	106534.291	106505.907	106449.189	106534.291	85.1015721	10.8416772	0	0	0	0	3
156	295	0	1.20033082	106533.979	106507.211	106453.417	106534.291	80.8740413	10.8416772	0	0	0	0	3
157	296	0	1.20802525	106535.261	106508.471	106457.572	106535.261	77.6889263	10.8416772	0	0	0	0	3
158	298	0	1.21571968	106534.834	106509.659	106459.221	106535.261	76.0406344	10.8416772	0	0	0	0	3
159	300	0	1.22341411	106535.561	106510.834	106461.943	106535.561	73.6177095	10.8416772	0	0	0	0	3
160	302	0	1.23110853	106536.441	106511.98	106464.698	106536.441	71.7428439	10.8416772	0	0	0	0	3
161	303	0	1.23880296	106537.564	106513.101	106466.921	106537.564	70.6428363	10.8416772	0	0	0	0	3
162	305	0	1.24649739	106539.559	106514.218	106469.939	106539.559	69.6198841	10.8416772	0	0	0	0	3
163	307	0	1.25419182	106537.825	106515.263	106472.645	106539.559	66.9141648	10.8416772	0	0	0	0	3
164	309	0	1.26188625	106537.126	106516.255	106475.659	106539.559	63.9007118	10.8416772	0	0	0	0	3
165	312	0	1.26958068	106537.963	106517.213	106477.209	106539.559	62.3505703	10.8416772	0	0	0	0	3
166	313	0	1.2772751	106538.525	106518.157	106479.957	106539.559	59.6021519	10.8416772	0	0	0	0	3
167	315	0	1.28496953	106540.244	106519.084	106481.41	106540.244	58.8343807	10.8416772	0	0	0	0	3
168	317	0	1.29266396	106539.668	106519.98	106482.811	106540.244	57.4331285	10.8416772	0	0	0	0	3
169	319	0	1.30035839	106539.134	106520.847	106485.43	106540.244	54.8141404	10.8416772	0	0	0	0	3
170	320	0	1.30805282	106540.465	106521.694	106486.791	106540.465	53.6736864	10.8416772	0	0	0	0	3
171	322	0	1.31574725	106541.326	106522.533	106489.261	106541.326	52.0649405	10.8416772	0	0	0	0	3
172	324	0	1.32344167	106542.193	106523.347	106491.358	106542.193	50.8350549	10.8416772	0	0	0	0	3
173	326	0	1.3311361	106543.8	106524.15	106491.358	106543.8	52.4426109	10.8416772	0	0	0	0	3
174	328	0	1.33883053	106544.864	106524.973	106494.438	106544.864	50.4258372	10.8416772	0	0	0	0	3
175	330	0	1.34652496	106544.995	106525.751	106497.035	106544.995	47.9596824	10.8416772	0	0	0	0	3
176	332	0	1.35421939	106547.072	106526.521	106498.973	106547.072	48.0985479	10.8416772	0	0	0	0	3
177	333	0	1.36191382	106548.339	106527.28	106499.621	106548.339	48.7175467	10.8416772	0	0	0	0	3
178	335	0	1.36960824	106548.427	106528.031	106500.581	106548.427	47.8457611	10.8416772	0	0	0	0	3
179	337	0	1.37730267	106549.886	106528.79	106502.235	106549.886	47.6509629	10.8416772	0	0	0	0	3
180	339	0	1.3849971	106549.137	106529.511	106505.119	106549.886	44.7671068	10.8416772	0	0	0	0	3
181	340	0	1.39269153	106551.003	106530.217	106507.133	106551.003	43.8702573	10.8416772	0	0	0	0	3
182	342	0	1.40038596	106551.406	106530.898	106508.465	106551.406	42.940704	10.8416772	0	0	0	0	3
183	345	0	1.40808039	106551.318	106531.558	106509.132	106551.406	42.2742111	10.8416772	0	0	0	0	3
184	347	0	1.41577481	106551.883	106532.215	106510.766	106551.883	41.1173902	10.8416772	0	0	0	0	3
185	348	0	1.42346924	106552.823	106532.862	106511.739	106552.823	41.084199	10.8416772	0	0	0	0	3
186	350	0	1.43116367	106551.285	106533.471	106512.151	106552.823	40.6722818	10.8416772	0	0	0	0	3
187	352	0	1.4388581	106551.526	106534.076	106514.858	106552.823	37.9644482	10.8416772	0	0	0	0	3
188	353	0	1.44655253	106552.124	106534.65	106515.583	106552.823	37.2394196	10.8416772	0	0	0	0	3
189	356	0	1.45424696	106550.544	106535.157	106515.583	106552.823	37.2394196	10.8416772	0	0	0	0	3
190	358	0	1.46194138	106550.324	106535.692	106516.134	106552.823	36.6892403	10.8416772	0	0	0	0	3
191	360	0	1.46963581	106552.501	106536.251	106519.317	106552.823	33.5055913	10.8416772	0	0	0	0	3
192	361	0	1.47733024	106552.72	106536.765	106520.159	106552.823	32.6640398	10.8416772	0	0	0	0	3
193	363	0	1.48502467	106554.19	106537.273	106520.159	106554.19	34.0307215	10.8416772	0	0	0	0	3
194	365	0	1.4927191	106554.727	106537.805	106520.7	106554.727	34.0273155	10.8416772	0	0	0	0	3
195	367	0	1.50041353	106554.364	106538.318	106520.7	106554.727	34.0273155	10.8416772	0	0	0	0	3
196	368	0	1.50810795	106554.804	106538.838	106520.7	106554.804	34.1040441	10.8416772	0	0	0	0	3
197	371	0	1.51580238	106557.097	106539.398	106521.069	106557.097	36.0277848	10.8416772	0	0	0	0	3
198	373	0	1.52349681	106558.629	106539.976	106521.425	106558.629	37.2039258	10.8416772	0	0	0	0	3
199	374	0	1.53119124	106558.158	106540.541	106523.029	106558.629	35.6006733	10.8416772	0	0	0	0	3
200	376	0	1.53888567	106558.526	106541.088	106523.461	106558.629	35.1687974	10.8416772	0	0	0	0	3
201	380	0	1.5465801	106558.604	106541.628	106524.853	106558.629	33.7766563	10.8416772	0	0	0	0	3
202	382	0	1.55427452	106561.094	106542.18	106524.853	106561.094	36.2413238	10.8416772	0	0	0	0	3
203	384	0	1.56196895	106561.584	106542.741	106524.853	106561.584	36.7316232	10.8416772	0	0	0	0	3
204	385	0	1.56966338	106561.377	106543.276	106524.853	106561.584	36.7316232	10.8416772	0	0	0	0	3
205	387	0	1.57735781	106561.182	106543.815	106524.853	106561.584	36.7316232	10.8416772	0	0	0	0	3
206	389	0	1.58505224	106563.52	106544.41	106525.023	106563.52	38.4971448	10.8416772	0	0	0	0	3
207	391	0	1.59274667	106564.318	106545.015	106526.68	106564.318	37.6385772	10.8416772	0	0	0	0	3
208	392	0	1.60044109	106564.918	106545.603	106527.176	106564.918	37.7417717	10.8416772	0	0	0	0	3
209	394	0	1.60813552	106563.91	106546.168	106527.687	106564.918	37.23088	10.8416772	0	0	0	0	3
210	396	0	1.61582995	106565.983	106546.757	106529.559	106565.983	36.4241798	10.8416772	0	0	0	0	3
211	398	0	1.62352438	106567.842	106547.346	106530.227	106567.842	37.6150397	10.8416772	0	0	0	0	3
212	400	0	1.63121881	106568.024	106547.921	106530.227	106568.024	37.7969563	10.8416772	0	0	0	0	3
213	402	0	1.63891324	106569.196	106548.521	106530.398	106569.196	38.7971937	10.8416772	0	0	0	0	3
214	404	0	1.64660766	106569.331	106549.12	106531.044	106569.331	38.2872147	10.8416772	0	0	0	0	3
215	405	0	1.65430209	106569.493	106549.695	106531.044	106569.493	38.4497244	10.8416772	0	0	0	0	3
216	407	0	1.66199652	106569.15	106550.282	106532.28	106569.493	37.2137264	10.8416772	0	0	0	0	3
217	409	0	1.66969095	106569.377	106550.852	106533.952	106569.493	35.5415525	10.8416772	0	0	0	0	3
218	411	0	1.67738538	106570.111	106551.406	106533.952	106570.111	36.1587709	10.8416772	0	0	0	0	3
219	412	0	1.68507981	106570.252	106551.965	106533.979	106570.252	36.2731906	10.8416772	0	0	0	0	3
220	415	0	1.69277423	106570.444	106552.521	106533.979	106570.444	36.4650388	10.8416772	0	0	0	0	3
221	417	0	1.70046866	106570.546	106553.083	106534.834	106570.546	35.7122711	10.8416772	0	0	0	0	3
222	419	0	1.70816309	106570.987	106553.633	106534.834	106570.987	36.1529568	10.8416772	0	0	0	0	3
223	420	0	1.71585752	106571.773	106554.201	106535.561	106571.773	36.2128127	10.8416772	0	0	0	0	3
224	422	0	1.72355195	106571.283	106554.751	106536.441	106571.773	35.3322857	10.8416772	0	0	0	0	3
225	424	0	1.73124638	106571.798	106555.295	106537.126	106571.798	34.6719691	10.8416772	0	0	0	0	3
226	426	0	1.7389408	106571.907	106555.823	106537.126	106571.907	34.7811308	10.8416772	0	0	0	0	3
227	427	0	1.74663523	106573.522	106556.346	106537.126	106573.522	36.3960707	10.8416772	0	0	0	0	3
228	429	0	1.75432966	106573.188	106556.89	106537.126	106573.522	36.3960707	10.8416772	0	0	0	0	3
229	431	0	1.76202409	106573.907	106557.456	106537.963	106573.907	35.9433845	10.8416772	0	0	0	0	3
230	433	0	1.76971852	106574.787	106558.022	106538.525	106574.787	36.2621519	10.8416772	0	0	0	0	3
231	435	0	1.77741295	106573.005	106558.553	106539.134	106574.787	35.6531013	10.8416772	0	0	0	0	3
232	437	0	1.78510737	106573.322	106559.061	106539.134	106574.787	35.6531013	10.8416772	0	0	0	0	3
233	439	0	1.7928018	106575.523	106559.613	106539.134	106575.523	36.3884598	10.8416772	0	0	0	0	3
234	440	0	1.80049623	106574.859	106560.163	106540.465	106575.523	35.05831	10.8416772	0	0	0	0	3
235	442	0	1.80819066	106573.021	106560.664	106541.326	106575.523	34.1969171	10.8416772	0	0	0	0	3
236	444	0	1.81588509	106574.665	106561.176	106542.193	106575.523	33.3298847	10.8416772	0	0	0	0	3
237	445	0	1.82357952	106574.807	106561.678	106543.8	106575.523	31.7223287	10.8416772	0	0	0	0	3
238	447	0	1.83127394	106574.855	106562.156	106544.864	106575.523	30.6587003	10.8416772	0	0	0	0	3
239	449	0	1.83896837	106575.589	106562.629	106544.995	106575.589	30.5942208	10.8416772	0	0	0	0	3
240	451	0	1.8466628	106575.379	106563.096	106547.072	106575.589	28.5176381	10.8416772	0	0	0	0	3
241	452	0	1.85435723	106576.809	106563.554	106548.339	106576.809	28.4707289	10.8416772	0	0	0	0	3
242	454	0	1.86205166	106579.133	106564.027	106548.427	106579.133	30.7062841	10.8416772	0	0	0	0	3
243	456	0	1.86974609	106578.924	106564.497	106549.137	106579.133	29.9960497	10.8416772	0	0	0	0	3
244	458	0	1.87744051	106578.094	106564.93	106549.137	106579.133	29.9960497	10.8416772	0	0	0	0	3
245	460	0	1.88513494	106579.11	106565.392	106550.324	106579.133	28.8089303	10.8416772	0	0	0	0	3
246	462	0	1.89282937	106579.914	106565.836	106550.324	106579.914	29.5895971	10.8416772	0	0	0	0	3
247	464	0	1.9005238	106581.386	106566.298	106550.324	106581.386	31.0621306	10.8416772	0	0	0	0	3
248	466	0	1.90821823	106582.943	106566.784	106550.324	106582.943	32.6191353	10.8416772	0	0	0	0	3
249	468	0	1.91591266	106581.721	106567.243	106550.324	106582.943	32.6191353	10.8416772	0	0	0	0	3
250	469	0	1.92360708	106583.454	106567.714	106550.324	106583.454	33.1296259	10.8416772	0	0	0	0	3
251	471	0	1.93130151	106583.988	106568.218	106550.324	106583.988	33.6637582	10.8416772	0	0	0	0	3
252	473	0	1.93899594	106585.208	106568.736	106550.324	106585.208	34.0859937	10.8416772	0	0	0	0	3
253	475	0	1.94669037	106585.621	106569.251	106550.324	106585.621	34.0936799	10.8416772	0	0	0	0	3
254	476	0	1.9543848	106586.436	106569.803	106550.324	106586.436	34.1113992	10.8416772	0	0	0	0	3
255	478	0	1.96207923	106585.878	106570.35	106552.501	106586.436	33.9345796	10.8416772	0	0	0	0	3
256	480	0	1.96977365	106586.121	106570.868	106552.72	106586.436	33.7156838	10.8416772	0	0	0	0	3
257	483	0	1.97746808	106586.013	106571.38	106554.19	106586.436	32.24641	10.8416772	0	0	0	0	3
258	484	0	1.98516251	106585.482	106571.861	106554.364	106586.436	32.0718456	10.8416772	0	0	0	0	3
259	486	0	1.99285694	106586.454	106572.349	106554.364	106586.454	32.090106	10.8416772	0	0	0	0	3
260	488	0	2.00055137	106586.579	106572.845	106554.804	106586.579	31.7750083	10.8416772	0	0	0	0	3
261	490	0	2.0082458	106586.268	106573.329	106557.097	106586.579	29.4820787	10.8416772	0	0	0	0	3
262	491	0	2.01594022	106585.7	106573.769	106558.158	106586.579	28.4210456	10.8416772	0	0	0	0	3
263	493	0	2.02363465	106585.935	106574.189	106558.158	106586.579	28.4210456	10.8416772	0	0	0	0	3
264	495	0	2.03132908	106586.167	106574.62	106558.526	106586.579	28.0531688	10.8416772	0	0	0	0	3
265	497	0	2.03902351	106586.1	106575.044	106558.604	106586.579	27.974795	10.8416772	0	0	0	0	3
266	499	0	2.04671794	106586.035	106575.466	106561.094	106586.579	25.4850398	10.8416772	0	0	0	0	3
267	500	0	2.05441237	106583.95	106575.818	106561.182	106586.579	25.3971514	10.8416772	0	0	0	0	3
268	502	0	2.06210679	106586.122	106576.195	106561.182	106586.579	25.3971514	10.8416772	0	0	0	0	3
269	504	0	2.06980122	106586.848	106576.587	106561.182	106586.848	25.6662019	10.8416772	0	0	0	0	3
270	506	0	2.07749565	106585.999	106576.969	106563.52	106586.848	23.3284231	10.8416772	0	0	0	0	3
271	508	0	2.08519008	106585.218	106577.303	106563.91	106586.848	22.9382325	10.8416772	0	0	0	0	3
272	510	0	2.09288451	106584.877	106577.619	106563.91	106586.848	22.9382325	10.8416772	0	0	0	0	3
273	511	0	2.10057894	106584.349	106577.918	106563.91	106586.848	22.9382325	10.8416772	0	0	0	0	3
274	513	0	2.10827336	106586.086	106578.259	106565.983	106586.848	20.8653783	10.8416772	0	0	0	0	3
275	515	0	2.11596779	106587.137	106578.585	106567.842	106587.137	19.2945242	10.8416772	0	0	0	0	3
276	517	0	2.12366222	106586.093	106578.865	106568.024	106587.137	19.1126075	10.8416772	0	0	0	0	3
277	518	0	2.13135665	106584.193	106579.114	106569.15	106587.137	17.9866264	10.8416772	0	0	0	0	3
278	520	0	2.13905108	106585.741	106579.369	106569.15	106587.137	17.9866264	10.8416772	0	0	0	0	3
279	522	0	2.14674551	106587.271	106579.645	106569.15	106587.271	18.1213133	10.8416772	0	0	0	0	3
280	524	0	2.15443993	106589.465	106579.952	106569.15	106589.465	20.3147025	10.8416772	0	0	0	0	3
281	526	0	2.16213436	106588.298	106580.247	106569.377	106589.465	20.0879037	10.8416772	0	0	0	0	3
282	527	0	2.16982879	106585.932	106580.501	106570.111	106589.465	19.3542354	10.8416772	0	0	0	0	3
283	529	0	2.17752322	106587.097	106580.763	106570.252	106589.465	19.212493	10.8416772	0	0	0	0	3
284	531	0	2.18521765	106587.62	106581.03	106570.444	106589.465	19.0206448	10.8416772	0	0	0	0	3
285	533	0	2.19291208	106588.625	106581.31	106570.546	106589.465	18.9188672	10.8416772	0	0	0	0	3
286	535	0	2.2006065	106588.316	106581.583	106570.987	106589.465	18.4781815	10.8416772	0	0	0	0	3
287	536	0	2.20830093	106587.138	106581.831	106571.283	106589.465	18.1823423	10.8416772	0	0	0	0	3
288	538	0	2.21599536	106587.698	106582.076	106571.283	106589.465	18.1823423	10.8416772	0	0	0	0	3
289	540	0	2.22368979	106587.582	106582.327	106571.798	106589.465	17.6672582	10.8416772	0	0	0	0	3
290	542	0	2.23138422	106588.819	106582.589	106571.907	106589.465	17.5580965	10.8416772	0	0	0	0	3
291	544	0	2.23907865	106587.985	106582.836	106573.005	106589.465	16.4599591	10.8416772	0	0	0	0	3
292	546	0	2.24677307	106590.236	106583.093	106573.005	106590.236	17.2307178	10.8416772	0	0	0	0	3
293	547	0	2.2544675	106590.598	106583.361	106573.005	106590.598	17.5928319	10.8416772	0	0	0	0	3
294	549	0	2.26216193	106588.737	106583.589	106573.005	106590.598	17.5928319	10.8416772	0	0	0	0	3
295	551	0	2.26985636	106587.408	106583.784	106573.005	106590.598	17.5928319	10.8416772	0	0	0	0	3
296	553	0	2.27755079	106588.23	106584.018	106573.021	106590.598	17.576366	10.8416772	0	0	0	0	3
297	554	0	2.28524522	106588.568	106584.252	106573.021	106590.598	17.576366	10.8416772	0	0	0	0	3
298	556	0	2.29293964	106588.967	106584.459	106573.021	106590.598	17.576366	10.8416772	0	0	0	0	3
299	558	0	2.30063407	106589.528	106584.685	106573.021	106590.598	17.576366	10.8416772	0	0	0	0	3
300	560	0	2.3083285	106588.922	106584.93	106574.665	106590.598	15.9327089	10.8416772	0	0	0	0	3
301	564	0	2.31602293	106589.924	106585.164	106574.807	106590.598	15.7907491	10.8416772	0	0	0	0	3
302	566	0	2.32371736	106591.539	106585.422	106574.855	106591.539	16.6839716	10.8416772	0	0	0	0	3
303	567	0	2.33141179	106590.867	106585.668	106575.379	106591.539	16.1599091	10.8416772	0	0	0	0	3
304	569	0	2.33910621	106590.391	106585.896	106575.379	106591.539	16.1599091	10.8416772	0	0	0	0	3
305	571	0	2.34680064	106590.787	106586.133	106576.809	106591.539	14.7296776	10.8416772	0	0	0	0	3
306	573	0	2.35449507	106591.161	106586.354	106578.094	106591.539	13.4453766	10.8416772	0	0	0	0	3
307	575	0	2.3621895	106591.151	106586.539	106578.094	106591.539	13.4453766	10.8416772	0	0	0	0	3
308	577	0	2.36988393	106590.665	106586.719	106578.094	106591.539	13.4453766	10.8416772	0	0	0	0	3
309	578	0	2.37757836	106590.359	106586.908	106579.11	106591.539	12.4291053	10.8416772	0	0	0	0	3
310	580	0	2.38527278	106593.008	106587.122	106579.914	106593.008	13.0938354	10.8416772	0	0	0	0	3
311	582	0	2.39296721	106595.08	106587.355	106581.386	106595.08	13.6933648	10.8416772	0	0	0	0	3
312	584	0	2.40066164	106596.064	106587.581	106581.721	106596.064	14.3423568	10.8416772	0	0	0	0	3
313	586	0	2.40835607	106594.117	106587.753	106581.721	106596.064	14.3423568	10.8416772	0	0	0	0	3
314	587	0	2.4160505	106592.939	106587.925	106583.454	106596.064	12.6100345	10.8416772	0	0	0	0	3
315	589	0	2.42374493	106591.94	106588.056	106583.95	106596.064	12.1139535	10.8416772	0	0	0	0	3
