Iteration	CPUTime	PhysTime	Travels	Value	AvValue	MinValue	MaxValue	Delta	Criteria	PrevAvRefValue	Progress	CriteriaType	CriteriaVarType	CriteriaPercentage
1	12	0	0.00769442833	107080.039	107080.039	107080.039	107080.039	0	0	0	0	0	0	3
2	13	0	0.0153888567	106315.539	106697.789	106315.539	107080.039	382.250053	0	0	0	0	0	3
3	15	0	0.023083285	106264.26	106553.279	106264.26	107080.039	526.759524	0	0	0	0	0	3
4	17	0	0.0307777133	106159.793	106454.908	106159.793	107080.039	625.131151	0	0	0	0	0	3
5	19	0	0.0384721417	106257.79	106415.484	106159.793	107080.039	664.554653	0	0	0	0	0	3
6	20	0	0.04616657	106198.875	106379.383	106159.793	107080.039	700.656132	0	0	0	0	0	3
7	22	0	0.0538609983	106240.451	106359.535	106159.793	107080.039	720.503552	0	0	0	0	0	3
8	24	0	0.0615554267	106225.843	106342.824	106159.793	107080.039	737.215014	0	0	0	0	0	3
9	25	0	0.069249855	106248.052	106332.294	106159.793	107080.039	747.745185	0	0	0	0	0	3
10	27	0	0.0769442833	106243.832	106323.447	106159.793	107080.039	756.591324	0	0	0	0	0	3
11	28	0	0.0846387117	106278.477	106319.359	106159.793	107080.039	760.679507	0	0	0	0	0	3
12	30	0	0.09233314	106283.175	106316.344	106159.793	107080.039	763.694867	0	0	0	0	0	3
13	32	0	0.100027568	106294.166	106314.638	106159.793	107080.039	765.400847	0	0	0	0	0	3
14	34	0	0.107721997	106294.249	106313.182	106159.793	107080.039	766.857181	0	0	0	0	0	3
15	35	0	0.115416425	106295.992	106312.036	106159.793	107080.039	768.003173	0	0	0	0	0	3
16	37	0	0.123110853	106302.568	106311.444	106159.793	107080.039	768.594898	0	0	0	0	0	3
17	39	0	0.130805282	106300.579	106310.805	106159.793	107080.039	769.233994	0	0	0	0	0	3
18	40	0	0.13849971	106304.397	106310.449	106159.793	107080.039	769.589957	0	0	0	0	0	3
19	42	0	0.146194138	106305.329	106310.179	106159.793	107080.039	769.859433	0	0	0	0	0	3
20	44	0	0.153888567	106306.813	106310.011	106159.793	107080.039	770.027738	0	0	0	0	0	3
21	46	0	0.161582995	106308.367	106309.933	106159.793	107080.039	770.106035	0	0	0	0	0	3
22	48	0	0.169277423	106308.327	106309.86	106159.793	107080.039	770.17901	0	0	0	0	0	3
23	50	0	0.176971852	106309.629	106309.85	106159.793	107080.039	770.189036	0	0	0	0	0	3
24	51	0	0.18466628	106313.421	106309.998	106159.793	107080.039	770.189036	0	0	0	0	0	3
25	53	0	0.192360708	106312.758	106310.109	106159.793	107080.039	770.189036	0	0	0	0	0	3
26	55	0	0.200055137	106313.717	106310.248	106159.793	107080.039	770.189036	0	0	0	0	0	3
27	57	0	0.207749565	106315.399	106310.438	106159.793	107080.039	770.189036	0	0	0	0	0	3
28	59	0	0.215443993	106316.578	106310.658	106159.793	107080.039	770.189036	0	0	0	0	0	3
29	60	0	0.223138422	106320.326	106310.991	106159.793	107080.039	770.189036	0	0	0	0	0	3
30	62	0	0.23083285	106320.295	106311.301	106159.793	107080.039	770.189036	0	0	0	0	0	3
31	64	0	0.238527278	106323.414	106311.692	106159.793	107080.039	770.189036	0	0	0	0	0	3
32	66	0	0.246221707	106327.103	106312.174	106159.793	107080.039	770.189036	0	0	0	0	0	3
33	68	0	0.253916135	106334.368	106312.846	106159.793	107080.039	770.189036	0	0	0	0	0	3
34	70	0	0.261610563	106339.023	106313.616	106159.793	107080.039	770.189036	0	0	0	0	0	3
35	71	0	0.269304992	106346.248	106314.548	106159.793	107080.039	770.189036	0	0	0	0	0	3
36	73	0	0.27699942	106354.771	106315.666	106159.793	107080.039	770.189036	0	0	0	0	0	3
37	75	0	0.284693848	106366.587	106317.042	106159.793	107080.039	770.189036	0	0	0	0	0	3
38	77	0	0.292388277	106375.233	106318.573	106159.793	107080.039	770.189036	0	0	0	0	0	3
39	79	0	0.300082705	106386.743	106320.321	106159.793	107080.039	770.189036	0	0	0	0	0	3
40	81	0	0.307777133	106395.906	106322.211	106159.793	107080.039	770.189036	0	0	0	0	0	3
41	83	0	0.315471562	106405.945	106324.253	106159.793	107080.039	770.189036	0	0	0	0	0	3
42	85	0	0.32316599	106415.26	106326.42	106159.793	107080.039	770.189036	0	0	0	0	0	3
43	87	0	0.330860418	106421.623	106328.634	106159.793	107080.039	770.189036	0	0	0	0	0	3
44	88	0	0.338554847	106424.773	106330.819	106159.793	107080.039	770.189036	0	0	0	0	0	3
45	90	0	0.346249275	106424.531	106332.901	106159.793	107080.039	770.189036	0	0	0	0	0	3
46	92	0	0.353943703	106424.645	106334.896	106159.793	107080.039	770.189036	0	0	0	0	0	3
47	94	0	0.361638132	106423.812	106336.788	106159.793	107080.039	770.189036	0	0	0	0	0	3
48	96	0	0.36933256	106423.009	106338.584	106159.793	107080.039	770.189036	0	0	0	0	0	3
49	98	0	0.377026988	106419.6	106340.237	106159.793	107080.039	770.189036	0	0	0	0	0	3
50	100	0	0.384721417	106418.028	106341.793	106159.793	107080.039	770.189036	0	0	0	0	0	3
51	102	0	0.392415845	106416.117	106343.25	106159.793	107080.039	770.189036	0	0	0	0	0	3
52	104	0	0.400110273	106412.811	106344.588	106159.793	107080.039	770.189036	0	0	0	0	0	3
53	105	0	0.407804702	106408.798	106345.8	106159.793	107080.039	770.189036	0	0	0	0	0	3
54	107	0	0.41549913	106404.395	106346.885	106159.793	107080.039	770.189036	0	0	0	0	0	3
55	109	0	0.423193558	106399.039	106347.833	106159.793	107080.039	770.189036	0	0	0	0	0	3
56	111	0	0.430887987	106395.273	106348.68	106159.793	107080.039	770.189036	0	0	0	0	0	3
57	113	0	0.438582415	106392.432	106349.448	106159.793	107080.039	770.189036	0	0	0	0	0	3
58	115	0	0.446276843	106390.758	106350.16	106159.793	107080.039	770.189036	0	0	0	0	0	3
59	117	0	0.453971272	106389.164	106350.821	106159.793	107080.039	770.189036	0	0	0	0	0	3
60	119	0	0.4616657	106387.943	106351.44	106159.793	107080.039	770.189036	0	0	0	0	0	3
61	121	0	0.469360128	106387.745	106352.035	106159.793	107080.039	770.189036	0	0	0	0	0	3
62	122	0	0.477054557	106388.613	106352.625	106159.793	107080.039	770.189036	0	0	0	0	0	3
63	124	0	0.484748985	106390.483	106353.226	106159.793	107080.039	770.189036	0	0	0	0	0	3
64	126	0	0.492443413	106391.666	106353.826	106159.793	107080.039	770.189036	0	0	0	0	0	3
65	128	0	0.500137842	106393.29	106354.434	106159.793	107080.039	770.189036	0	0	0	0	0	3
66	130	0	0.50783227	106392.759	106343.86	106159.793	106424.773	264.980289	0	0	0	0	0	3
67	132	0	0.515526698	106393.134	106345.054	106159.793	106424.773	243.429512	0	0	0	0	0	3
68	133	0	0.523221127	106395.38	106347.071	106159.793	106424.773	145.057886	0	0	0	0	0	3
69	135	0	0.530915555	106396.973	106350.72	106198.875	106424.773	105.634383	0	0	0	0	0	3
70	137	0	0.538609983	106398.478	106352.884	106198.875	106424.773	69.5329042	0	0	0	0	0	3
71	139	0	0.546304412	106400.044	106355.979	106225.843	106424.773	49.6854845	0	0	0	0	0	3
72	141	0	0.55399884	106400.522	106358.442	106225.843	106424.773	48.5922947	0	0	0	0	0	3
73	142	0	0.561693268	106403.136	106361.17	106243.832	106424.773	51.3198792	0	0	0	0	0	3
74	144	0	0.569387697	106406.177	106363.602	106243.832	106424.773	53.7525758	0	0	0	0	0	3
75	146	0	0.577082125	106408.693	106366.139	106278.477	106424.773	56.2888949	0	0	0	0	0	3
76	148	0	0.584776553	106410.446	106368.169	106283.175	106424.773	58.3191849	0	0	0	0	0	3
77	150	0	0.592470982	106412.202	106370.154	106294.166	106424.773	60.3042106	0	0	0	0	0	3
78	152	0	0.60016541	106413.316	106371.987	106294.249	106424.773	62.1372858	0	0	0	0	0	3
79	154	0	0.607859838	106415.036	106373.845	106295.992	106424.773	63.9955519	0	0	0	0	0	3
80	155	0	0.615554267	106415.745	106375.688	106300.579	106424.773	65.8379149	0	0	0	0	0	3
81	157	0	0.623248695	106417.831	106377.461	106300.579	106424.773	67.6111997	0	0	0	0	0	3
82	159	0	0.630943123	106420.034	106379.299	106304.397	106424.773	69.4489611	0	0	0	0	0	3
83	161	0	0.638637552	106424.01	106381.139	106305.329	106424.773	71.2891509	0	0	0	0	0	3
84	163	0	0.64633198	106426.342	106383.001	106306.813	106426.342	73.1508958	0	0	0	0	0	3
85	165	0	0.654026408	106429.049	106384.881	106308.327	106429.049	75.0314462	0	0	0	0	0	3
86	166	0	0.661720837	106431.376	106386.774	106308.327	106431.376	76.9238941	0	0	0	0	0	3
87	168	0	0.669415265	106434.859	106388.72	106309.629	106434.859	78.8705355	0	0	0	0	0	3
88	170	0	0.677109693	106439.162	106390.713	106312.758	106439.162	80.7145345	0	0	0	0	0	3
89	172	0	0.684804122	106444.048	106392.723	106312.758	106444.048	82.6137816	0	0	0	0	0	3
90	174	0	0.69249855	106447.025	106394.788	106313.717	106447.025	84.5406687	0	0	0	0	0	3
91	175	0	0.700192978	106449.437	106396.876	106315.399	106449.437	86.4378941	0	0	0	0	0	3
92	177	0	0.707887407	106453.66	106399.003	106316.578	106453.66	88.3457314	0	0	0	0	0	3
93	179	0	0.715581835	106457.812	106401.176	106320.295	106457.812	90.1851839	0	0	0	0	0	3
94	181	0	0.723276263	106459.458	106403.317	106320.295	106459.458	92.0155402	0	0	0	0	0	3
95	183	0	0.730970692	106462.179	106405.5	106323.414	106462.179	93.8076257	0	0	0	0	0	3
96	184	0	0.73866512	106464.935	106407.677	106327.103	106464.935	95.5032604	0	0	0	0	0	3
97	186	0	0.746359548	106467.16	106409.832	106334.368	106467.16	96.9854245	0	0	0	0	0	3
98	188	0	0.754053977	106470.182	106411.921	106339.023	106470.182	98.3049565	0	0	0	0	0	3
99	190	0	0.761748405	106472.893	106413.981	106346.248	106472.893	99.4321516	0	0	0	0	0	3
100	192	0	0.769442833	106475.912	106415.975	106354.771	106475.912	100.309708	0	0	0	0	0	3
101	196	0	0.777137262	106477.468	106417.863	106366.587	106477.468	100.821112	0	0	0	0	0	3
102	198	0	0.78483169	106480.223	106419.611	106375.233	106480.223	101.037998	0	0	0	0	0	3
103	199	0	0.792526118	106481.68	106421.249	106386.743	106481.68	94.9378777	0	0	0	0	0	3
104	201	0	0.800220547	106483.087	106422.731	106387.745	106483.087	95.3414888	0	0	0	0	0	3
105	203	0	0.807914975	106485.709	106424.113	106387.745	106485.709	97.9638072	0	0	0	0	0	3
106	205	0	0.815609403	106487.071	106425.361	106387.745	106487.071	98.9408847	0	0	0	0	0	3
107	206	0	0.823303832	106489.542	106426.504	106387.745	106489.542	97.8696435	0	0	0	0	0	3
108	208	0	0.83099826	106491.873	106427.584	106387.745	106491.873	96.7654271	0	0	0	0	0	3
109	210	0	0.838692688	106491.635	106428.613	106387.745	106491.873	95.7115845	0	0	0	0	0	3
110	212	0	0.846387117	106494.712	106429.693	106387.745	106494.712	94.7968753	0	0	0	0	0	3
111	214	0	0.854081545	106497.306	106430.811	106387.745	106497.306	94.0229056	0	0	0	0	0	3
112	215	0	0.861775973	106499.24	106431.971	106387.745	106499.24	93.3870675	0	0	0	0	0	3
113	217	0	0.869470402	106499.886	106433.154	106387.745	106499.886	92.9163985	0	0	0	0	0	3
114	219	0	0.87716483	106500.845	106434.404	106387.745	106500.845	92.610514	0	0	0	0	0	3
115	221	0	0.884859258	106502.503	106435.703	106387.745	106502.503	92.4528006	0	0	0	0	0	3
116	222	0	0.892553687	106505.393	106437.077	106387.745	106505.393	93.2166968	0	0	0	0	0	3
117	224	0	0.900248115	106507.418	106438.532	106387.745	106507.418	94.6721855	0	0	0	0	0	3
118	226	0	0.907942543	106508.767	106440.07	106387.745	106508.767	96.2101643	0	0	0	0	0	3
119	228	0	0.915636972	106509.453	106441.686	106387.745	106509.453	97.8264407	0	0	0	0	0	3
120	229	0	0.9233314	106511.109	106443.411	106387.745	106511.109	99.550583	0	0	0	0	0	3
121	231	0	0.931025828	106512.104	106445.208	106387.745	106512.104	101.347974	0	0	0	0	0	3
122	233	0	0.938720257	106512.537	106447.056	106387.745	106512.537	103.195742	0	0	0	0	0	3
123	235	0	0.946414685	106515.263	106448.971	106387.745	106515.263	105.111216	0	0	0	0	0	3
124	236	0	0.954109113	106517.965	106450.953	106387.745	106517.965	107.092784	0	0	0	0	0	3
125	238	0	0.961803542	106516.015	106452.923	106387.745	106517.965	109.063127	0	0	0	0	0	3
126	240	0	0.96949797	106516.572	106454.905	106388.613	106517.965	111.045086	0	0	0	0	0	3
127	242	0	0.977192398	106519.76	106456.923	106390.483	106519.76	113.062724	0	0	0	0	0	3
128	243	0	0.984886827	106521.618	106458.94	106391.666	106521.618	115.080185	0	0	0	0	0	3
129	245	0	0.992581255	106520.597	106460.924	106392.759	106521.618	117.063742	0	0	0	0	0	3
130	247	0	1.00027568	106521.437	106462.895	106392.759	106521.618	119.03523	10.8547589	0	0	0	0	3
131	249	0	1.00797011	106521.413	106464.875	106393.134	106521.618	119.820749	10.8547589	0	0	0	0	3
132	251	0	1.01566454	106521.114	106466.844	106395.38	106521.618	119.772452	10.8547589	0	0	0	0	3
133	253	0	1.02335897	106521.473	106468.783	106396.973	106521.618	118.063411	10.8547589	0	0	0	0	3
134	255	0	1.0310534	106521.819	106470.704	106398.478	106521.819	117.819681	10.8547589	0	0	0	0	3
135	256	0	1.03874783	106523.412	106472.626	106400.044	106523.412	116.64684	10.8547589	0	0	0	0	3
136	258	0	1.04644225	106523.835	106474.531	106400.522	106523.835	116.088685	10.8547589	0	0	0	0	3
137	260	0	1.05413668	106525.62	106476.455	106403.136	106525.62	115.285681	10.8547589	0	0	0	0	3
138	262	0	1.06183111	106525.455	106478.337	106406.177	106525.62	114.734813	10.8547589	0	0	0	0	3
139	263	0	1.06952554	106526.993	106480.196	106408.693	106526.993	114.057191	10.8547589	0	0	0	0	3
140	265	0	1.07721997	106526.456	106482.007	106410.446	106526.993	113.838644	10.8547589	0	0	0	0	3
141	267	0	1.0849144	106525.219	106483.773	106412.202	106526.993	113.619346	10.8547589	0	0	0	0	3
142	269	0	1.09260882	106525.396	106485.515	106413.316	106526.993	113.527727	10.8547589	0	0	0	0	3
143	270	0	1.10030325	106527.064	106487.265	106415.036	106527.064	112.027842	10.8547589	0	0	0	0	3
144	272	0	1.10799768	106527.575	106488.996	106415.745	106527.575	111.829717	10.8547589	0	0	0	0	3
145	274	0	1.11569211	106528.102	106490.725	106417.831	106528.102	110.270502	10.8547589	0	0	0	0	3
146	276	0	1.12338654	106529.991	106492.45	106420.034	106529.991	109.956861	10.8547589	0	0	0	0	3
147	277	0	1.13108097	106531.104	106494.159	106424.01	106531.104	107.094679	10.8547589	0	0	0	0	3
148	279	0	1.13877539	106530.692	106495.8	106426.342	106531.104	104.762278	10.8547589	0	0	0	0	3
149	282	0	1.14646982	106530.878	106497.408	106429.049	106531.104	102.055445	10.8547589	0	0	0	0	3
150	283	0	1.15416425	106532.565	106499.001	106431.376	106532.565	101.189173	10.8547589	0	0	0	0	3
151	285	0	1.16185868	106531.544	106500.542	106434.859	106532.565	97.706126	10.8547589	0	0	0	0	3
152	287	0	1.16955311	106532.786	106502.049	106439.162	106532.786	93.6238033	10.8547589	0	0	0	0	3
153	288	0	1.17724754	106534.63	106503.517	106444.048	106534.63	90.5813143	10.8547589	0	0	0	0	3
154	290	0	1.18494196	106534.463	106504.908	106447.025	106534.63	87.6043073	10.8547589	0	0	0	0	3
155	292	0	1.19263639	106534.801	106506.259	106449.437	106534.801	85.3641039	10.8547589	0	0	0	0	3
156	295	0	1.20033082	106534.487	106507.567	106453.66	106534.801	81.1412317	10.8547589	0	0	0	0	3
157	296	0	1.20802525	106535.766	106508.83	106457.812	106535.766	77.9538017	10.8547589	0	0	0	0	3
158	298	0	1.21571968	106535.333	106510.023	106459.458	106535.766	76.3078769	10.8547589	0	0	0	0	3
159	300	0	1.22341411	106536.055	106511.201	106462.179	106536.055	73.8762194	10.8547589	0	0	0	0	3
160	302	0	1.23110853	106536.931	106512.351	106464.935	106536.931	71.9956158	10.8547589	0	0	0	0	3
161	303	0	1.23880296	106538.048	106513.476	106467.16	106538.048	70.8882842	10.8547589	0	0	0	0	3
162	305	0	1.24649739	106540.039	106514.597	106470.182	106540.039	69.85684	10.8547589	0	0	0	0	3
163	307	0	1.25419182	106538.3	106515.645	106472.893	106540.039	67.1457046	10.8547589	0	0	0	0	3
164	309	0	1.26188625	106537.598	106516.641	106475.912	106540.039	64.1266354	10.8547589	0	0	0	0	3
165	312	0	1.26958068	106538.433	106517.603	106477.468	106540.039	62.5707257	10.8547589	0	0	0	0	3
166	313	0	1.2772751	106538.994	106518.549	106480.223	106540.039	59.8165526	10.8547589	0	0	0	0	3
167	315	0	1.28496953	106540.713	106519.48	106481.68	106540.713	59.0326637	10.8547589	0	0	0	0	3
168	317	0	1.29266396	106540.138	106520.379	106483.087	106540.713	57.6265973	10.8547589	0	0	0	0	3
169	319	0	1.30035839	106539.607	106521.249	106485.709	106540.713	55.0042788	10.8547589	0	0	0	0	3
170	320	0	1.30805282	106540.94	106522.099	106487.071	106540.94	53.8690306	10.8547589	0	0	0	0	3
171	322	0	1.31574725	106541.807	106522.941	106489.542	106541.807	52.2650749	10.8547589	0	0	0	0	3
172	324	0	1.32344167	106542.68	106523.758	106491.635	106542.68	51.0450403	10.8547589	0	0	0	0	3
173	326	0	1.3311361	106544.295	106524.565	106491.635	106544.295	52.6597721	10.8547589	0	0	0	0	3
174	328	0	1.33883053	106545.366	106525.391	106494.712	106545.366	50.6539348	10.8547589	0	0	0	0	3
175	330	0	1.34652496	106545.505	106526.173	106497.306	106545.505	48.1996373	10.8547589	0	0	0	0	3
176	332	0	1.35421939	106547.59	106526.946	106499.24	106547.59	48.3497471	10.8547589	0	0	0	0	3
177	333	0	1.36191382	106548.864	106527.71	106499.886	106548.864	48.9785881	10.8547589	0	0	0	0	3
178	335	0	1.36960824	106548.959	106528.465	106500.845	106548.959	48.1135363	10.8547589	0	0	0	0	3
179	337	0	1.37730267	106550.424	106529.227	106502.503	106550.424	47.921559	10.8547589	0	0	0	0	3
180	339	0	1.3849971	106549.679	106529.953	106505.393	106550.424	45.0309385	10.8547589	0	0	0	0	3
181	340	0	1.39269153	106551.548	106530.663	106507.418	106551.548	44.1293536	10.8547589	0	0	0	0	3
182	342	0	1.40038596	106551.952	106531.348	106508.767	106551.952	43.1850915	10.8547589	0	0	0	0	3
183	345	0	1.40808039	106551.865	106532.011	106509.453	106551.952	42.4993645	10.8547589	0	0	0	0	3
184	347	0	1.41577481	106552.429	106532.673	106511.109	106552.429	41.3202745	10.8547589	0	0	0	0	3
185	348	0	1.42346924	106553.368	106533.323	106512.104	106553.368	41.2638174	10.8547589	0	0	0	0	3
186	350	0	1.43116367	106551.828	106533.934	106512.537	106553.368	40.8307154	10.8547589	0	0	0	0	3
187	352	0	1.4388581	106552.068	106534.542	106515.263	106553.368	38.1041203	10.8547589	0	0	0	0	3
188	353	0	1.44655253	106552.664	106535.117	106516.015	106553.368	37.3525367	10.8547589	0	0	0	0	3
189	356	0	1.45424696	106551.084	106535.627	106516.015	106553.368	37.3525367	10.8547589	0	0	0	0	3
190	358	0	1.46194138	106550.865	106536.163	106516.572	106553.368	36.7952064	10.8547589	0	0	0	0	3
191	360	0	1.46963581	106553.045	106536.724	106519.76	106553.368	33.6079702	10.8547589	0	0	0	0	3
192	361	0	1.47733024	106553.267	106537.24	106520.597	106553.368	32.7707817	10.8547589	0	0	0	0	3
193	363	0	1.48502467	106554.741	106537.749	106520.597	106554.741	34.1442358	10.8547589	0	0	0	0	3
194	365	0	1.4927191	106555.284	106538.283	106521.114	106555.284	34.1700394	10.8547589	0	0	0	0	3
195	367	0	1.50041353	106554.928	106538.798	106521.114	106555.284	34.1700394	10.8547589	0	0	0	0	3
196	368	0	1.50810795	106555.375	106539.321	106521.114	106555.375	34.2608101	10.8547589	0	0	0	0	3
197	371	0	1.51580238	106557.675	106539.883	106521.473	106557.675	36.2017631	10.8547589	0	0	0	0	3
198	373	0	1.52349681	106559.214	106540.464	106521.819	106559.214	37.3954483	10.8547589	0	0	0	0	3
199	374	0	1.53119124	106558.75	106541.032	106523.412	106559.214	35.8022658	10.8547589	0	0	0	0	3
200	376	0	1.53888567	106559.123	106541.581	106523.835	106559.214	35.3791323	10.8547589	0	0	0	0	3
201	380	0	1.5465801	106559.207	106542.126	106525.219	106559.214	33.9957691	10.8547589	0	0	0	0	3
202	382	0	1.55427452	106561.702	106542.681	106525.219	106561.702	36.4831401	10.8547589	0	0	0	0	3
203	384	0	1.56196895	106562.196	106543.246	106525.219	106562.196	36.9774878	10.8547589	0	0	0	0	3
204	385	0	1.56966338	106561.992	106543.784	106525.219	106562.196	36.9774878	10.8547589	0	0	0	0	3
205	387	0	1.57735781	106561.8	106544.328	106525.219	106562.196	36.9774878	10.8547589	0	0	0	0	3
206	389	0	1.58505224	106564.139	106544.927	106525.396	106564.139	38.742493	10.8547589	0	0	0	0	3
207	391	0	1.59274667	106564.939	106545.535	106527.064	106564.939	37.8751269	10.8547589	0	0	0	0	3
208	392	0	1.60044109	106565.541	106546.127	106527.575	106565.541	37.9663533	10.8547589	0	0	0	0	3
209	394	0	1.60813552	106564.535	106546.696	106528.102	106565.541	37.4393524	10.8547589	0	0	0	0	3
210	396	0	1.61582995	106566.611	106547.288	106529.991	106566.611	36.6208163	10.8547589	0	0	0	0	3
211	398	0	1.62352438	106568.474	106547.88	106530.692	106568.474	37.7819953	10.8547589	0	0	0	0	3
212	400	0	1.63121881	106568.66	106548.458	106530.692	106568.66	37.9675155	10.8547589	0	0	0	0	3
213	402	0	1.63891324	106569.835	106549.06	106530.878	106569.835	38.9573443	10.8547589	0	0	0	0	3
214	404	0	1.64660766	106569.974	106549.662	106531.544	106569.974	38.430549	10.8547589	0	0	0	0	3
215	405	0	1.65430209	106570.141	106550.24	106531.544	106570.141	38.5968903	10.8547589	0	0	0	0	3
216	407	0	1.66199652	106569.801	106550.828	106532.786	106570.141	37.3545212	10.8547589	0	0	0	0	3
217	409	0	1.66969095	106570.032	106551.401	106534.463	106570.141	35.6774855	10.8547589	0	0	0	0	3
218	411	0	1.67738538	106570.769	106551.957	106534.463	106570.769	36.3053588	10.8547589	0	0	0	0	3
219	412	0	1.68507981	106570.913	106552.518	106534.487	106570.913	36.4256043	10.8547589	0	0	0	0	3
220	415	0	1.69277423	106571.106	106553.077	106534.487	106571.106	36.6191851	10.8547589	0	0	0	0	3
221	417	0	1.70046866	106571.21	106553.642	106535.333	106571.21	35.8763631	10.8547589	0	0	0	0	3
222	419	0	1.70816309	106571.652	106554.194	106535.333	106571.652	36.3189452	10.8547589	0	0	0	0	3
223	420	0	1.71585752	106572.441	106554.765	106536.055	106572.441	36.3852271	10.8547589	0	0	0	0	3
224	422	0	1.72355195	106571.951	106555.317	106536.931	106572.441	35.5100153	10.8547589	0	0	0	0	3
225	424	0	1.73124638	106572.467	106555.864	106537.598	106572.467	34.8681744	10.8547589	0	0	0	0	3
226	426	0	1.7389408	106572.576	106556.395	106537.598	106572.576	34.9778937	10.8547589	0	0	0	0	3
227	427	0	1.74663523	106574.191	106556.92	106537.598	106574.191	36.5929301	10.8547589	0	0	0	0	3
228	429	0	1.75432966	106573.857	106557.467	106537.598	106574.191	36.5929301	10.8547589	0	0	0	0	3
229	431	0	1.76202409	106574.575	106558.036	106538.433	106574.575	36.1415934	10.8547589	0	0	0	0	3
230	433	0	1.76971852	106575.456	106558.606	106538.994	106575.456	36.461495	10.8547589	0	0	0	0	3
231	435	0	1.77741295	106573.672	106559.139	106539.607	106575.456	35.848928	10.8547589	0	0	0	0	3
232	437	0	1.78510737	106573.989	106559.651	106539.607	106575.456	35.848928	10.8547589	0	0	0	0	3
233	439	0	1.7928018	106576.191	106560.206	106539.607	106576.191	36.5842169	10.8547589	0	0	0	0	3
234	440	0	1.80049623	106575.528	106560.759	106540.94	106576.191	35.2505089	10.8547589	0	0	0	0	3
235	442	0	1.80819066	106573.691	106561.262	106541.807	106576.191	34.3841842	10.8547589	0	0	0	0	3
236	444	0	1.81588509	106575.336	106561.778	106542.68	106576.191	33.5110566	10.8547589	0	0	0	0	3
237	445	0	1.82357952	106575.48	106562.283	106544.295	106576.191	31.8963249	10.8547589	0	0	0	0	3
238	447	0	1.83127394	106575.529	106562.763	106545.366	106576.191	30.8248468	10.8547589	0	0	0	0	3
239	449	0	1.83896837	106576.264	106563.239	106545.505	106576.264	30.7591614	10.8547589	0	0	0	0	3
240	451	0	1.8466628	106576.056	106563.709	106547.59	106576.264	28.6746171	10.8547589	0	0	0	0	3
241	452	0	1.85435723	106577.488	106564.169	106548.864	106577.488	28.6239275	10.8547589	0	0	0	0	3
242	454	0	1.86205166	106579.814	106564.645	106548.959	106579.814	30.8550622	10.8547589	0	0	0	0	3
243	456	0	1.86974609	106579.607	106565.116	106549.679	106579.814	30.1353257	10.8547589	0	0	0	0	3
244	458	0	1.87744051	106578.78	106565.553	106549.679	106579.814	30.1353257	10.8547589	0	0	0	0	3
245	460	0	1.88513494	106579.799	106566.016	106550.865	106579.814	28.9490671	10.8547589	0	0	0	0	3
246	462	0	1.89282937	106580.607	106566.463	106550.865	106580.607	29.7418242	10.8547589	0	0	0	0	3
247	464	0	1.9005238	106582.083	106566.927	106550.865	106582.083	31.2175805	10.8547589	0	0	0	0	3
248	466	0	1.90821823	106583.643	106567.416	106550.865	106583.643	32.7782206	10.8547589	0	0	0	0	3
249	468	0	1.91591266	106582.425	106567.877	106550.865	106583.643	32.7782206	10.8547589	0	0	0	0	3
250	469	0	1.92360708	106584.16	106568.351	106550.865	106584.16	33.2953232	10.8547589	0	0	0	0	3
251	471	0	1.93130151	106584.697	106568.856	106550.865	106584.697	33.8316545	10.8547589	0	0	0	0	3
252	473	0	1.93899594	106585.919	106569.377	106550.865	106585.919	34.2597145	10.8547589	0	0	0	0	3
253	475	0	1.94669037	106586.334	106569.895	106550.865	106586.334	34.2681958	10.8547589	0	0	0	0	3
254	476	0	1.9543848	106587.15	106570.45	106550.865	106587.15	34.2869035	10.8547589	0	0	0	0	3
255	478	0	1.96207923	106586.593	106571	106553.045	106587.15	34.1049635	10.8547589	0	0	0	0	3
256	480	0	1.96977365	106586.837	106571.52	106553.267	106587.15	33.8825811	10.8547589	0	0	0	0	3
257	483	0	1.97746808	106586.731	106572.034	106554.741	106587.15	32.4085669	10.8547589	0	0	0	0	3
258	484	0	1.98516251	106586.203	106572.518	106554.928	106587.15	32.2217743	10.8547589	0	0	0	0	3
259	486	0	1.99285694	106587.177	106573.009	106554.928	106587.177	32.249271	10.8547589	0	0	0	0	3
260	488	0	2.00055137	106587.305	106573.507	106555.375	106587.305	31.9299627	10.8547589	0	0	0	0	3
261	490	0	2.0082458	106586.998	106573.994	106557.675	106587.305	29.6301125	10.8547589	0	0	0	0	3
262	491	0	2.01594022	106586.435	106574.436	106558.75	106587.305	28.5554096	10.8547589	0	0	0	0	3
263	493	0	2.02363465	106586.676	106574.859	106558.75	106587.305	28.5554096	10.8547589	0	0	0	0	3
264	495	0	2.03132908	106586.914	106575.292	106559.123	106587.305	28.1817851	10.8547589	0	0	0	0	3
265	497	0	2.03902351	106586.854	106575.719	106559.207	106587.305	28.0979125	10.8547589	0	0	0	0	3
266	499	0	2.04671794	106586.794	106576.143	106561.702	106587.305	25.6032385	10.8547589	0	0	0	0	3
267	500	0	2.05441237	106584.714	106576.497	106561.8	106587.305	25.5053616	10.8547589	0	0	0	0	3
268	502	0	2.06210679	106586.891	106576.877	106561.8	106587.305	25.5053616	10.8547589	0	0	0	0	3
269	504	0	2.06980122	106587.619	106577.271	106561.8	106587.619	25.8196452	10.8547589	0	0	0	0	3
270	506	0	2.07749565	106586.771	106577.655	106564.139	106587.619	23.4804919	10.8547589	0	0	0	0	3
271	508	0	2.08519008	106585.989	106577.992	106564.535	106587.619	23.0837205	10.8547589	0	0	0	0	3
272	510	0	2.09288451	106585.647	106578.31	106564.535	106587.619	23.0837205	10.8547589	0	0	0	0	3
273	511	0	2.10057894	106585.115	106578.611	106564.535	106587.619	23.0837205	10.8547589	0	0	0	0	3
274	513	0	2.10827336	106586.847	106578.955	106566.611	106587.619	21.0078667	10.8547589	0	0	0	0	3
275	515	0	2.11596779	106587.891	106579.282	106568.474	106587.891	19.4171409	10.8547589	0	0	0	0	3
276	517	0	2.12366222	106586.842	106579.564	106568.66	106587.891	19.2316207	10.8547589	0	0	0	0	3
277	518	0	2.13135665	106584.935	106579.815	106569.801	106587.891	18.0903311	10.8547589	0	0	0	0	3
278	520	0	2.13905108	106586.476	106580.071	106569.801	106587.891	18.0903311	10.8547589	0	0	0	0	3
279	522	0	2.14674551	106588.001	106580.348	106569.801	106588.001	18.2001421	10.8547589	0	0	0	0	3
280	524	0	2.15443993	106590.19	106580.657	106569.801	106590.19	20.3891948	10.8547589	0	0	0	0	3
281	526	0	2.16213436	106589.02	106580.952	106570.032	106590.19	20.1588187	10.8547589	0	0	0	0	3
282	527	0	2.16982879	106586.653	106581.208	106570.769	106590.19	19.4217408	10.8547589	0	0	0	0	3
283	529	0	2.17752322	106587.819	106581.47	106570.913	106590.19	19.2776942	10.8547589	0	0	0	0	3
284	531	0	2.18521765	106588.345	106581.739	106571.106	106590.19	19.0841134	10.8547589	0	0	0	0	3
285	533	0	2.19291208	106589.354	106582.019	106571.21	106590.19	18.9805026	10.8547589	0	0	0	0	3
286	535	0	2.2006065	106589.051	106582.294	106571.652	106590.19	18.5379204	10.8547589	0	0	0	0	3
287	536	0	2.20830093	106587.879	106582.543	106571.951	106590.19	18.2396344	10.8547589	0	0	0	0	3
288	538	0	2.21599536	106588.447	106582.79	106571.951	106590.19	18.2396344	10.8547589	0	0	0	0	3
289	540	0	2.22368979	106588.34	106583.042	106572.467	106590.19	17.7238453	10.8547589	0	0	0	0	3
290	542	0	2.23138422	106589.586	106583.305	106572.576	106590.19	17.614126	10.8547589	0	0	0	0	3
291	544	0	2.23907865	106588.761	106583.554	106573.672	106590.19	16.5179382	10.8547589	0	0	0	0	3
292	546	0	2.24677307	106591.02	106583.813	106573.672	106591.02	17.3477345	10.8547589	0	0	0	0	3
293	547	0	2.2544675	106591.39	106584.083	106573.672	106591.39	17.7175071	10.8547589	0	0	0	0	3
294	549	0	2.26216193	106589.535	106584.313	106573.672	106591.39	17.7175071	10.8547589	0	0	0	0	3
295	551	0	2.26985636	106588.213	106584.509	106573.672	106591.39	17.7175071	10.8547589	0	0	0	0	3
296	553	0	2.27755079	106589.039	106584.746	106573.691	106591.39	17.6986675	10.8547589	0	0	0	0	3
297	554	0	2.28524522	106589.38	106584.982	106573.691	106591.39	17.6986675	10.8547589	0	0	0	0	3
298	556	0	2.29293964	106589.782	106585.192	106573.691	106591.39	17.6986675	10.8547589	0	0	0	0	3
299	558	0	2.30063407	106590.345	106585.419	106573.691	106591.39	17.6986675	10.8547589	0	0	0	0	3
300	560	0	2.3083285	106589.743	106585.666	106575.336	106591.39	16.0534688	10.8547589	0	0	0	0	3
301	564	0	2.31602293	106590.749	106585.904	106575.48	106591.39	15.9103192	10.8547589	0	0	0	0	3
302	566	0	2.32371736	106592.369	106586.163	106575.529	106592.369	16.8398539	10.8547589	0	0	0	0	3
303	567	0	2.33141179	106591.703	106586.412	106576.056	106592.369	16.3127339	10.8547589	0	0	0	0	3
304	569	0	2.33910621	106591.233	106586.643	106576.056	106592.369	16.3127339	10.8547589	0	0	0	0	3
305	571	0	2.34680064	106591.636	106586.882	106577.488	106592.369	14.8809151	10.8547589	0	0	0	0	3
306	573	0	2.35449507	106592.016	106587.106	106578.78	106592.369	13.5894926	10.8547589	0	0	0	0	3
307	575	0	2.3621895	106592.012	106587.293	106578.78	106592.369	13.5894926	10.8547589	0	0	0	0	3
308	577	0	2.36988393	106591.53	106587.477	106578.78	106592.369	13.5894926	10.8547589	0	0	0	0	3
309	578	0	2.37757836	106591.226	106587.668	106579.799	106592.369	12.5700157	10.8547589	0	0	0	0	3
310	580	0	2.38527278	106593.876	106587.885	106580.607	106593.876	13.2694719	10.8547589	0	0	0	0	3
311	582	0	2.39296721	106595.948	106588.121	106582.083	106595.948	13.8657344	10.8547589	0	0	0	0	3
312	584	0	2.40066164	106596.932	106588.349	106582.425	106596.932	14.5069444	10.8547589	0	0	0	0	3
313	586	0	2.40835607	106594.982	106588.524	106582.425	106596.932	14.5069444	10.8547589	0	0	0	0	3
314	587	0	2.4160505	106593.802	106588.699	106584.16	106596.932	12.7714006	10.8547589	0	0	0	0	3
315	589	0	2.42374493	106592.799	106588.832	106584.697	106596.932	12.2350694	10.8547589	0	0	0	0	3
