Iteration	CPUTime	PhysTime	Travels	Value	AvValue	MinValue	MaxValue	Delta	Criteria	PrevAvRefValue	Progress	CriteriaType	CriteriaVarType	CriteriaPercentage
1	12	0	0.00769442833	-0.0277104007	-0.0277104007	-0.0277104007	-0.0277104007	0	0	0	0	0	0	3
2	13	0	0.0153888567	-0.0277104007	-0.0277104007	-0.0277104007	-0.0277104007	2.28983499e-16	0	0	0	0	0	3
3	15	0	0.023083285	-0.0277104007	-0.0277104007	-0.0277104007	-0.0277104007	3.34107741e-15	0	0	0	0	0	3
4	17	0	0.0307777133	-0.0277104007	-0.0277104007	-0.0277104007	-0.0277104007	7.04991621e-15	0	0	0	0	0	3
5	19	0	0.0384721417	-0.0277104007	-0.0277104007	-0.0277104007	-0.0277104007	1.08836551e-14	0	0	0	0	0	3
6	20	0	0.04616657	-0.0277104007	-0.0277104007	-0.0277104007	-0.0277104007	1.47139245e-14	0	0	0	0	0	3
7	22	0	0.0538609983	-0.0277104007	-0.0277104007	-0.0277104007	-0.0277104007	1.86899107e-14	0	0	0	0	0	3
8	24	0	0.0615554267	-0.0277104007	-0.0277104007	-0.0277104007	-0.0277104007	2.29954944e-14	0	0	0	0	0	3
9	25	0	0.069249855	-0.0277104007	-0.0277104007	-0.0277104007	-0.0277104007	2.76237366e-14	0	0	0	0	0	3
10	27	0	0.0769442833	-0.0277104007	-0.0277104007	-0.0277104007	-0.0277104007	3.24670846e-14	0	0	0	0	0	3
11	28	0	0.0846387117	-0.0277104007	-0.0277104007	-0.0277104007	-0.0277104007	3.74492104e-14	0	0	0	0	0	3
12	30	0	0.09233314	-0.0277104007	-0.0277104007	-0.0277104007	-0.0277104007	4.27366476e-14	0	0	0	0	0	3
13	32	0	0.100027568	-0.0277104007	-0.0277104007	-0.0277104007	-0.0277104007	4.82495988e-14	0	0	0	0	0	3
14	34	0	0.107721997	-0.0277104007	-0.0277104007	-0.0277104007	-0.0277104007	5.39117362e-14	0	0	0	0	0	3
15	35	0	0.115416425	-0.0277104007	-0.0277104007	-0.0277104007	-0.0277104007	5.96744876e-14	0	0	0	0	0	3
16	37	0	0.123110853	-0.0277104007	-0.0277104007	-0.0277104007	-0.0277104007	6.54962196e-14	0	0	0	0	0	3
17	39	0	0.130805282	-0.0277104007	-0.0277104007	-0.0277104007	-0.0277104007	7.15261184e-14	0	0	0	0	0	3
18	40	0	0.13849971	-0.0277104007	-0.0277104007	-0.0277104007	-0.0277104007	7.77086728e-14	0	0	0	0	0	3
19	42	0	0.146194138	-0.0277104007	-0.0277104007	-0.0277104007	-0.0277104007	8.39883718e-14	0	0	0	0	0	3
20	44	0	0.153888567	-0.0277104007	-0.0277104007	-0.0277104007	-0.0277104007	9.03270514e-14	0	0	0	0	0	3
21	46	0	0.161582995	-0.0277104007	-0.0277104007	-0.0277104007	-0.0277104007	9.6696956e-14	0	0	0	0	0	3
22	48	0	0.169277423	-0.0277104007	-0.0277104007	-0.0277104007	-0.0277104007	1.03222986e-13	0	0	0	0	0	3
23	50	0	0.176971852	-0.0277104007	-0.0277104007	-0.0277104007	-0.0277104007	1.0984616e-13	0	0	0	0	0	3
24	51	0	0.18466628	-0.0277104007	-0.0277104007	-0.0277104007	-0.0277104007	1.16542193e-13	0	0	0	0	0	3
25	53	0	0.192360708	-0.0277104007	-0.0277104007	-0.0277104007	-0.0277104007	1.23283328e-13	0	0	0	0	0	3
26	55	0	0.200055137	-0.0277104007	-0.0277104007	-0.0277104007	-0.0277104007	1.30031402e-13	0	0	0	0	0	3
27	57	0	0.207749565	-0.0277104007	-0.0277104007	-0.0277104007	-0.0277104007	1.36859274e-13	0	0	0	0	0	3
28	59	0	0.215443993	-0.0277104007	-0.0277104007	-0.0277104007	-0.0277104007	1.43735718e-13	0	0	0	0	0	3
29	60	0	0.223138422	-0.0277104007	-0.0277104007	-0.0277104007	-0.0277104007	1.50632978e-13	0	0	0	0	0	3
30	62	0	0.23083285	-0.0277104007	-0.0277104007	-0.0277104007	-0.0277104007	1.57526769e-13	0	0	0	0	0	3
31	64	0	0.238527278	-0.0277104007	-0.0277104007	-0.0277104007	-0.0277104007	1.64403213e-13	0	0	0	0	0	3
32	66	0	0.246221707	-0.0277104007	-0.0277104007	-0.0277104007	-0.0277104007	1.71310882e-13	0	0	0	0	0	3
33	68	0	0.253916135	-0.0277104007	-0.0277104007	-0.0277104007	-0.0277104007	1.78235898e-13	0	0	0	0	0	3
34	70	0	0.261610563	-0.0277104007	-0.0277104007	-0.0277104007	-0.0277104007	1.85140098e-13	0	0	0	0	0	3
35	71	0	0.269304992	-0.0277104007	-0.0277104007	-0.0277104007	-0.0277104007	1.9202695e-13	0	0	0	0	0	3
36	73	0	0.27699942	-0.0277104007	-0.0277104007	-0.0277104007	-0.0277104007	1.98868699e-13	0	0	0	0	0	3
37	75	0	0.284693848	-0.0277104007	-0.0277104007	-0.0277104007	-0.0277104007	2.05689632e-13	0	0	0	0	0	3
38	77	0	0.292388277	-0.0277104007	-0.0277104007	-0.0277104007	-0.0277104007	2.1247587e-13	0	0	0	0	0	3
39	79	0	0.300082705	-0.0277104007	-0.0277104007	-0.0277104007	-0.0277104007	2.19213536e-13	0	0	0	0	0	3
40	81	0	0.307777133	-0.0277104007	-0.0277104007	-0.0277104007	-0.0277104007	2.25895691e-13	0	0	0	0	0	3
41	83	0	0.315471562	-0.0277104007	-0.0277104007	-0.0277104007	-0.0277104007	2.32504987e-13	0	0	0	0	0	3
42	85	0	0.32316599	-0.0277104007	-0.0277104007	-0.0277104007	-0.0277104007	2.39048364e-13	0	0	0	0	0	3
43	87	0	0.330860418	-0.0277104007	-0.0277104007	-0.0277104007	-0.0277104007	2.45529291e-13	0	0	0	0	0	3
44	88	0	0.338554847	-0.0277104007	-0.0277104007	-0.0277104007	-0.0277104007	2.51958177e-13	0	0	0	0	0	3
45	90	0	0.346249275	-0.0277104007	-0.0277104007	-0.0277104007	-0.0277104007	2.5839747e-13	0	0	0	0	0	3
46	92	0	0.353943703	-0.0277104007	-0.0277104007	-0.0277104007	-0.0277104007	2.65031053e-13	0	0	0	0	0	3
47	94	0	0.361638132	-0.0277104007	-0.0277104007	-0.0277104007	-0.0277104007	2.72271788e-13	0	0	0	0	0	3
48	96	0	0.36933256	-0.0277104007	-0.0277104007	-0.0277104007	-0.0277104007	2.8091765e-13	0	0	0	0	0	3
49	98	0	0.377026988	-0.0277104007	-0.0277104007	-0.0277104007	-0.0277104007	2.9240152e-13	0	0	0	0	0	3
50	100	0	0.384721417	-0.0277104007	-0.0277104007	-0.0277104007	-0.0277104007	3.08971598e-13	0	0	0	0	0	3
51	102	0	0.392415845	-0.0277104007	-0.0277104007	-0.0277104007	-0.0277104007	3.33896105e-13	0	0	0	0	0	3
52	104	0	0.400110273	-0.0277104007	-0.0277104007	-0.0277104007	-0.0277104007	3.71615932e-13	0	0	0	0	0	3
53	105	0	0.407804702	-0.0277104007	-0.0277104007	-0.0277104007	-0.0277104007	4.27768931e-13	0	0	0	0	0	3
54	107	0	0.41549913	-0.0277104007	-0.0277104007	-0.0277104007	-0.0277104007	5.09134401e-13	0	0	0	0	0	3
55	109	0	0.423193558	-0.0277104007	-0.0277104007	-0.0277104007	-0.0277104007	6.23751051e-13	0	0	0	0	0	3
56	111	0	0.430887987	-0.0277104007	-0.0277104007	-0.0277104007	-0.0277104007	7.80851078e-13	0	0	0	0	0	3
57	113	0	0.438582415	-0.0277104007	-0.0277104007	-0.0277104007	-0.0277104007	9.91155075e-13	0	0	0	0	0	3
58	115	0	0.446276843	-0.0277104007	-0.0277104007	-0.0277104007	-0.0277104007	1.26689978e-12	0	0	0	0	0	3
59	117	0	0.453971272	-0.0277104007	-0.0277104007	-0.0277104007	-0.0277104007	1.6221087e-12	0	0	0	0	0	3
60	119	0	0.4616657	-0.0277104007	-0.0277104007	-0.0277104007	-0.0277104007	2.07196066e-12	0	0	0	0	0	3
61	121	0	0.469360128	-0.0277104007	-0.0277104007	-0.0277104007	-0.0277104007	2.6316796e-12	0	0	0	0	0	3
62	122	0	0.477054557	-0.0277104006	-0.0277104007	-0.0277104007	-0.0277104006	3.315688e-12	0	0	0	0	0	3
63	124	0	0.484748985	-0.0277104006	-0.0277104007	-0.0277104007	-0.0277104006	4.13665283e-12	0	0	0	0	0	3
64	126	0	0.492443413	-0.0277104006	-0.0277104007	-0.0277104007	-0.0277104006	5.10451403e-12	0	0	0	0	0	3
65	128	0	0.500137842	-0.0277104006	-0.0277104007	-0.0277104007	-0.0277104006	6.22549234e-12	0	0	0	0	0	3
66	130	0	0.50783227	-0.0277104006	-0.0277104007	-0.0277104007	-0.0277104006	7.6160224e-12	0	0	0	0	0	3
67	132	0	0.515526698	-0.0277104006	-0.0277104007	-0.0277104007	-0.0277104006	9.20050494e-12	0	0	0	0	0	3
68	133	0	0.523221127	-0.0277104006	-0.0277104007	-0.0277104007	-0.0277104006	1.09842135e-11	0	0	0	0	0	3
69	135	0	0.530915555	-0.0277104006	-0.0277104007	-0.0277104007	-0.0277104006	1.2969379e-11	0	0	0	0	0	3
70	137	0	0.538609983	-0.0277104006	-0.0277104007	-0.0277104007	-0.0277104006	1.51558419e-11	0	0	0	0	0	3
71	139	0	0.546304412	-0.0277104005	-0.0277104007	-0.0277104007	-0.0277104005	1.7541097e-11	0	0	0	0	0	3
72	141	0	0.55399884	-0.0277104005	-0.0277104007	-0.0277104007	-0.0277104005	2.01202562e-11	0	0	0	0	0	3
73	142	0	0.561693268	-0.0277104005	-0.0277104007	-0.0277104007	-0.0277104005	2.28868487e-11	0	0	0	0	0	3
74	144	0	0.569387697	-0.0277104005	-0.0277104007	-0.0277104007	-0.0277104005	2.58305183e-11	0	0	0	0	0	3
75	146	0	0.577082125	-0.0277104005	-0.0277104007	-0.0277104007	-0.0277104005	2.89376266e-11	0	0	0	0	0	3
76	148	0	0.584776553	-0.0277104005	-0.0277104007	-0.0277104007	-0.0277104005	3.21909062e-11	0	0	0	0	0	3
77	150	0	0.592470982	-0.0277104005	-0.0277104007	-0.0277104007	-0.0277104005	3.55713028e-11	0	0	0	0	0	3
78	152	0	0.60016541	-0.0277104005	-0.0277104007	-0.0277104007	-0.0277104005	3.90583121e-11	0	0	0	0	0	3
79	154	0	0.607859838	-0.0277104005	-0.0277104007	-0.0277104007	-0.0277104005	4.26327619e-11	0	0	0	0	0	3
80	155	0	0.615554267	-0.0277104005	-0.0277104006	-0.0277104007	-0.0277104005	4.62779086e-11	0	0	0	0	0	3
81	157	0	0.623248695	-0.0277104005	-0.0277104006	-0.0277104007	-0.0277104005	4.99794824e-11	0	0	0	0	0	3
82	159	0	0.630943123	-0.0277104005	-0.0277104006	-0.0277104007	-0.0277104005	5.37261485e-11	0	0	0	0	0	3
83	161	0	0.638637552	-0.0277104004	-0.0277104006	-0.0277104007	-0.0277104004	5.75096915e-11	0	0	0	0	0	3
84	163	0	0.64633198	-0.0277104004	-0.0277104006	-0.0277104007	-0.0277104004	6.13233388e-11	0	0	0	0	0	3
85	165	0	0.654026408	-0.0277104004	-0.0277104006	-0.0277104007	-0.0277104004	6.51621049e-11	0	0	0	0	0	3
86	166	0	0.661720837	-0.0277104004	-0.0277104006	-0.0277104007	-0.0277104004	6.90216738e-11	0	0	0	0	0	3
87	168	0	0.669415265	-0.0277104004	-0.0277104006	-0.0277104007	-0.0277104004	7.28985483e-11	0	0	0	0	0	3
88	170	0	0.677109693	-0.0277104004	-0.0277104006	-0.0277104007	-0.0277104004	7.67895747e-11	0	0	0	0	0	3
89	172	0	0.684804122	-0.0277104004	-0.0277104006	-0.0277104007	-0.0277104004	8.06919358e-11	0	0	0	0	0	3
90	174	0	0.69249855	-0.0277104004	-0.0277104006	-0.0277104007	-0.0277104004	8.46032203e-11	0	0	0	0	0	3
91	175	0	0.700192978	-0.0277104004	-0.0277104006	-0.0277104007	-0.0277104004	8.8521572e-11	0	0	0	0	0	3
92	177	0	0.707887407	-0.0277104004	-0.0277104006	-0.0277104007	-0.0277104004	9.24459884e-11	0	0	0	0	0	3
93	179	0	0.715581835	-0.0277104004	-0.0277104006	-0.0277104007	-0.0277104004	9.63762369e-11	0	0	0	0	0	3
94	181	0	0.723276263	-0.0277104004	-0.0277104006	-0.0277104007	-0.0277104004	1.00312932e-10	0	0	0	0	0	3
95	183	0	0.730970692	-0.0277104004	-0.0277104006	-0.0277104007	-0.0277104004	1.0425754e-10	0	0	0	0	0	3
96	184	0	0.73866512	-0.0277104004	-0.0277104006	-0.0277104007	-0.0277104004	1.08211998e-10	0	0	0	0	0	3
97	186	0	0.746359548	-0.0277104004	-0.0277104006	-0.0277104007	-0.0277104004	1.1217919e-10	0	0	0	0	0	3
98	188	0	0.754053977	-0.0277104004	-0.0277104006	-0.0277104007	-0.0277104004	1.1616267e-10	0	0	0	0	0	3
99	190	0	0.761748405	-0.0277104004	-0.0277104006	-0.0277104007	-0.0277104004	1.20166453e-10	0	0	0	0	0	3
100	192	0	0.769442833	-0.0277104004	-0.0277104006	-0.0277104007	-0.0277104004	1.24195269e-10	0	0	0	0	0	3
101	196	0	0.777137262	-0.0277104004	-0.0277104006	-0.0277104007	-0.0277104004	1.28254438e-10	0	0	0	0	0	3
102	198	0	0.78483169	-0.0277104004	-0.0277104006	-0.0277104007	-0.0277104004	1.32349489e-10	0	0	0	0	0	3
103	199	0	0.792526118	-0.0277104004	-0.0277104006	-0.0277104007	-0.0277104004	1.36485823e-10	0	0	0	0	0	3
104	201	0	0.800220547	-0.0277104004	-0.0277104006	-0.0277104007	-0.0277104004	1.4066797e-10	0	0	0	0	0	3
105	203	0	0.807914975	-0.0277104004	-0.0277104005	-0.0277104007	-0.0277104004	1.4489946e-10	0	0	0	0	0	3
106	205	0	0.815609403	-0.0277104004	-0.0277104005	-0.0277104007	-0.0277104004	1.49182749e-10	0	0	0	0	0	3
107	206	0	0.823303832	-0.0277104004	-0.0277104005	-0.0277104007	-0.0277104004	1.53518951e-10	0	0	0	0	0	3
108	208	0	0.83099826	-0.0277104004	-0.0277104005	-0.0277104007	-0.0277104004	1.57907857e-10	0	0	0	0	0	3
109	210	0	0.838692688	-0.0277104004	-0.0277104005	-0.0277104007	-0.0277104004	1.62348225e-10	0	0	0	0	0	3
110	212	0	0.846387117	-0.0277104004	-0.0277104005	-0.0277104007	-0.0277104004	1.6683821e-10	0	0	0	0	0	3
111	214	0	0.854081545	-0.0277104004	-0.0277104005	-0.0277104007	-0.0277104004	1.71375487e-10	0	0	0	0	0	3
112	215	0	0.861775973	-0.0277104004	-0.0277104005	-0.0277104007	-0.0277104004	1.75957311e-10	0	0	0	0	0	3
113	217	0	0.869470402	-0.0277104004	-0.0277104005	-0.0277104007	-0.0277104004	1.8058079e-10	0	0	0	0	0	3
114	219	0	0.87716483	-0.0277104004	-0.0277104005	-0.0277104007	-0.0277104004	1.85242564e-10	0	0	0	0	0	3
115	221	0	0.884859258	-0.0277104004	-0.0277104005	-0.0277104007	-0.0277104004	1.89938777e-10	0	0	0	0	0	3
116	222	0	0.892553687	-0.0277104004	-0.0277104005	-0.0277104007	-0.0277104004	1.94664878e-10	0	0	0	0	0	3
117	224	0	0.900248115	-0.0277104004	-0.0277104005	-0.0277104007	-0.0277104004	1.99414752e-10	0	0	0	0	0	3
118	226	0	0.907942543	-0.0277104004	-0.0277104005	-0.0277104007	-0.0277104004	2.04181994e-10	0	0	0	0	0	3
119	228	0	0.915636972	-0.0277104004	-0.0277104005	-0.0277104007	-0.0277104004	2.08958524e-10	0	0	0	0	0	3
120	229	0	0.9233314	-0.0277104004	-0.0277104005	-0.0277104007	-0.0277104004	2.13734544e-10	0	0	0	0	0	3
121	231	0	0.931025828	-0.0277104004	-0.0277104005	-0.0277104007	-0.0277104004	2.18496679e-10	0	0	0	0	0	3
122	233	0	0.938720257	-0.0277104004	-0.0277104005	-0.0277104007	-0.0277104004	2.23227551e-10	0	0	0	0	0	3
123	235	0	0.946414685	-0.0277104004	-0.0277104005	-0.0277104007	-0.0277104004	2.27904952e-10	0	0	0	0	0	3
124	236	0	0.954109113	-0.0277104003	-0.0277104005	-0.0277104007	-0.0277104003	2.3250157e-10	0	0	0	0	0	3
125	238	0	0.961803542	-0.0277104003	-0.0277104005	-0.0277104007	-0.0277104003	2.36987104e-10	0	0	0	0	0	3
126	240	0	0.96949797	-0.0277104003	-0.0277104004	-0.0277104006	-0.0277104003	2.41329821e-10	0	0	0	0	0	3
127	242	0	0.977192398	-0.0277104003	-0.0277104004	-0.0277104006	-0.0277104003	2.45498e-10	0	0	0	0	0	3
128	243	0	0.984886827	-0.0277104003	-0.0277104004	-0.0277104006	-0.0277104003	2.49463047e-10	0	0	0	0	0	3
129	245	0	0.992581255	-0.0277104003	-0.0277104004	-0.0277104006	-0.0277104003	2.53200821e-10	0	0	0	0	0	3
130	247	0	1.00027568	-0.0277104003	-0.0277104004	-0.0277104006	-0.0277104003	2.56579511e-10	2.77104003e-05	0	0	0	0	3
131	249	0	1.00797011	-0.0277104003	-0.0277104004	-0.0277104006	-0.0277104003	2.59660921e-10	2.77104003e-05	0	0	0	0	3
132	251	0	1.01566454	-0.0277104003	-0.0277104004	-0.0277104006	-0.0277104003	2.6243378e-10	2.77104003e-05	0	0	0	0	3
133	253	0	1.02335897	-0.0277104003	-0.0277104004	-0.0277104006	-0.0277104003	2.64890603e-10	2.77104003e-05	0	0	0	0	3
134	255	0	1.0310534	-0.0277104003	-0.0277104004	-0.0277104006	-0.0277104003	2.67027525e-10	2.77104003e-05	0	0	0	0	3
135	256	0	1.03874783	-0.0277104003	-0.0277104004	-0.0277104005	-0.0277104003	2.60497658e-10	2.77104003e-05	0	0	0	0	3
136	258	0	1.04644225	-0.0277104003	-0.0277104004	-0.0277104005	-0.0277104003	2.52993418e-10	2.77104003e-05	0	0	0	0	3
137	260	0	1.05413668	-0.0277104003	-0.0277104004	-0.0277104005	-0.0277104003	2.45830838e-10	2.77104003e-05	0	0	0	0	3
138	262	0	1.06183111	-0.0277104003	-0.0277104004	-0.0277104005	-0.0277104003	2.39318409e-10	2.77104003e-05	0	0	0	0	3
139	263	0	1.06952554	-0.0277104003	-0.0277104004	-0.0277104005	-0.0277104003	2.33738258e-10	2.77104003e-05	0	0	0	0	3
140	265	0	1.07721997	-0.0277104003	-0.0277104004	-0.0277104005	-0.0277104003	2.29364777e-10	2.77104003e-05	0	0	0	0	3
141	267	0	1.0849144	-0.0277104002	-0.0277104004	-0.0277104005	-0.0277104002	2.26394885e-10	2.77104002e-05	0	0	0	0	3
142	269	0	1.09260882	-0.0277104002	-0.0277104004	-0.0277104005	-0.0277104002	2.25017244e-10	2.77104002e-05	0	0	0	0	3
143	270	0	1.10030325	-0.0277104002	-0.0277104004	-0.0277104005	-0.0277104002	2.25182119e-10	2.77104002e-05	0	0	0	0	3
144	272	0	1.10799768	-0.0277104002	-0.0277104004	-0.0277104005	-0.0277104002	2.2676977e-10	2.77104002e-05	0	0	0	0	3
145	274	0	1.11569211	-0.0277104002	-0.0277104004	-0.0277104005	-0.0277104002	2.29590128e-10	2.77104002e-05	0	0	0	0	3
146	276	0	1.12338654	-0.0277104002	-0.0277104004	-0.0277104005	-0.0277104002	2.33437672e-10	2.77104002e-05	0	0	0	0	3
147	277	0	1.13108097	-0.0277104002	-0.0277104004	-0.0277104004	-0.0277104002	2.38066546e-10	2.77104002e-05	0	0	0	0	3
148	279	0	1.13877539	-0.0277104002	-0.0277104004	-0.0277104004	-0.0277104002	2.43320839e-10	2.77104002e-05	0	0	0	0	3
149	282	0	1.14646982	-0.0277104002	-0.0277104004	-0.0277104004	-0.0277104002	2.49016877e-10	2.77104002e-05	0	0	0	0	3
150	283	0	1.15416425	-0.0277104002	-0.0277104004	-0.0277104004	-0.0277104002	2.55032068e-10	2.77104002e-05	0	0	0	0	3
151	285	0	1.16185868	-0.0277104002	-0.0277104003	-0.0277104004	-0.0277104002	2.61267695e-10	2.77104002e-05	0	0	0	0	3
152	287	0	1.16955311	-0.0277104002	-0.0277104003	-0.0277104004	-0.0277104002	2.67654825e-10	2.77104002e-05	0	0	0	0	3
153	288	0	1.17724754	-0.0277104002	-0.0277104003	-0.0277104004	-0.0277104002	2.7413094e-10	2.77104002e-05	0	0	0	0	3
154	290	0	1.18494196	-0.0277104002	-0.0277104003	-0.0277104004	-0.0277104002	2.74540963e-10	2.77104002e-05	0	0	0	0	3
155	292	0	1.19263639	-0.0277104002	-0.0277104003	-0.0277104004	-0.0277104002	2.75043328e-10	2.77104002e-05	0	0	0	0	3
156	295	0	1.20033082	-0.0277104001	-0.0277104003	-0.0277104004	-0.0277104001	2.7563889e-10	2.77104001e-05	0	0	0	0	3
157	296	0	1.20802525	-0.0277104001	-0.0277104003	-0.0277104004	-0.0277104001	2.7632718e-10	2.77104001e-05	0	0	0	0	3
158	298	0	1.21571968	-0.0277104001	-0.0277104003	-0.0277104004	-0.0277104001	2.77105734e-10	2.77104001e-05	0	0	0	0	3
159	300	0	1.22341411	-0.0277104001	-0.0277104003	-0.0277104004	-0.0277104001	2.77970674e-10	2.77104001e-05	0	0	0	0	3
160	302	0	1.23110853	-0.0277104001	-0.0277104003	-0.0277104004	-0.0277104001	2.78916924e-10	2.77104001e-05	0	0	0	0	3
161	303	0	1.23880296	-0.0277104001	-0.0277104003	-0.0277104004	-0.0277104001	2.79937726e-10	2.77104001e-05	0	0	0	0	3
162	305	0	1.24649739	-0.0277104001	-0.0277104003	-0.0277104004	-0.0277104001	2.81025227e-10	2.77104001e-05	0	0	0	0	3
163	307	0	1.25419182	-0.0277104001	-0.0277104003	-0.0277104004	-0.0277104001	2.82169992e-10	2.77104001e-05	0	0	0	0	3
164	309	0	1.26188625	-0.0277104001	-0.0277104003	-0.0277104004	-0.0277104001	2.83362091e-10	2.77104001e-05	0	0	0	0	3
165	312	0	1.26958068	-0.0277104001	-0.0277104003	-0.0277104004	-0.0277104001	2.84590004e-10	2.77104001e-05	0	0	0	0	3
166	313	0	1.2772751	-0.0277104001	-0.0277104003	-0.0277104004	-0.0277104001	2.85842239e-10	2.77104001e-05	0	0	0	0	3
167	315	0	1.28496953	-0.0277104001	-0.0277104003	-0.0277104004	-0.0277104001	2.87106727e-10	2.77104001e-05	0	0	0	0	3
168	317	0	1.29266396	-0.0277104001	-0.0277104003	-0.0277104004	-0.0277104001	2.88373499e-10	2.77104001e-05	0	0	0	0	3
169	319	0	1.30035839	-0.0277104001	-0.0277104003	-0.0277104004	-0.0277104001	2.89633612e-10	2.77104001e-05	0	0	0	0	3
170	320	0	1.30805282	-0.0277104001	-0.0277104003	-0.0277104004	-0.0277104001	2.90881458e-10	2.77104001e-05	0	0	0	0	3
171	322	0	1.31574725	-0.0277104001	-0.0277104002	-0.0277104004	-0.0277104001	2.92113483e-10	2.77104001e-05	0	0	0	0	3
172	324	0	1.32344167	-0.0277104	-0.0277104002	-0.0277104004	-0.0277104	2.93329028e-10	2.77104e-05	0	0	0	0	3
173	326	0	1.3311361	-0.0277104	-0.0277104002	-0.0277104004	-0.0277104	2.9452997e-10	2.77104e-05	0	0	0	0	3
174	328	0	1.33883053	-0.0277104	-0.0277104002	-0.0277104004	-0.0277104	2.95719792e-10	2.77104e-05	0	0	0	0	3
175	330	0	1.34652496	-0.0277104	-0.0277104002	-0.0277104004	-0.0277104	2.96901597e-10	2.77104e-05	0	0	0	0	3
176	332	0	1.35421939	-0.0277104	-0.0277104002	-0.0277104004	-0.0277104	2.98079832e-10	2.77104e-05	0	0	0	0	3
177	333	0	1.36191382	-0.0277104	-0.0277104002	-0.0277104004	-0.0277104	2.99257449e-10	2.77104e-05	0	0	0	0	3
178	335	0	1.36960824	-0.0277104	-0.0277104002	-0.0277104004	-0.0277104	3.00436332e-10	2.77104e-05	0	0	0	0	3
179	337	0	1.37730267	-0.0277104	-0.0277104002	-0.0277104004	-0.0277104	3.01616367e-10	2.77104e-05	0	0	0	0	3
180	339	0	1.3849971	-0.0277104	-0.0277104002	-0.0277104004	-0.0277104	3.02796031e-10	2.77104e-05	0	0	0	0	3
181	340	0	1.39269153	-0.0277104	-0.0277104002	-0.0277104004	-0.0277104	3.03971622e-10	2.77104e-05	0	0	0	0	3
182	342	0	1.40038596	-0.0277104	-0.0277104002	-0.0277104004	-0.0277104	3.05138272e-10	2.77104e-05	0	0	0	0	3
183	345	0	1.40808039	-0.0277104	-0.0277104002	-0.0277104004	-0.0277104	3.06288422e-10	2.77104e-05	0	0	0	0	3
184	347	0	1.41577481	-0.0277104	-0.0277104002	-0.0277104004	-0.0277104	3.07414694e-10	2.77104e-05	0	0	0	0	3
185	348	0	1.42346924	-0.0277104	-0.0277104002	-0.0277104004	-0.0277104	3.08510207e-10	2.77104e-05	0	0	0	0	3
186	350	0	1.43116367	-0.0277104	-0.0277104002	-0.0277104004	-0.0277104	3.09571802e-10	2.77104e-05	0	0	0	0	3
187	352	0	1.4388581	-0.0277104	-0.0277104002	-0.0277104004	-0.0277104	3.10599539e-10	2.77104e-05	0	0	0	0	3
188	353	0	1.44655253	-0.0277104	-0.0277104001	-0.0277104003	-0.0277104	3.11599021e-10	2.77104e-05	0	0	0	0	3
189	356	0	1.45424696	-0.0277104	-0.0277104001	-0.0277104003	-0.0277104	3.12580736e-10	2.77104e-05	0	0	0	0	3
190	358	0	1.46194138	-0.0277103999	-0.0277104001	-0.0277104003	-0.0277103999	3.13558773e-10	2.77103999e-05	0	0	0	0	3
191	360	0	1.46963581	-0.0277103999	-0.0277104001	-0.0277104003	-0.0277103999	3.14550604e-10	2.77103999e-05	0	0	0	0	3
192	361	0	1.47733024	-0.0277103999	-0.0277104001	-0.0277104003	-0.0277103999	3.15575226e-10	2.77103999e-05	0	0	0	0	3
193	363	0	1.48502467	-0.0277103999	-0.0277104001	-0.0277104003	-0.0277103999	3.16651386e-10	2.77103999e-05	0	0	0	0	3
194	365	0	1.4927191	-0.0277103999	-0.0277104001	-0.0277104003	-0.0277103999	3.17796536e-10	2.77103999e-05	0	0	0	0	3
195	367	0	1.50041353	-0.0277103999	-0.0277104001	-0.0277104003	-0.0277103999	3.1902422e-10	2.77103999e-05	0	0	0	0	3
196	368	0	1.50810795	-0.0277103999	-0.0277104001	-0.0277104003	-0.0277103999	3.20345746e-10	2.77103999e-05	0	0	0	0	3
197	371	0	1.51580238	-0.0277103999	-0.0277104001	-0.0277104003	-0.0277103999	3.21769816e-10	2.77103999e-05	0	0	0	0	3
198	373	0	1.52349681	-0.0277103999	-0.0277104001	-0.0277104003	-0.0277103999	3.23303204e-10	2.77103999e-05	0	0	0	0	3
199	374	0	1.53119124	-0.0277103999	-0.0277104001	-0.0277104003	-0.0277103999	3.24950216e-10	2.77103999e-05	0	0	0	0	3
200	376	0	1.53888567	-0.0277103999	-0.0277104001	-0.0277104003	-0.0277103999	3.26712307e-10	2.77103999e-05	0	0	0	0	3
201	380	0	1.5465801	-0.0277103999	-0.0277104001	-0.0277104003	-0.0277103999	3.28587636e-10	2.77103999e-05	0	0	0	0	3
202	382	0	1.55427452	-0.0277103999	-0.0277104001	-0.0277104003	-0.0277103999	3.30570762e-10	2.77103999e-05	0	0	0	0	3
203	384	0	1.56196895	-0.0277103999	-0.0277104001	-0.0277104003	-0.0277103999	3.32650518e-10	2.77103999e-05	0	0	0	0	3
204	385	0	1.56966338	-0.0277103999	-0.0277104001	-0.0277104003	-0.0277103999	3.34810395e-10	2.77103999e-05	0	0	0	0	3
205	387	0	1.57735781	-0.0277103999	-0.0277104	-0.0277104002	-0.0277103999	3.37028797e-10	2.77103999e-05	0	0	0	0	3
206	389	0	1.58505224	-0.0277103999	-0.0277104	-0.0277104002	-0.0277103999	3.39279514e-10	2.77103999e-05	0	0	0	0	3
207	391	0	1.59274667	-0.0277103999	-0.0277104	-0.0277104002	-0.0277103999	3.41533104e-10	2.77103999e-05	0	0	0	0	3
208	392	0	1.60044109	-0.0277103999	-0.0277104	-0.0277104002	-0.0277103999	3.43760177e-10	2.77103999e-05	0	0	0	0	3
209	394	0	1.60813552	-0.0277103999	-0.0277104	-0.0277104002	-0.0277103999	3.45933573e-10	2.77103999e-05	0	0	0	0	3
210	396	0	1.61582995	-0.0277103999	-0.0277104	-0.0277104002	-0.0277103999	3.48029498e-10	2.77103999e-05	0	0	0	0	3
211	398	0	1.62352438	-0.0277103998	-0.0277104	-0.0277104002	-0.0277103998	3.50028156e-10	2.77103998e-05	0	0	0	0	3
212	400	0	1.63121881	-0.0277103998	-0.0277104	-0.0277104002	-0.0277103998	3.51914439e-10	2.77103998e-05	0	0	0	0	3
213	402	0	1.63891324	-0.0277103998	-0.0277104	-0.0277104002	-0.0277103998	3.53676765e-10	2.77103998e-05	0	0	0	0	3
214	404	0	1.64660766	-0.0277103998	-0.0277104	-0.0277104002	-0.0277103998	3.54996241e-10	2.77103998e-05	0	0	0	0	3
215	405	0	1.65430209	-0.0277103998	-0.0277104	-0.0277104002	-0.0277103998	3.52106656e-10	2.77103998e-05	0	0	0	0	3
216	407	0	1.66199652	-0.0277103998	-0.0277104	-0.0277104002	-0.0277103998	3.49235817e-10	2.77103998e-05	0	0	0	0	3
217	409	0	1.66969095	-0.0277103998	-0.0277104	-0.0277104002	-0.0277103998	3.46396002e-10	2.77103998e-05	0	0	0	0	3
218	411	0	1.67738538	-0.0277103998	-0.0277104	-0.0277104002	-0.0277103998	3.43610754e-10	2.77103998e-05	0	0	0	0	3
219	412	0	1.68507981	-0.0277103998	-0.0277104	-0.0277104002	-0.0277103998	3.40883939e-10	2.77103998e-05	0	0	0	0	3
220	415	0	1.69277423	-0.0277103998	-0.0277104	-0.0277104001	-0.0277103998	3.38213933e-10	2.77103998e-05	0	0	0	0	3
221	417	0	1.70046866	-0.0277103998	-0.0277104	-0.0277104001	-0.0277103998	3.35613724e-10	2.77103998e-05	0	0	0	0	3
222	419	0	1.70816309	-0.0277103998	-0.0277104	-0.0277104001	-0.0277103998	3.3306518e-10	2.77103998e-05	0	0	0	0	3
223	420	0	1.71585752	-0.0277103998	-0.0277103999	-0.0277104001	-0.0277103998	3.30587481e-10	2.77103998e-05	0	0	0	0	3
224	422	0	1.72355195	-0.0277103998	-0.0277103999	-0.0277104001	-0.0277103998	3.28131192e-10	2.77103998e-05	0	0	0	0	3
225	424	0	1.73124638	-0.0277103998	-0.0277103999	-0.0277104001	-0.0277103998	3.25755239e-10	2.77103998e-05	0	0	0	0	3
226	426	0	1.7389408	-0.0277103998	-0.0277103999	-0.0277104001	-0.0277103998	3.23402388e-10	2.77103998e-05	0	0	0	0	3
227	427	0	1.74663523	-0.0277103998	-0.0277103999	-0.0277104001	-0.0277103998	3.2114086e-10	2.77103998e-05	0	0	0	0	3
228	429	0	1.75432966	-0.0277103998	-0.0277103999	-0.0277104001	-0.0277103998	3.18901548e-10	2.77103998e-05	0	0	0	0	3
229	431	0	1.76202409	-0.0277103998	-0.0277103999	-0.0277104001	-0.0277103998	3.16731336e-10	2.77103998e-05	0	0	0	0	3
230	433	0	1.76971852	-0.0277103998	-0.0277103999	-0.0277104001	-0.0277103998	3.14556367e-10	2.77103998e-05	0	0	0	0	3
231	435	0	1.77741295	-0.0277103998	-0.0277103999	-0.0277104001	-0.0277103998	3.12427566e-10	2.77103998e-05	0	0	0	0	3
232	437	0	1.78510737	-0.0277103998	-0.0277103999	-0.0277104001	-0.0277103998	3.10265244e-10	2.77103998e-05	0	0	0	0	3
233	439	0	1.7928018	-0.0277103998	-0.0277103999	-0.0277104001	-0.0277103998	3.08134258e-10	2.77103998e-05	0	0	0	0	3
234	440	0	1.80049623	-0.0277103998	-0.0277103999	-0.0277104001	-0.0277103998	3.05947968e-10	2.77103998e-05	0	0	0	0	3
235	442	0	1.80819066	-0.0277103997	-0.0277103999	-0.0277104001	-0.0277103997	3.03737598e-10	2.77103997e-05	0	0	0	0	3
236	444	0	1.81588509	-0.0277103997	-0.0277103999	-0.0277104	-0.0277103997	3.01483883e-10	2.77103997e-05	0	0	0	0	3
237	445	0	1.82357952	-0.0277103997	-0.0277103999	-0.0277104	-0.0277103997	2.99176215e-10	2.77103997e-05	0	0	0	0	3
238	447	0	1.83127394	-0.0277103997	-0.0277103999	-0.0277104	-0.0277103997	2.9679971e-10	2.77103997e-05	0	0	0	0	3
239	449	0	1.83896837	-0.0277103997	-0.0277103999	-0.0277104	-0.0277103997	2.94437863e-10	2.77103997e-05	0	0	0	0	3
240	451	0	1.8466628	-0.0277103997	-0.0277103999	-0.0277104	-0.0277103997	2.92003883e-10	2.77103997e-05	0	0	0	0	3
241	452	0	1.85435723	-0.0277103997	-0.0277103999	-0.0277104	-0.0277103997	2.89566038e-10	2.77103997e-05	0	0	0	0	3
242	454	0	1.86205166	-0.0277103997	-0.0277103999	-0.0277104	-0.0277103997	2.8710883e-10	2.77103997e-05	0	0	0	0	3
243	456	0	1.86974609	-0.0277103997	-0.0277103999	-0.0277104	-0.0277103997	2.84685983e-10	2.77103997e-05	0	0	0	0	3
244	458	0	1.87744051	-0.0277103997	-0.0277103998	-0.0277104	-0.0277103997	2.82267373e-10	2.77103997e-05	0	0	0	0	3
245	460	0	1.88513494	-0.0277103997	-0.0277103998	-0.0277104	-0.0277103997	2.79930336e-10	2.77103997e-05	0	0	0	0	3
246	462	0	1.89282937	-0.0277103997	-0.0277103998	-0.0277104	-0.0277103997	2.77635442e-10	2.77103997e-05	0	0	0	0	3
247	464	0	1.9005238	-0.0277103997	-0.0277103998	-0.0277104	-0.0277103997	2.75461605e-10	2.77103997e-05	0	0	0	0	3
248	466	0	1.90821823	-0.0277103997	-0.0277103998	-0.0277104	-0.0277103997	2.7336651e-10	2.77103997e-05	0	0	0	0	3
249	468	0	1.91591266	-0.0277103997	-0.0277103998	-0.0277104	-0.0277103997	2.71398074e-10	2.77103997e-05	0	0	0	0	3
250	469	0	1.92360708	-0.0277103997	-0.0277103998	-0.0277104	-0.0277103997	2.6949799e-10	2.77103997e-05	0	0	0	0	3
251	471	0	1.93130151	-0.0277103997	-0.0277103998	-0.0277104	-0.0277103997	2.67711176e-10	2.77103997e-05	0	0	0	0	3
252	473	0	1.93899594	-0.0277103997	-0.0277103998	-0.0277104	-0.0277103997	2.65982115e-10	2.77103997e-05	0	0	0	0	3
253	475	0	1.94669037	-0.0277103997	-0.0277103998	-0.0277104	-0.0277103997	2.64305113e-10	2.77103997e-05	0	0	0	0	3
254	476	0	1.9543848	-0.0277103997	-0.0277103998	-0.0277103999	-0.0277103997	2.62638217e-10	2.77103997e-05	0	0	0	0	3
255	478	0	1.96207923	-0.0277103997	-0.0277103998	-0.0277103999	-0.0277103997	2.60983391e-10	2.77103997e-05	0	0	0	0	3
256	480	0	1.96977365	-0.0277103997	-0.0277103998	-0.0277103999	-0.0277103997	2.59298194e-10	2.77103997e-05	0	0	0	0	3
257	483	0	1.97746808	-0.0277103997	-0.0277103998	-0.0277103999	-0.0277103997	2.57599268e-10	2.77103997e-05	0	0	0	0	3
258	484	0	1.98516251	-0.0277103997	-0.0277103998	-0.0277103999	-0.0277103997	2.55854889e-10	2.77103997e-05	0	0	0	0	3
259	486	0	1.99285694	-0.0277103997	-0.0277103998	-0.0277103999	-0.0277103997	2.54106115e-10	2.77103997e-05	0	0	0	0	3
260	488	0	2.00055137	-0.0277103997	-0.0277103998	-0.0277103999	-0.0277103997	2.52330414e-10	2.77103997e-05	0	0	0	0	3
261	490	0	2.0082458	-0.0277103997	-0.0277103998	-0.0277103999	-0.0277103997	2.50556728e-10	2.77103997e-05	0	0	0	0	3
262	491	0	2.01594022	-0.0277103997	-0.0277103998	-0.0277103999	-0.0277103997	2.48772322e-10	2.77103997e-05	0	0	0	0	3
263	493	0	2.02363465	-0.0277103997	-0.0277103998	-0.0277103999	-0.0277103997	2.47005669e-10	2.77103997e-05	0	0	0	0	3
264	495	0	2.03132908	-0.0277103997	-0.0277103998	-0.0277103999	-0.0277103997	2.45248048e-10	2.77103997e-05	0	0	0	0	3
265	497	0	2.03902351	-0.0277103997	-0.0277103998	-0.0277103999	-0.0277103997	2.43527327e-10	2.77103997e-05	0	0	0	0	3
266	499	0	2.04671794	-0.0277103996	-0.0277103998	-0.0277103999	-0.0277103996	2.41822055e-10	2.77103996e-05	0	0	0	0	3
267	500	0	2.05441237	-0.0277103996	-0.0277103998	-0.0277103999	-0.0277103996	2.40153498e-10	2.77103996e-05	0	0	0	0	3
268	502	0	2.06210679	-0.0277103996	-0.0277103998	-0.0277103999	-0.0277103996	2.38491851e-10	2.77103996e-05	0	0	0	0	3
269	504	0	2.06980122	-0.0277103996	-0.0277103997	-0.0277103999	-0.0277103996	2.36851923e-10	2.77103996e-05	0	0	0	0	3
270	506	0	2.07749565	-0.0277103996	-0.0277103997	-0.0277103999	-0.0277103996	2.35201542e-10	2.77103996e-05	0	0	0	0	3
271	508	0	2.08519008	-0.0277103996	-0.0277103997	-0.0277103999	-0.0277103996	2.3354341e-10	2.77103996e-05	0	0	0	0	3
272	510	0	2.09288451	-0.0277103996	-0.0277103997	-0.0277103999	-0.0277103996	2.31850712e-10	2.77103996e-05	0	0	0	0	3
273	511	0	2.10057894	-0.0277103996	-0.0277103997	-0.0277103999	-0.0277103996	2.30137485e-10	2.77103996e-05	0	0	0	0	3
274	513	0	2.10827336	-0.0277103996	-0.0277103997	-0.0277103999	-0.0277103996	2.28376484e-10	2.77103996e-05	0	0	0	0	3
275	515	0	2.11596779	-0.0277103996	-0.0277103997	-0.0277103998	-0.0277103996	2.26575418e-10	2.77103996e-05	0	0	0	0	3
276	517	0	2.12366222	-0.0277103996	-0.0277103997	-0.0277103998	-0.0277103996	2.24729298e-10	2.77103996e-05	0	0	0	0	3
277	518	0	2.13135665	-0.0277103996	-0.0277103997	-0.0277103998	-0.0277103996	2.22855456e-10	2.77103996e-05	0	0	0	0	3
278	520	0	2.13905108	-0.0277103996	-0.0277103997	-0.0277103998	-0.0277103996	2.20966811e-10	2.77103996e-05	0	0	0	0	3
279	522	0	2.14674551	-0.0277103996	-0.0277103997	-0.0277103998	-0.0277103996	2.19076143e-10	2.77103996e-05	0	0	0	0	3
280	524	0	2.15443993	-0.0277103996	-0.0277103997	-0.0277103998	-0.0277103996	2.171931e-10	2.77103996e-05	0	0	0	0	3
281	526	0	2.16213436	-0.0277103996	-0.0277103997	-0.0277103998	-0.0277103996	2.15322801e-10	2.77103996e-05	0	0	0	0	3
282	527	0	2.16982879	-0.0277103996	-0.0277103997	-0.0277103998	-0.0277103996	2.13490385e-10	2.77103996e-05	0	0	0	0	3
283	529	0	2.17752322	-0.0277103996	-0.0277103997	-0.0277103998	-0.0277103996	2.11691088e-10	2.77103996e-05	0	0	0	0	3
284	531	0	2.18521765	-0.0277103996	-0.0277103997	-0.0277103998	-0.0277103996	2.0997146e-10	2.77103996e-05	0	0	0	0	3
285	533	0	2.19291208	-0.0277103996	-0.0277103997	-0.0277103998	-0.0277103996	2.0830777e-10	2.77103996e-05	0	0	0	0	3
286	535	0	2.2006065	-0.0277103996	-0.0277103997	-0.0277103998	-0.0277103996	2.06755144e-10	2.77103996e-05	0	0	0	0	3
287	536	0	2.20830093	-0.0277103996	-0.0277103997	-0.0277103998	-0.0277103996	2.05269943e-10	2.77103996e-05	0	0	0	0	3
288	538	0	2.21599536	-0.0277103996	-0.0277103997	-0.0277103998	-0.0277103996	2.03889391e-10	2.77103996e-05	0	0	0	0	3
289	540	0	2.22368979	-0.0277103996	-0.0277103997	-0.0277103998	-0.0277103996	2.0256527e-10	2.77103996e-05	0	0	0	0	3
290	542	0	2.23138422	-0.0277103996	-0.0277103997	-0.0277103998	-0.0277103996	2.01332957e-10	2.77103996e-05	0	0	0	0	3
291	544	0	2.23907865	-0.0277103996	-0.0277103997	-0.0277103998	-0.0277103996	2.00141938e-10	2.77103996e-05	0	0	0	0	3
292	546	0	2.24677307	-0.0277103996	-0.0277103997	-0.0277103998	-0.0277103996	1.99022996e-10	2.77103996e-05	0	0	0	0	3
293	547	0	2.2544675	-0.0277103996	-0.0277103997	-0.0277103998	-0.0277103996	1.97941323e-10	2.77103996e-05	0	0	0	0	3
294	549	0	2.26216193	-0.0277103996	-0.0277103997	-0.0277103998	-0.0277103996	1.96915994e-10	2.77103996e-05	0	0	0	0	3
295	551	0	2.26985636	-0.0277103996	-0.0277103997	-0.0277103998	-0.0277103996	1.95919007e-10	2.77103996e-05	0	0	0	0	3
296	553	0	2.27755079	-0.0277103996	-0.0277103997	-0.0277103998	-0.0277103996	1.94957533e-10	2.77103996e-05	0	0	0	0	3
297	554	0	2.28524522	-0.0277103996	-0.0277103997	-0.0277103998	-0.0277103996	1.94019668e-10	2.77103996e-05	0	0	0	0	3
298	556	0	2.29293964	-0.0277103996	-0.0277103997	-0.0277103998	-0.0277103996	1.93111725e-10	2.77103996e-05	0	0	0	0	3
299	558	0	2.30063407	-0.0277103996	-0.0277103996	-0.0277103997	-0.0277103996	1.92224327e-10	2.77103996e-05	0	0	0	0	3
300	560	0	2.3083285	-0.0277103996	-0.0277103996	-0.0277103997	-0.0277103996	1.9135998e-10	2.77103996e-05	0	0	0	0	3
301	564	0	2.31602293	-0.0277103996	-0.0277103996	-0.0277103997	-0.0277103996	1.90526737e-10	2.77103996e-05	0	0	0	0	3
302	566	0	2.32371736	-0.0277103995	-0.0277103996	-0.0277103997	-0.0277103995	1.89729201e-10	2.77103995e-05	0	0	0	0	3
303	567	0	2.33141179	-0.0277103995	-0.0277103996	-0.0277103997	-0.0277103995	1.88956163e-10	2.77103995e-05	0	0	0	0	3
304	569	0	2.33910621	-0.0277103995	-0.0277103996	-0.0277103997	-0.0277103995	1.88219513e-10	2.77103995e-05	0	0	0	0	3
305	571	0	2.34680064	-0.0277103995	-0.0277103996	-0.0277103997	-0.0277103995	1.87513165e-10	2.77103995e-05	0	0	0	0	3
306	573	0	2.35449507	-0.0277103995	-0.0277103996	-0.0277103997	-0.0277103995	1.86839256e-10	2.77103995e-05	0	0	0	0	3
307	575	0	2.3621895	-0.0277103995	-0.0277103996	-0.0277103997	-0.0277103995	1.86188905e-10	2.77103995e-05	0	0	0	0	3
308	577	0	2.36988393	-0.0277103995	-0.0277103996	-0.0277103997	-0.0277103995	1.85551907e-10	2.77103995e-05	0	0	0	0	3
309	578	0	2.37757836	-0.0277103995	-0.0277103996	-0.0277103997	-0.0277103995	1.84934845e-10	2.77103995e-05	0	0	0	0	3
310	580	0	2.38527278	-0.0277103995	-0.0277103996	-0.0277103997	-0.0277103995	1.84321836e-10	2.77103995e-05	0	0	0	0	3
311	582	0	2.39296721	-0.0277103995	-0.0277103996	-0.0277103997	-0.0277103995	1.83699059e-10	2.77103995e-05	0	0	0	0	3
312	584	0	2.40066164	-0.0277103995	-0.0277103996	-0.0277103997	-0.0277103995	1.83063117e-10	2.77103995e-05	0	0	0	0	3
313	586	0	2.40835607	-0.0277103995	-0.0277103996	-0.0277103997	-0.0277103995	1.82406902e-10	2.77103995e-05	0	0	0	0	3
314	587	0	2.4160505	-0.0277103995	-0.0277103996	-0.0277103997	-0.0277103995	1.81739322e-10	2.77103995e-05	0	0	0	0	3
315	589	0	2.42374493	-0.0277103995	-0.0277103996	-0.0277103997	-0.0277103995	1.81047982e-10	2.77103995e-05	0	0	0	0	3
