Iteration	CPUTime	PhysTime	Travels
1	12	0	0.00769442833
2	13	0	0.0153888567
3	15	0	0.023083285
4	17	0	0.0307777133
5	19	0	0.0384721417
6	20	0	0.04616657
7	22	0	0.0538609983
8	24	0	0.0615554267
9	25	0	0.069249855
10	27	0	0.0769442833
11	28	0	0.0846387117
12	30	0	0.09233314
13	32	0	0.100027568
14	34	0	0.107721997
15	35	0	0.115416425
16	37	0	0.123110853
17	39	0	0.130805282
18	40	0	0.13849971
19	42	0	0.146194138
20	44	0	0.153888567
21	46	0	0.161582995
22	48	0	0.169277423
23	50	0	0.176971852
24	51	0	0.18466628
25	53	0	0.192360708
26	55	0	0.200055137
27	57	0	0.207749565
28	59	0	0.215443993
29	60	0	0.223138422
30	62	0	0.23083285
31	64	0	0.238527278
32	66	0	0.246221707
33	68	0	0.253916135
34	70	0	0.261610563
35	71	0	0.269304992
36	73	0	0.27699942
37	75	0	0.284693848
38	77	0	0.292388277
39	79	0	0.300082705
40	81	0	0.307777133
41	83	0	0.315471562
42	85	0	0.32316599
43	87	0	0.330860418
44	88	0	0.338554847
45	90	0	0.346249275
46	92	0	0.353943703
47	94	0	0.361638132
48	96	0	0.36933256
49	98	0	0.377026988
50	100	0	0.384721417
51	102	0	0.392415845
52	104	0	0.400110273
53	105	0	0.407804702
54	107	0	0.41549913
55	109	0	0.423193558
56	111	0	0.430887987
57	113	0	0.438582415
58	115	0	0.446276843
59	117	0	0.453971272
60	119	0	0.4616657
61	121	0	0.469360128
62	122	0	0.477054557
63	124	0	0.484748985
64	126	0	0.492443413
65	128	0	0.500137842
66	130	0	0.50783227
67	132	0	0.515526698
68	133	0	0.523221127
69	135	0	0.530915555
70	137	0	0.538609983
71	139	0	0.546304412
72	141	0	0.55399884
73	142	0	0.561693268
74	144	0	0.569387697
75	146	0	0.577082125
76	148	0	0.584776553
77	150	0	0.592470982
78	152	0	0.60016541
79	154	0	0.607859838
80	155	0	0.615554267
81	157	0	0.623248695
82	159	0	0.630943123
83	161	0	0.638637552
84	163	0	0.64633198
85	165	0	0.654026408
86	166	0	0.661720837
87	168	0	0.669415265
88	170	0	0.677109693
89	172	0	0.684804122
90	174	0	0.69249855
91	175	0	0.700192978
92	177	0	0.707887407
93	179	0	0.715581835
94	181	0	0.723276263
95	183	0	0.730970692
96	184	0	0.73866512
97	186	0	0.746359548
98	188	0	0.754053977
99	190	0	0.761748405
100	192	0	0.769442833
101	196	0	0.777137262
102	198	0	0.78483169
103	199	0	0.792526118
104	201	0	0.800220547
105	203	0	0.807914975
106	205	0	0.815609403
107	206	0	0.823303832
108	208	0	0.83099826
109	210	0	0.838692688
110	212	0	0.846387117
111	214	0	0.854081545
112	215	0	0.861775973
113	217	0	0.869470402
114	219	0	0.87716483
115	221	0	0.884859258
116	222	0	0.892553687
117	224	0	0.900248115
118	226	0	0.907942543
119	228	0	0.915636972
120	229	0	0.9233314
121	231	0	0.931025828
122	233	0	0.938720257
123	235	0	0.946414685
124	236	0	0.954109113
125	238	0	0.961803542
126	240	0	0.96949797
127	242	0	0.977192398
128	243	0	0.984886827
129	245	0	0.992581255
130	247	0	1.00027568
131	249	0	1.00797011
132	251	0	1.01566454
133	253	0	1.02335897
134	255	0	1.0310534
135	256	0	1.03874783
136	258	0	1.04644225
137	260	0	1.05413668
138	262	0	1.06183111
139	263	0	1.06952554
140	265	0	1.07721997
141	267	0	1.0849144
142	269	0	1.09260882
143	270	0	1.10030325
144	272	0	1.10799768
145	274	0	1.11569211
146	276	0	1.12338654
147	277	0	1.13108097
148	279	0	1.13877539
149	282	0	1.14646982
150	283	0	1.15416425
151	285	0	1.16185868
152	287	0	1.16955311
153	288	0	1.17724754
154	290	0	1.18494196
155	292	0	1.19263639
156	295	0	1.20033082
157	296	0	1.20802525
158	298	0	1.21571968
159	300	0	1.22341411
160	302	0	1.23110853
161	303	0	1.23880296
162	305	0	1.24649739
163	307	0	1.25419182
164	309	0	1.26188625
165	312	0	1.26958068
166	313	0	1.2772751
167	315	0	1.28496953
168	317	0	1.29266396
169	319	0	1.30035839
170	320	0	1.30805282
171	322	0	1.31574725
172	324	0	1.32344167
173	326	0	1.3311361
174	328	0	1.33883053
175	330	0	1.34652496
176	332	0	1.35421939
177	333	0	1.36191382
178	335	0	1.36960824
179	337	0	1.37730267
180	339	0	1.3849971
181	340	0	1.39269153
182	342	0	1.40038596
183	345	0	1.40808039
184	347	0	1.41577481
185	348	0	1.42346924
186	350	0	1.43116367
187	352	0	1.4388581
188	353	0	1.44655253
189	356	0	1.45424696
190	358	0	1.46194138
191	360	0	1.46963581
192	361	0	1.47733024
193	363	0	1.48502467
194	365	0	1.4927191
195	367	0	1.50041353
196	368	0	1.50810795
197	371	0	1.51580238
198	373	0	1.52349681
199	374	0	1.53119124
200	376	0	1.53888567
201	380	0	1.5465801
202	382	0	1.55427452
203	384	0	1.56196895
204	385	0	1.56966338
205	387	0	1.57735781
206	389	0	1.58505224
207	391	0	1.59274667
208	392	0	1.60044109
209	394	0	1.60813552
210	396	0	1.61582995
211	398	0	1.62352438
212	400	0	1.63121881
213	402	0	1.63891324
214	404	0	1.64660766
215	405	0	1.65430209
216	407	0	1.66199652
217	409	0	1.66969095
218	411	0	1.67738538
219	412	0	1.68507981
220	415	0	1.69277423
221	417	0	1.70046866
222	419	0	1.70816309
223	420	0	1.71585752
224	422	0	1.72355195
225	424	0	1.73124638
226	426	0	1.7389408
227	427	0	1.74663523
228	429	0	1.75432966
229	431	0	1.76202409
230	433	0	1.76971852
231	435	0	1.77741295
232	437	0	1.78510737
233	439	0	1.7928018
234	440	0	1.80049623
235	442	0	1.80819066
236	444	0	1.81588509
237	445	0	1.82357952
238	447	0	1.83127394
239	449	0	1.83896837
240	451	0	1.8466628
241	452	0	1.85435723
242	454	0	1.86205166
243	456	0	1.86974609
244	458	0	1.87744051
245	460	0	1.88513494
246	462	0	1.89282937
247	464	0	1.9005238
248	466	0	1.90821823
249	468	0	1.91591266
250	469	0	1.92360708
251	471	0	1.93130151
252	473	0	1.93899594
253	475	0	1.94669037
254	476	0	1.9543848
255	478	0	1.96207923
256	480	0	1.96977365
257	483	0	1.97746808
258	484	0	1.98516251
259	486	0	1.99285694
260	488	0	2.00055137
261	490	0	2.0082458
262	491	0	2.01594022
263	493	0	2.02363465
264	495	0	2.03132908
265	497	0	2.03902351
266	499	0	2.04671794
267	500	0	2.05441237
268	502	0	2.06210679
269	504	0	2.06980122
270	506	0	2.07749565
271	508	0	2.08519008
272	510	0	2.09288451
273	511	0	2.10057894
274	513	0	2.10827336
275	515	0	2.11596779
276	517	0	2.12366222
277	518	0	2.13135665
278	520	0	2.13905108
279	522	0	2.14674551
280	524	0	2.15443993
281	526	0	2.16213436
282	527	0	2.16982879
283	529	0	2.17752322
284	531	0	2.18521765
285	533	0	2.19291208
286	535	0	2.2006065
287	536	0	2.20830093
288	538	0	2.21599536
289	540	0	2.22368979
290	542	0	2.23138422
291	544	0	2.23907865
292	546	0	2.24677307
293	547	0	2.2544675
294	549	0	2.26216193
295	551	0	2.26985636
296	553	0	2.27755079
297	554	0	2.28524522
298	556	0	2.29293964
299	558	0	2.30063407
300	560	0	2.3083285
301	564	0	2.31602293
302	566	0	2.32371736
303	567	0	2.33141179
304	569	0	2.33910621
305	571	0	2.34680064
306	573	0	2.35449507
307	575	0	2.3621895
308	577	0	2.36988393
309	578	0	2.37757836
310	580	0	2.38527278
311	582	0	2.39296721
312	584	0	2.40066164
313	586	0	2.40835607
314	587	0	2.4160505
315	589	0	2.42374493
