Iteration	CPUTime	PhysTime	Travels	Value	AvValue	MinValue	MaxValue	Delta	Criteria	PrevAvRefValue	Progress	CriteriaType	CriteriaVarType	CriteriaPercentage
1	12	0	0.00769442833	2.67689083	2.67689083	2.67689083	2.67689083	0	0	0	0	0	0	3
2	13	0	0.0153888567	2.60872511	2.64280797	2.60872511	2.67689083	0.034082858	0	0	0	0	0	3
3	15	0	0.023083285	2.5425767	2.60939755	2.5425767	2.67689083	0.06749328	0	0	0	0	0	3
4	17	0	0.0307777133	2.48980602	2.57949966	2.48980602	2.67689083	0.0973911608	0	0	0	0	0	3
5	19	0	0.0384721417	2.43018669	2.54963707	2.43018669	2.67689083	0.127253755	0	0	0	0	0	3
6	20	0	0.04616657	2.34893648	2.51618697	2.34893648	2.67689083	0.160703854	0	0	0	0	0	3
7	22	0	0.0538609983	2.26203229	2.47987916	2.26203229	2.67689083	0.197011667	0	0	0	0	0	3
8	24	0	0.0615554267	2.18110271	2.4425321	2.18110271	2.67689083	0.234358723	0	0	0	0	0	3
9	25	0	0.069249855	2.10566815	2.40510277	2.10566815	2.67689083	0.271788051	0	0	0	0	0	3
10	27	0	0.0769442833	2.03348476	2.36794097	2.03348476	2.67689083	0.308949853	0	0	0	0	0	3
11	28	0	0.0846387117	1.93908812	2.32895435	1.93908812	2.67689083	0.347936476	0	0	0	0	0	3
12	30	0	0.09233314	1.85767417	2.289681	1.85767417	2.67689083	0.387209824	0	0	0	0	0	3
13	32	0	0.100027568	1.80558613	2.25244293	1.80558613	2.67689083	0.424447892	0	0	0	0	0	3
14	34	0	0.107721997	1.78643399	2.21915658	1.78643399	2.67689083	0.457734245	0	0	0	0	0	3
15	35	0	0.115416425	1.76678685	2.1889986	1.76678685	2.67689083	0.487892227	0	0	0	0	0	3
16	37	0	0.123110853	1.73811854	2.16081859	1.73811854	2.67689083	0.516072231	0	0	0	0	0	3
17	39	0	0.130805282	1.71165152	2.134397	1.71165152	2.67689083	0.542493823	0	0	0	0	0	3
18	40	0	0.13849971	1.6862382	2.10949929	1.6862382	2.67689083	0.567391534	0	0	0	0	0	3
19	42	0	0.146194138	1.6632033	2.08601003	1.6632033	2.67689083	0.590880797	0	0	0	0	0	3
20	44	0	0.153888567	1.64099383	2.06375922	1.64099383	2.67689083	0.613131607	0	0	0	0	0	3
21	46	0	0.161582995	1.61128185	2.04221268	1.61128185	2.67689083	0.634678149	0	0	0	0	0	3
22	48	0	0.169277423	1.5838265	2.02137694	1.5838265	2.67689083	0.655513884	0	0	0	0	0	3
23	50	0	0.176971852	1.56176249	2.0013937	1.56176249	2.67689083	0.675497121	0	0	0	0	0	3
24	51	0	0.18466628	1.58211435	1.98392373	1.56176249	2.67689083	0.692967094	0	0	0	0	0	3
25	53	0	0.192360708	1.59791199	1.96848326	1.56176249	2.67689083	0.708407564	0	0	0	0	0	3
26	55	0	0.200055137	1.59445333	1.9540975	1.56176249	2.67689083	0.72279333	0	0	0	0	0	3
27	57	0	0.207749565	1.58384847	1.94038457	1.56176249	2.67689083	0.736506257	0	0	0	0	0	3
28	59	0	0.215443993	1.57005003	1.92715834	1.56176249	2.67689083	0.749732491	0	0	0	0	0	3
29	60	0	0.223138422	1.55825247	1.91443744	1.55825247	2.67689083	0.762453382	0	0	0	0	0	3
30	62	0	0.23083285	1.52339199	1.90140259	1.52339199	2.67689083	0.775488231	0	0	0	0	0	3
31	64	0	0.238527278	1.4820391	1.88787474	1.4820391	2.67689083	0.789016085	0	0	0	0	0	3
32	66	0	0.246221707	1.46544744	1.87467389	1.46544744	2.67689083	0.802216938	0	0	0	0	0	3
33	68	0	0.253916135	1.47169441	1.86246239	1.46544744	2.67689083	0.814428438	0	0	0	0	0	3
34	70	0	0.261610563	1.47592059	1.85109351	1.46544744	2.67689083	0.825797314	0	0	0	0	0	3
35	71	0	0.269304992	1.47685635	1.84040102	1.46544744	2.67689083	0.836489804	0	0	0	0	0	3
36	73	0	0.27699942	1.47679074	1.83030074	1.46544744	2.67689083	0.84659009	0	0	0	0	0	3
37	75	0	0.284693848	1.47649729	1.82073848	1.46544744	2.67689083	0.856152345	0	0	0	0	0	3
38	77	0	0.292388277	1.47781639	1.81171421	1.46544744	2.67689083	0.865176611	0	0	0	0	0	3
39	79	0	0.300082705	1.47812665	1.80316069	1.46544744	2.67689083	0.873730138	0	0	0	0	0	3
40	81	0	0.307777133	1.47892673	1.79505484	1.46544744	2.67689083	0.881835987	0	0	0	0	0	3
41	83	0	0.315471562	1.4799091	1.78736836	1.46544744	2.67689083	0.889522469	0	0	0	0	0	3
42	85	0	0.32316599	1.48025467	1.78005613	1.46544744	2.67689083	0.896834699	0	0	0	0	0	3
43	87	0	0.330860418	1.48080034	1.77309669	1.46544744	2.67689083	0.903794136	0	0	0	0	0	3
44	88	0	0.338554847	1.4812443	1.76646368	1.46544744	2.67689083	0.910427145	0	0	0	0	0	3
45	90	0	0.346249275	1.48191404	1.76014036	1.46544744	2.67689083	0.916750471	0	0	0	0	0	3
46	92	0	0.353943703	1.48223148	1.75409886	1.46544744	2.67689083	0.922791968	0	0	0	0	0	3
47	94	0	0.361638132	1.4829662	1.74833008	1.46544744	2.67689083	0.928560748	0	0	0	0	0	3
48	96	0	0.36933256	1.48354856	1.7428138	1.46544744	2.67689083	0.934077029	0	0	0	0	0	3
49	98	0	0.377026988	1.48409072	1.73753373	1.46544744	2.67689083	0.939357092	0	0	0	0	0	3
50	100	0	0.384721417	1.48464825	1.73247602	1.46544744	2.67689083	0.944414802	0	0	0	0	0	3
51	102	0	0.392415845	1.48522235	1.72762791	1.46544744	2.67689083	0.949262913	0	0	0	0	0	3
52	104	0	0.400110273	1.48579266	1.72297723	1.46544744	2.67689083	0.953913591	0	0	0	0	0	3
53	105	0	0.407804702	1.48627873	1.71851123	1.46544744	2.67689083	0.9583796	0	0	0	0	0	3
54	107	0	0.41549913	1.48675324	1.71421941	1.46544744	2.67689083	0.962671415	0	0	0	0	0	3
55	109	0	0.423193558	1.48742099	1.7100958	1.46544744	2.67689083	0.966795023	0	0	0	0	0	3
56	111	0	0.430887987	1.48798518	1.70612954	1.46544744	2.67689083	0.970761284	0	0	0	0	0	3
57	113	0	0.438582415	1.48859967	1.70231323	1.46544744	2.67689083	0.974577597	0	0	0	0	0	3
58	115	0	0.446276843	1.48934099	1.69864129	1.46544744	2.67689083	0.978249532	0	0	0	0	0	3
59	117	0	0.453971272	1.48988423	1.69510304	1.46544744	2.67689083	0.981787788	0	0	0	0	0	3
60	119	0	0.4616657	1.49051709	1.69169327	1.46544744	2.67689083	0.985197554	0	0	0	0	0	3
61	121	0	0.469360128	1.49122386	1.68840689	1.46544744	2.67689083	0.988483937	0	0	0	0	0	3
62	122	0	0.477054557	1.49208865	1.68524047	1.46544744	2.67689083	0.991650361	0	0	0	0	0	3
63	124	0	0.484748985	1.49259933	1.68218267	1.46544744	2.67689083	0.994708156	0	0	0	0	0	3
64	126	0	0.492443413	1.49326016	1.67923076	1.46544744	2.67689083	0.997660071	0	0	0	0	0	3
65	128	0	0.500137842	1.49419168	1.676384	1.46544744	2.67689083	1.00050683	0	0	0	0	0	3
66	130	0	0.50783227	1.49479527	1.65819791	1.46544744	2.60872511	0.984610053	0	0	0	0	0	3
67	132	0	0.515526698	1.49596835	1.64107858	1.46544744	2.5425767	0.968318966	0	0	0	0	0	3
68	133	0	0.523221127	1.49708382	1.62499407	1.46544744	2.48980602	0.954505591	0	0	0	0	0	3
69	135	0	0.530915555	1.49815974	1.60973798	1.46544744	2.43018669	0.939899093	0	0	0	0	0	3
70	137	0	0.538609983	1.49943864	1.59541878	1.46544744	2.34893648	0.883489033	0	0	0	0	0	3
71	139	0	0.546304412	1.50120015	1.58237668	1.46544744	2.26203229	0.796584841	0	0	0	0	0	3
72	141	0	0.55399884	1.50208051	1.57068511	1.46544744	2.18110271	0.715655265	0	0	0	0	0	3
73	142	0	0.561693268	1.50446086	1.56027524	1.46544744	2.10566815	0.640220702	0	0	0	0	0	3
74	144	0	0.569387697	1.50576719	1.55104599	1.46544744	2.03348476	0.568037311	0	0	0	0	0	3
75	146	0	0.577082125	1.50732949	1.5429513	1.46544744	1.93908812	0.473640672	0	0	0	0	0	3
76	148	0	0.584776553	1.5083803	1.53632502	1.46544744	1.85767417	0.392226728	0	0	0	0	0	3
77	150	0	0.592470982	1.50972088	1.5309719	1.46544744	1.80558613	0.340138685	0	0	0	0	0	3
78	152	0	0.60016541	1.51073773	1.52643577	1.46544744	1.78643399	0.320986541	0	0	0	0	0	3
79	154	0	0.607859838	1.51216918	1.52221631	1.46544744	1.76678685	0.301339405	0	0	0	0	0	3
80	155	0	0.615554267	1.51341435	1.51831827	1.46544744	1.73811854	0.272671095	0	0	0	0	0	3
81	157	0	0.623248695	1.51493969	1.51488475	1.46544744	1.71165152	0.246204079	0	0	0	0	0	3
82	159	0	0.630943123	1.51603047	1.51187519	1.46544744	1.6862382	0.220790756	0	0	0	0	0	3
83	161	0	0.638637552	1.51749982	1.50927922	1.46544744	1.6632033	0.197755853	0	0	0	0	0	3
84	163	0	0.64633198	1.51859365	1.50705445	1.46544744	1.64099383	0.175546385	0	0	0	0	0	3
85	165	0	0.654026408	1.51998198	1.50519273	1.46544744	1.61128185	0.145834403	0	0	0	0	0	3
86	166	0	0.661720837	1.52101487	1.50380401	1.46544744	1.59791199	0.132464546	0	0	0	0	0	3
87	168	0	0.669415265	1.52214723	1.5028551	1.46544744	1.59791199	0.132464546	0	0	0	0	0	3
88	170	0	0.677109693	1.52290802	1.50225734	1.46544744	1.59791199	0.132464546	0	0	0	0	0	3
89	172	0	0.684804122	1.52399184	1.50136315	1.46544744	1.59791199	0.132464546	0	0	0	0	0	3
90	174	0	0.69249855	1.52467423	1.50023641	1.46544744	1.59445333	0.12900589	0	0	0	0	0	3
91	175	0	0.700192978	1.52496909	1.49916742	1.46544744	1.58384847	0.11840103	0	0	0	0	0	3
92	177	0	0.707887407	1.52624687	1.49828124	1.46544744	1.57005003	0.10460259	0	0	0	0	0	3
93	179	0	0.715581835	1.5261641	1.49760608	1.46544744	1.55825247	0.092805028	0	0	0	0	0	3
94	181	0	0.723276263	1.52737531	1.49713104	1.46544744	1.52737531	0.0619278628	0	0	0	0	0	3
95	183	0	0.730970692	1.52662864	1.49718084	1.46544744	1.52737531	0.0619278628	0	0	0	0	0	3
96	184	0	0.73866512	1.52839505	1.49789401	1.46544744	1.52839505	0.0629476023	0	0	0	0	0	3
97	186	0	0.746359548	1.52803263	1.49885685	1.47169441	1.52839505	0.056700639	0	0	0	0	0	3
98	188	0	0.754053977	1.52944654	1.49974535	1.47592059	1.52944654	0.0535259432	0	0	0	0	0	3
99	190	0	0.761748405	1.52912545	1.50056389	1.47649729	1.52944654	0.0529492474	0	0	0	0	0	3
100	192	0	0.769442833	1.53047234	1.50138875	1.47649729	1.53047234	0.0539750485	0	0	0	0	0	3
101	196	0	0.777137262	1.52952277	1.50220001	1.47649729	1.53047234	0.0539750485	0	0	0	0	0	3
102	198	0	0.78483169	1.53128624	1.50304292	1.47781639	1.53128624	0.0534698528	0	0	0	0	0	3
103	199	0	0.792526118	1.53080257	1.50385809	1.47812665	1.53128624	0.0531595931	0	0	0	0	0	3
104	201	0	0.800220547	1.5319007	1.50468538	1.47892673	1.5319007	0.0529739656	0	0	0	0	0	3
105	203	0	0.807914975	1.53166098	1.50549668	1.4799091	1.5319007	0.0519916032	0	0	0	0	0	3
106	205	0	0.815609403	1.53276375	1.50630983	1.48025467	1.53276375	0.0525090813	0	0	0	0	0	3
107	206	0	0.823303832	1.53265865	1.50711604	1.48080034	1.53276375	0.0519634085	0	0	0	0	0	3
108	208	0	0.83099826	1.53378058	1.50793112	1.4812443	1.53378058	0.0525362898	0	0	0	0	0	3
109	210	0	0.838692688	1.53364958	1.50873736	1.48191404	1.53378058	0.0518665406	0	0	0	0	0	3
110	212	0	0.846387117	1.53464915	1.50954867	1.48223148	1.53464915	0.0524176716	0	0	0	0	0	3
111	214	0	0.854081545	1.53443518	1.5103518	1.4829662	1.53464915	0.0516829493	0	0	0	0	0	3
112	215	0	0.861775973	1.53538203	1.5111582	1.48354856	1.53538203	0.0518334736	0	0	0	0	0	3
113	217	0	0.869470402	1.53523465	1.51195337	1.48409072	1.53538203	0.0512913076	0	0	0	0	0	3
114	219	0	0.87716483	1.53644546	1.51275882	1.48464825	1.53644546	0.0517972036	0	0	0	0	0	3
115	221	0	0.884859258	1.53632023	1.51355378	1.48522235	1.53644546	0.0512231113	0	0	0	0	0	3
116	222	0	0.892553687	1.53763361	1.51436011	1.48579266	1.53763361	0.051840947	0	0	0	0	0	3
117	224	0	0.900248115	1.53732443	1.5151529	1.48627873	1.53763361	0.0513548819	0	0	0	0	0	3
118	226	0	0.907942543	1.53860158	1.51595787	1.48675324	1.53860158	0.0518483378	0	0	0	0	0	3
119	228	0	0.915636972	1.53798883	1.51674611	1.48742099	1.53860158	0.0511805861	0	0	0	0	0	3
120	229	0	0.9233314	1.53928189	1.51754397	1.48798518	1.53928189	0.051296717	0	0	0	0	0	3
121	231	0	0.931025828	1.53865232	1.51832346	1.48859967	1.53928189	0.0506822212	0	0	0	0	0	3
122	233	0	0.938720257	1.5400787	1.51911545	1.48934099	1.5400787	0.0507377105	0	0	0	0	0	3
123	235	0	0.946414685	1.53953401	1.51988765	1.48988423	1.5400787	0.0501944658	0	0	0	0	0	3
124	236	0	0.954109113	1.54143569	1.52068075	1.49051709	1.54143569	0.0509185962	0	0	0	0	0	3
125	238	0	0.961803542	1.54075942	1.52145371	1.49122386	1.54143569	0.0502118279	0	0	0	0	0	3
126	240	0	0.96949797	1.54270023	1.52224565	1.49208865	1.54270023	0.0506115767	0	0	0	0	0	3
127	242	0	0.977192398	1.54216739	1.52301609	1.49259933	1.54270023	0.0501008935	0	0	0	0	0	3
128	243	0	0.984886827	1.54231267	1.52378091	1.49326016	1.54270023	0.0494400678	0	0	0	0	0	3
129	245	0	0.992581255	1.54263767	1.52454057	1.49419168	1.54270023	0.0485085424	0	0	0	0	0	3
130	247	0	1.00027568	1.54313992	1.52529362	1.49479527	1.54313992	0.0483446555	0.0323138777	0	66.8	0	0	3
131	249	0	1.00797011	1.543678	1.52604566	1.49596835	1.543678	0.0477096549	0.0323138777	0	67.7	0	0	3
132	251	0	1.01566454	1.54416196	1.5267871	1.49708382	1.54416196	0.0470781375	0.0323138777	0	68.6	0	0	3
133	253	0	1.02335897	1.54469394	1.52751956	1.49815974	1.54469394	0.046534195	0.0323138777	0	69.4	0	0	3
134	255	0	1.0310534	1.54491323	1.52823885	1.49943864	1.54491323	0.0454745896	0.0323138777	0	71	0	0	3
135	256	0	1.03874783	1.54532061	1.52894472	1.50120015	1.54532061	0.044120464	0.0323138777	0	73.2	0	0	3
136	258	0	1.04644225	1.54534601	1.52962389	1.50208051	1.54534601	0.0432655018	0.0323138777	0	74.6	0	0	3
137	260	0	1.05413668	1.54568799	1.53029478	1.50446086	1.54568799	0.0412271306	0.0323138777	0	78.3	0	0	3
138	262	0	1.06183111	1.54581691	1.53093102	1.50576719	1.54581691	0.0400497195	0.0323138777	0	80.6	0	0	3
139	263	0	1.06952554	1.54611126	1.5315517	1.50732949	1.54611126	0.0387817742	0.0323138777	0	83.3	0	0	3
140	265	0	1.07721997	1.54652026	1.53215464	1.5083803	1.54652026	0.0381399614	0.0323138777	0	84.7	0	0	3
141	267	0	1.0849144	1.54701955	1.53274909	1.50972088	1.54701955	0.0356180428	0.0323138777	0	90.7	0	0	3
142	269	0	1.09260882	1.54725935	1.5333266	1.51073773	1.54725935	0.0361955577	0.0323138777	0	89.2	0	0	3
143	270	0	1.10030325	1.54772223	1.53389559	1.51216918	1.54772223	0.0355530553	0.0323138777	0	90.8	0	0	3
144	272	0	1.10799768	1.54782219	1.5344441	1.51341435	1.54782219	0.034407843	0.0323138777	0	93.9	0	0	3
145	274	0	1.11569211	1.54817212	1.53497884	1.51493969	1.54817212	0.033232432	0.0323138777	0	97.2	0	0	3
146	276	0	1.12338654	1.54820888	1.53549067	1.51603047	1.54820888	0.0321784099	0.0323138777	0	100	0	0	3
147	277	0	1.13108097	1.54867193	1.53599285	1.51749982	1.54867193	0.0311721124	0.0323138777	0	100	0	0	3
148	279	0	1.13877539	1.54884755	1.53647512	1.51859365	1.54884755	0.0302539037	0.0323138777	0	100	0	0	3
149	282	0	1.14646982	1.54938225	1.53694879	1.51998198	1.54938225	0.0294002716	0.0323138777	0	100	0	0	3
150	283	0	1.15416425	1.54962147	1.53740478	1.52101487	1.54962147	0.0286066069	0.0323138777	0	100	0	0	3
151	285	0	1.16185868	1.55014545	1.53785294	1.52214723	1.55014545	0.0279982212	0.0323138777	0	100	0	0	3
152	287	0	1.16955311	1.55028624	1.53828585	1.52290802	1.55028624	0.0273782197	0.0323138777	0	100	0	0	3
153	288	0	1.17724754	1.5505479	1.53871108	1.52399184	1.5505479	0.0265560612	0.0323138777	0	100	0	0	3
154	290	0	1.18494196	1.55058288	1.53912017	1.52467423	1.55058288	0.0259086426	0.0323138777	0	100	0	0	3
155	292	0	1.19263639	1.55080981	1.53952226	1.52496909	1.55080981	0.0258407224	0.0323138777	0	100	0	0	3
156	295	0	1.20033082	1.55110072	1.53992428	1.5261641	1.55110072	0.0249366238	0.0323138777	0	100	0	0	3
157	296	0	1.20802525	1.55161496	1.54031456	1.5261641	1.55161496	0.0254508593	0.0323138777	0	100	0	0	3
158	298	0	1.21571968	1.55221319	1.54071532	1.52662864	1.55221319	0.0255845498	0.0323138777	0	100	0	0	3
159	300	0	1.22341411	1.55397797	1.54112459	1.52662864	1.55397797	0.027349329	0.0323138777	0	100	0	0	3
160	302	0	1.23110853	1.55291846	1.54152905	1.52803263	1.55397797	0.0259453415	0.0323138777	0	100	0	0	3
161	303	0	1.23880296	1.55474115	1.54193437	1.52803263	1.55474115	0.0267085219	0.0323138777	0	100	0	0	3
162	305	0	1.24649739	1.55358218	1.54232744	1.52912545	1.55474115	0.0256156983	0.0323138777	0	100	0	0	3
163	307	0	1.25419182	1.55511797	1.54272239	1.52912545	1.55511797	0.0259925196	0.0323138777	0	100	0	0	3
164	309	0	1.26188625	1.5539305	1.543104	1.52952277	1.55511797	0.0255952019	0.0323138777	0	100	0	0	3
165	312	0	1.26958068	1.5554912	1.54348891	1.52952277	1.5554912	0.0259684262	0.0323138777	0	100	0	0	3
166	313	0	1.2772751	1.55456366	1.54387415	1.53080257	1.5554912	0.0246886291	0.0323138777	0	100	0	0	3
167	315	0	1.28496953	1.55630331	1.54425903	1.53080257	1.55630331	0.0255007444	0.0323138777	0	100	0	0	3
168	317	0	1.29266396	1.55560733	1.54464064	1.53166098	1.55630331	0.0246423263	0.0323138777	0	100	0	0	3
169	319	0	1.30035839	1.55715163	1.54502912	1.53166098	1.55715163	0.0254906493	0.0323138777	0	100	0	0	3
170	320	0	1.30805282	1.55642297	1.54541007	1.53265865	1.55715163	0.024492982	0.0323138777	0	100	0	0	3
171	322	0	1.31574725	1.55772484	1.54579409	1.53265865	1.55772484	0.025066188	0.0323138777	0	100	0	0	3
172	324	0	1.32344167	1.5565895	1.54616226	1.53364958	1.55772484	0.0240752638	0.0323138777	0	100	0	0	3
173	326	0	1.3311361	1.5579112	1.5465335	1.53364958	1.5579112	0.0242616254	0.0323138777	0	100	0	0	3
174	328	0	1.33883053	1.55721888	1.5468961	1.53443518	1.5579112	0.0234760255	0.0323138777	0	100	0	0	3
175	330	0	1.34652496	1.55842803	1.54726193	1.53443518	1.55842803	0.0239928534	0.0323138777	0	100	0	0	3
176	332	0	1.35421939	1.55776867	1.54762091	1.53523465	1.55842803	0.0231933765	0.0323138777	0	100	0	0	3
177	333	0	1.36191382	1.55915746	1.54798668	1.53523465	1.55915746	0.0239228091	0.0323138777	0	100	0	0	3
178	335	0	1.36960824	1.55829273	1.54834142	1.53632023	1.55915746	0.0228372284	0.0323138777	0	100	0	0	3
179	337	0	1.37730267	1.55939508	1.54869449	1.53632023	1.55939508	0.0230748477	0.0323138777	0	100	0	0	3
180	339	0	1.3849971	1.55847749	1.54903538	1.53732443	1.55939508	0.0220706522	0.0323138777	0	100	0	0	3
181	340	0	1.39269153	1.55950266	1.54937182	1.53732443	1.55950266	0.0221782293	0.0323138777	0	100	0	0	3
182	342	0	1.40038596	1.55887854	1.54970342	1.53798883	1.55950266	0.0215138312	0.0323138777	0	100	0	0	3
183	345	0	1.40808039	1.56002654	1.55003304	1.53798883	1.56002654	0.0220377134	0.0323138777	0	100	0	0	3
184	347	0	1.41577481	1.55975839	1.55036796	1.53865232	1.56002654	0.021374219	0.0323138777	0	100	0	0	3
185	348	0	1.42346924	1.56077623	1.55069864	1.53865232	1.56077623	0.0221239065	0.0323138777	0	100	0	0	3
186	350	0	1.43116367	1.560452	1.55103402	1.53953401	1.56077623	0.0212422182	0.0323138777	0	100	0	0	3
187	352	0	1.4388581	1.56108051	1.55135712	1.53953401	1.56108051	0.0215464973	0.0323138777	0	100	0	0	3
188	353	0	1.44655253	1.56066423	1.5516822	1.54075942	1.56108051	0.0203210825	0.0323138777	0	100	0	0	3
189	356	0	1.45424696	1.5612974	1.55198777	1.54075942	1.5612974	0.02053798	0.0323138777	0	100	0	0	3
190	358	0	1.46194138	1.5609602	1.55229855	1.54216739	1.5612974	0.0191300111	0.0323138777	0	100	0	0	3
191	360	0	1.46963581	1.56198266	1.5525952	1.54216739	1.56198266	0.0198152642	0.0323138777	0	100	0	0	3
192	361	0	1.47733024	1.56182117	1.55289757	1.54231267	1.56198266	0.0196699856	0.0323138777	0	100	0	0	3
193	363	0	1.48502467	1.5627274	1.55321164	1.54263767	1.5627274	0.0200897303	0.0323138777	0	100	0	0	3
194	365	0	1.4927191	1.56238311	1.55351542	1.54313992	1.5627274	0.0195874762	0.0323138777	0	100	0	0	3
195	367	0	1.50041353	1.56294026	1.55382004	1.543678	1.56294026	0.0192622615	0.0323138777	0	100	0	0	3
196	368	0	1.50810795	1.56251569	1.55410985	1.54416196	1.56294026	0.0187783049	0.0323138777	0	100	0	0	3
197	371	0	1.51580238	1.56221291	1.55438755	1.54469394	1.56294026	0.018246327	0.0323138777	0	100	0	0	3
198	373	0	1.52349681	1.56245332	1.55466077	1.54491323	1.56294026	0.0180270363	0.0323138777	0	100	0	0	3
199	374	0	1.53119124	1.5624731	1.55493093	1.54532061	1.56294026	0.0176196529	0.0323138777	0	100	0	0	3
200	376	0	1.53888567	1.56315895	1.55520536	1.54534601	1.56315895	0.0178129413	0.0323138777	0	100	0	0	3
201	380	0	1.5465801	1.56337205	1.55548269	1.54568799	1.56337205	0.0176840648	0.0323138777	0	100	0	0	3
202	382	0	1.55427452	1.56422712	1.5557679	1.54581691	1.56422712	0.0184102107	0.0323138777	0	100	0	0	3
203	384	0	1.56196895	1.56415635	1.55605005	1.54611126	1.56422712	0.0181158545	0.0323138777	0	100	0	0	3
204	385	0	1.56966338	1.56475001	1.5563368	1.54652026	1.56475001	0.0182297527	0.0323138777	0	100	0	0	3
205	387	0	1.57735781	1.56444709	1.5566126	1.54701955	1.56475001	0.017730457	0.0323138777	0	100	0	0	3
206	389	0	1.58505224	1.5647477	1.55688534	1.54725935	1.56475001	0.017490666	0.0323138777	0	100	0	0	3
207	391	0	1.59274667	1.56442376	1.55714941	1.54772223	1.56475001	0.0170277804	0.0323138777	0	100	0	0	3
208	392	0	1.60044109	1.56493779	1.55741426	1.54782219	1.56493779	0.0171155976	0.0323138777	0	100	0	0	3
209	394	0	1.60813552	1.56472545	1.55767431	1.54817212	1.56493779	0.0167656712	0.0323138777	0	100	0	0	3
210	396	0	1.61582995	1.56542112	1.55793968	1.54820888	1.56542112	0.0172122358	0.0323138777	0	100	0	0	3
211	398	0	1.62352438	1.56553565	1.55820624	1.54867193	1.56553565	0.0168637253	0.0323138777	0	100	0	0	3
212	400	0	1.63121881	1.56586408	1.55847074	1.54884755	1.56586408	0.0170165304	0.0323138777	0	100	0	0	3
213	402	0	1.63891324	1.56599748	1.55873458	1.54938225	1.56599748	0.0166152332	0.0323138777	0	100	0	0	3
214	404	0	1.64660766	1.56608105	1.55899149	1.54962147	1.56608105	0.0164595788	0.0323138777	0	100	0	0	3
215	405	0	1.65430209	1.56571868	1.55923914	1.55014545	1.56608105	0.015935598	0.0323138777	0	100	0	0	3
216	407	0	1.66199652	1.56610694	1.5594847	1.55028624	1.56610694	0.015820705	0.0323138777	0	100	0	0	3
217	409	0	1.66969095	1.56597344	1.55972604	1.5505479	1.56610694	0.0155590434	0.0323138777	0	100	0	0	3
218	411	0	1.67738538	1.5666931	1.55997443	1.55058288	1.5666931	0.0161102251	0.0323138777	0	100	0	0	3
219	412	0	1.68507981	1.56687275	1.56022504	1.55080981	1.56687275	0.0160629349	0.0323138777	0	100	0	0	3
220	415	0	1.69277423	1.56772104	1.56048522	1.55110072	1.56772104	0.0166203155	0.0323138777	0	100	0	0	3
221	417	0	1.70046866	1.56780378	1.56074219	1.55161496	1.56780378	0.0161888234	0.0323138777	0	100	0	0	3
222	419	0	1.70816309	1.56850657	1.56100206	1.55221319	1.56850657	0.0162933796	0.0323138777	0	100	0	0	3
223	420	0	1.71585752	1.5683458	1.56125025	1.55291846	1.56850657	0.0155881055	0.0323138777	0	100	0	0	3
224	422	0	1.72355195	1.56878723	1.56147809	1.55291846	1.56878723	0.0158687651	0.0323138777	0	100	0	0	3
225	424	0	1.73124638	1.56847836	1.56171747	1.55358218	1.56878723	0.0152050542	0.0323138777	0	100	0	0	3
226	426	0	1.7389408	1.56889106	1.56193516	1.55358218	1.56889106	0.0153088818	0.0323138777	0	100	0	0	3
227	427	0	1.74663523	1.56882066	1.5621696	1.5539305	1.56889106	0.0149605585	0.0323138777	0	100	0	0	3
228	429	0	1.75432966	1.56951984	1.56239116	1.5539305	1.56951984	0.0155893369	0.0323138777	0	100	0	0	3
229	431	0	1.76202409	1.56954058	1.56263132	1.55456366	1.56954058	0.0149769288	0.0323138777	0	100	0	0	3
230	433	0	1.76971852	1.570063	1.5628555	1.55456366	1.570063	0.0154993437	0.0323138777	0	100	0	0	3
231	435	0	1.77741295	1.56975248	1.56308918	1.55560733	1.570063	0.0144556694	0.0323138777	0	100	0	0	3
232	437	0	1.78510737	1.56997063	1.56329944	1.55560733	1.570063	0.0144556694	0.0323138777	0	100	0	0	3
233	439	0	1.7928018	1.5695342	1.5635137	1.55642297	1.570063	0.0136400276	0.0323138777	0	100	0	0	3
234	440	0	1.80049623	1.56987873	1.5637095	1.55642297	1.570063	0.0136400276	0.0323138777	0	100	0	0	3
235	442	0	1.80819066	1.56975067	1.56391454	1.5565895	1.570063	0.0134734962	0.0323138777	0	100	0	0	3
236	444	0	1.81588509	1.57045737	1.56411043	1.5565895	1.57045737	0.0138678704	0.0323138777	0	100	0	0	3
237	445	0	1.82357952	1.570409	1.56432304	1.55721888	1.57045737	0.0132384964	0.0323138777	0	100	0	0	3
238	447	0	1.83127394	1.57090862	1.564523	1.55721888	1.57090862	0.0136897456	0.0323138777	0	100	0	0	3
239	449	0	1.83896837	1.5705313	1.5647278	1.55776867	1.57090862	0.0131399535	0.0323138777	0	100	0	0	3
240	451	0	1.8466628	1.57078441	1.5649179	1.55776867	1.57090862	0.0131399535	0.0323138777	0	100	0	0	3
241	452	0	1.85435723	1.57046821	1.56511328	1.55829273	1.57090862	0.0126158935	0.0323138777	0	100	0	0	3
242	454	0	1.86205166	1.57108317	1.56529675	1.55829273	1.57108317	0.0127904354	0.0323138777	0	100	0	0	3
243	456	0	1.86974609	1.57111349	1.56549399	1.55847749	1.57111349	0.0126359987	0.0323138777	0	100	0	0	3
244	458	0	1.87744051	1.57194031	1.565687	1.55847749	1.57194031	0.013462823	0.0323138777	0	100	0	0	3
245	460	0	1.88513494	1.57201581	1.56589528	1.55887854	1.57201581	0.0131372633	0.0323138777	0	100	0	0	3
246	462	0	1.89282937	1.57264815	1.56609752	1.55887854	1.57264815	0.0137696103	0.0323138777	0	100	0	0	3
247	464	0	1.9005238	1.57235048	1.56630478	1.55975839	1.57264815	0.0128897673	0.0323138777	0	100	0	0	3
248	466	0	1.90821823	1.57263278	1.56649872	1.55975839	1.57264815	0.0128897673	0.0323138777	0	100	0	0	3
249	468	0	1.91591266	1.57225766	1.56669102	1.560452	1.57264815	0.0121961591	0.0323138777	0	100	0	0	3
250	469	0	1.92360708	1.57278038	1.5668757	1.560452	1.57278038	0.0123283802	0.0323138777	0	100	0	0	3
251	471	0	1.93130151	1.57274775	1.56706486	1.56066423	1.57278038	0.0121161493	0.0323138777	0	100	0	0	3
252	473	0	1.93899594	1.57346704	1.56725542	1.56066423	1.57346704	0.0128028145	0.0323138777	0	100	0	0	3
253	475	0	1.94669037	1.57341288	1.56745156	1.5609602	1.57346704	0.0125068372	0.0323138777	0	100	0	0	3
254	476	0	1.9543848	1.5738863	1.56764523	1.5609602	1.5738863	0.0129261008	0.0323138777	0	100	0	0	3
255	478	0	1.96207923	1.57344629	1.56783733	1.56182117	1.5738863	0.0120651364	0.0323138777	0	100	0	0	3
256	480	0	1.96977365	1.57353282	1.56801502	1.56182117	1.5738863	0.0120651364	0.0323138777	0	100	0	0	3
257	483	0	1.97746808	1.5728593	1.56818484	1.56221291	1.5738863	0.0116733944	0.0323138777	0	100	0	0	3
258	484	0	1.98516251	1.57306187	1.56834383	1.56221291	1.5738863	0.0116733944	0.0323138777	0	100	0	0	3
259	486	0	1.99285694	1.57283632	1.56850465	1.56221291	1.5738863	0.0116733944	0.0323138777	0	100	0	0	3
260	488	0	2.00055137	1.57348528	1.56866688	1.56221291	1.5738863	0.0116733944	0.0323138777	0	100	0	0	3
261	490	0	2.0082458	1.57347296	1.56883545	1.56221291	1.5738863	0.0116733944	0.0323138777	0	100	0	0	3
262	491	0	2.01594022	1.57409698	1.56901829	1.56245332	1.57409698	0.0116436657	0.0323138777	0	100	0	0	3
263	493	0	2.02363465	1.57385835	1.56919375	1.5624731	1.57409698	0.0116238827	0.0323138777	0	100	0	0	3
264	495	0	2.03132908	1.57411001	1.56937278	1.56315895	1.57411001	0.010951052	0.0323138777	0	100	0	0	3
265	497	0	2.03902351	1.57350311	1.56953192	1.56337205	1.57411001	0.0107379509	0.0323138777	0	100	0	0	3
266	499	0	2.04671794	1.57354242	1.56968838	1.56415635	1.57411001	0.00995365872	0.0323138777	0	100	0	0	3
267	500	0	2.05441237	1.57311691	1.56982515	1.56415635	1.57411001	0.00995365872	0.0323138777	0	100	0	0	3
268	502	0	2.06210679	1.5736249	1.56997082	1.56442376	1.57411001	0.00968624088	0.0323138777	0	100	0	0	3
269	504	0	2.06980122	1.57373229	1.57010901	1.56442376	1.57411001	0.00968624088	0.0323138777	0	100	0	0	3
270	506	0	2.07749565	1.57457227	1.57026478	1.56442376	1.57457227	0.0101485093	0.0323138777	0	100	0	0	3
271	508	0	2.08519008	1.57467493	1.57041751	1.56442376	1.57467493	0.0102511705	0.0323138777	0	100	0	0	3
272	510	0	2.09288451	1.5752599	1.57058422	1.56472545	1.5752599	0.0105344499	0.0323138777	0	100	0	0	3
273	511	0	2.10057894	1.57502766	1.57073945	1.56472545	1.5752599	0.0105344499	0.0323138777	0	100	0	0	3
274	513	0	2.10827336	1.57522124	1.57090092	1.56542112	1.5752599	0.00983878388	0.0323138777	0	100	0	0	3
275	515	0	2.11596779	1.57479943	1.5710452	1.56553565	1.5752599	0.00972424907	0.0323138777	0	100	0	0	3
276	517	0	2.12366222	1.57494549	1.57118997	1.56571868	1.5752599	0.00954122422	0.0323138777	0	100	0	0	3
277	518	0	2.13135665	1.5746501	1.57132514	1.56571868	1.5752599	0.00954122422	0.0323138777	0	100	0	0	3
278	520	0	2.13905108	1.57506128	1.57146458	1.56571868	1.5752599	0.00954122422	0.0323138777	0	100	0	0	3
279	522	0	2.14674551	1.5750884	1.57160316	1.56571868	1.5752599	0.00954122422	0.0323138777	0	100	0	0	3
280	524	0	2.15443993	1.57577051	1.5717578	1.56597344	1.57577051	0.00979706888	0.0323138777	0	100	0	0	3
281	526	0	2.16213436	1.57582517	1.57190731	1.56597344	1.57582517	0.00985172367	0.0323138777	0	100	0	0	3
282	527	0	2.16982879	1.57633166	1.57206667	1.5666931	1.57633166	0.00963855502	0.0323138777	0	100	0	0	3
283	529	0	2.17752322	1.57611534	1.57221163	1.56687275	1.57633166	0.00945891101	0.0323138777	0	100	0	0	3
284	531	0	2.18521765	1.57633352	1.57235718	1.56772104	1.57633352	0.00861248974	0.0323138777	0	100	0	0	3
285	533	0	2.19291208	1.57584994	1.57248224	1.56780378	1.57633352	0.00852974642	0.0323138777	0	100	0	0	3
286	535	0	2.2006065	1.57592927	1.57260724	1.5683458	1.57633352	0.00798772814	0.0323138777	0	100	0	0	3
287	536	0	2.20830093	1.57564814	1.57271711	1.5683458	1.57633352	0.00798772814	0.0323138777	0	100	0	0	3
288	538	0	2.21599536	1.5761226	1.57283676	1.56847836	1.57633352	0.00785516933	0.0323138777	0	100	0	0	3
289	540	0	2.22368979	1.57625376	1.57295163	1.56847836	1.57633352	0.00785516933	0.0323138777	0	100	0	0	3
290	542	0	2.23138422	1.57694585	1.5730819	1.56882066	1.57694585	0.00812519148	0.0323138777	0	100	0	0	3
291	544	0	2.23907865	1.57701138	1.57320682	1.56882066	1.57701138	0.00819072302	0.0323138777	0	100	0	0	3
292	546	0	2.24677307	1.57748683	1.57334015	1.56951984	1.57748683	0.00796699061	0.0323138777	0	100	0	0	3
293	547	0	2.2544675	1.57725044	1.57345908	1.5695342	1.57748683	0.00795262975	0.0323138777	0	100	0	0	3
294	549	0	2.26216193	1.57745539	1.57358085	1.5695342	1.57748683	0.00795262975	0.0323138777	0	100	0	0	3
295	551	0	2.26985636	1.57703598	1.57368812	1.5695342	1.57748683	0.00795262975	0.0323138777	0	100	0	0	3
296	553	0	2.27755079	1.57718996	1.57380255	1.5695342	1.57748683	0.00795262975	0.0323138777	0	100	0	0	3
297	554	0	2.28524522	1.57691805	1.57390943	1.5695342	1.57748683	0.00795262975	0.0323138777	0	100	0	0	3
298	556	0	2.29293964	1.57736257	1.57402987	1.56975067	1.57748683	0.00773615794	0.0323138777	0	100	0	0	3
299	558	0	2.30063407	1.57742141	1.57414591	1.56975067	1.57748683	0.00773615794	0.0323138777	0	100	0	0	3
300	560	0	2.3083285	1.57817986	1.57427559	1.570409	1.57817986	0.00777086249	0.0323138777	0	100	0	0	3
301	564	0	2.31602293	1.57817612	1.57439434	1.570409	1.57817986	0.00777086249	0.0323138777	0	100	0	0	3
302	566	0	2.32371736	1.57875074	1.57452267	1.57046821	1.57875074	0.00828252701	0.0323138777	0	100	0	0	3
303	567	0	2.33141179	1.57842626	1.57463833	1.57046821	1.57875074	0.00828252701	0.0323138777	0	100	0	0	3
304	569	0	2.33910621	1.57866345	1.57476344	1.57046821	1.57875074	0.00828252701	0.0323138777	0	100	0	0	3
305	571	0	2.34680064	1.5781886	1.57487735	1.57046821	1.57875074	0.00828252701	0.0323138777	0	100	0	0	3
306	573	0	2.35449507	1.57832445	1.57499821	1.57108317	1.57875074	0.00766757044	0.0323138777	0	100	0	0	3
307	575	0	2.3621895	1.57807846	1.57510583	1.57111349	1.57875074	0.00763724672	0.0323138777	0	100	0	0	3
308	577	0	2.36988393	1.57850645	1.57521957	1.57194031	1.57875074	0.0068104224	0.0323138777	0	100	0	0	3
309	578	0	2.37757836	1.57850905	1.57532063	1.57201581	1.57875074	0.00673492839	0.0323138777	0	100	0	0	3
310	580	0	2.38527278	1.57908745	1.57542942	1.57225766	1.57908745	0.00682978444	0.0323138777	0	100	0	0	3
311	582	0	2.39296721	1.57897122	1.5755267	1.57225766	1.57908745	0.00682978444	0.0323138777	0	100	0	0	3
312	584	0	2.40066164	1.57940481	1.57563523	1.57225766	1.57940481	0.00714715033	0.0323138777	0	100	0	0	3
313	586	0	2.40835607	1.57915399	1.57573556	1.57225766	1.57940481	0.00714715033	0.0323138777	0	100	0	0	3
314	587	0	2.4160505	1.5794697	1.57584651	1.57274775	1.5794697	0.00672194955	0.0323138777	0	100	0	0	3
315	589	0	2.42374493	1.57921742	1.57594554	1.57274775	1.5794697	0.00672194955	0.0323138777	0	100	0	0	3
