Iteration	CPUTime	PhysTime	Travels	Value	AvValue	MinValue	MaxValue	Delta	Criteria	PrevAvRefValue	Progress	CriteriaType	CriteriaVarType	CriteriaPercentage
1	12	0	0.00769442833	101982.83	101982.83	101982.83	101982.83	0	0	0	0	0	0	3
2	13	0	0.0153888567	99929.5228	100956.176	99929.5228	101982.83	1026.65355	0	0	0	0	0	3
3	15	0	0.023083285	99317.4579	100409.937	99317.4579	101982.83	1572.89305	0	0	0	0	0	3
4	17	0	0.0307777133	98982.9712	100053.195	98982.9712	101982.83	1929.63448	0	0	0	0	0	3
5	19	0	0.0384721417	99134.5497	99869.4663	98982.9712	101982.83	2113.36364	0	0	0	0	0	3
6	20	0	0.04616657	99056.738	99734.0116	98982.9712	101982.83	2248.81836	0	0	0	0	0	3
7	22	0	0.0538609983	99112.0174	99645.1553	98982.9712	101982.83	2337.67467	0	0	0	0	0	3
8	24	0	0.0615554267	99113.0656	99578.6441	98982.9712	101982.83	2404.18588	0	0	0	0	0	3
9	25	0	0.069249855	99160.4886	99532.1823	98982.9712	101982.83	2450.6476	0	0	0	0	0	3
10	27	0	0.0769442833	99169.4783	99495.9119	98982.9712	101982.83	2486.918	0	0	0	0	0	3
11	28	0	0.0846387117	99224.7734	99471.263	98982.9712	101982.83	2511.56696	0	0	0	0	0	3
12	30	0	0.09233314	99251.6702	99452.9636	98982.9712	101982.83	2529.86636	0	0	0	0	0	3
13	32	0	0.100027568	99298.1123	99441.0519	98982.9712	101982.83	2541.77799	0	0	0	0	0	3
14	34	0	0.107721997	99316.0647	99432.1243	98982.9712	101982.83	2550.70565	0	0	0	0	0	3
15	35	0	0.115416425	99334.6055	99425.623	98982.9712	101982.83	2557.2069	0	0	0	0	0	3
16	37	0	0.123110853	99344.0306	99420.5235	98982.9712	101982.83	2562.30643	0	0	0	0	0	3
17	39	0	0.130805282	99350.59	99416.4098	98982.9712	101982.83	2566.42016	0	0	0	0	0	3
18	40	0	0.13849971	99362.3772	99413.408	98982.9712	101982.83	2569.42197	0	0	0	0	0	3
19	42	0	0.146194138	99367.1835	99410.9751	98982.9712	101982.83	2571.85484	0	0	0	0	0	3
20	44	0	0.153888567	99376.6686	99409.2598	98982.9712	101982.83	2573.57016	0	0	0	0	0	3
21	46	0	0.161582995	99381.2676	99407.9268	98982.9712	101982.83	2574.90312	0	0	0	0	0	3
22	48	0	0.169277423	99384.595	99406.8663	98982.9712	101982.83	2575.96366	0	0	0	0	0	3
23	50	0	0.176971852	99389.0247	99406.0906	98982.9712	101982.83	2576.73938	0	0	0	0	0	3
24	51	0	0.18466628	99394.8524	99405.6223	98982.9712	101982.83	2577.20763	0	0	0	0	0	3
25	53	0	0.192360708	99394.9567	99405.1957	98982.9712	101982.83	2577.63426	0	0	0	0	0	3
26	55	0	0.200055137	99395.7109	99404.8309	98982.9712	101982.83	2577.99905	0	0	0	0	0	3
27	57	0	0.207749565	99397.9587	99404.5764	98982.9712	101982.83	2578.25358	0	0	0	0	0	3
28	59	0	0.215443993	99400.3661	99404.426	98982.9712	101982.83	2578.40395	0	0	0	0	0	3
29	60	0	0.223138422	99405.2533	99404.4545	98982.9712	101982.83	2578.40395	0	0	0	0	0	3
30	62	0	0.23083285	99406.3019	99404.5161	98982.9712	101982.83	2578.40395	0	0	0	0	0	3
31	64	0	0.238527278	99410.0768	99404.6955	98982.9712	101982.83	2578.40395	0	0	0	0	0	3
32	66	0	0.246221707	99414.4407	99405	98982.9712	101982.83	2578.40395	0	0	0	0	0	3
33	68	0	0.253916135	99422.2315	99405.5222	98982.9712	101982.83	2578.40395	0	0	0	0	0	3
34	70	0	0.261610563	99427.0517	99406.1554	98982.9712	101982.83	2578.40395	0	0	0	0	0	3
35	71	0	0.269304992	99435.0467	99406.9809	98982.9712	101982.83	2578.40395	0	0	0	0	0	3
36	73	0	0.27699942	99443.8058	99408.0038	98982.9712	101982.83	2578.40395	0	0	0	0	0	3
37	75	0	0.284693848	99456.2796	99409.3085	98982.9712	101982.83	2578.40395	0	0	0	0	0	3
38	77	0	0.292388277	99465.6031	99410.79	98982.9712	101982.83	2578.40395	0	0	0	0	0	3
39	79	0	0.300082705	99477.9668	99412.5125	98982.9712	101982.83	2578.40395	0	0	0	0	0	3
40	81	0	0.307777133	99487.5931	99414.3895	98982.9712	101982.83	2578.40395	0	0	0	0	0	3
41	83	0	0.315471562	99498.3186	99416.4365	98982.9712	101982.83	2578.40395	0	0	0	0	0	3
42	85	0	0.32316599	99508.5177	99418.6289	98982.9712	101982.83	2578.40395	0	0	0	0	0	3
43	87	0	0.330860418	99515.8991	99420.891	98982.9712	101982.83	2578.40395	0	0	0	0	0	3
44	88	0	0.338554847	99519.884	99423.1409	98982.9712	101982.83	2578.40395	0	0	0	0	0	3
45	90	0	0.346249275	99520.6224	99425.3071	98982.9712	101982.83	2578.40395	0	0	0	0	0	3
46	92	0	0.353943703	99521.6094	99427.4007	98982.9712	101982.83	2578.40395	0	0	0	0	0	3
47	94	0	0.361638132	99521.7675	99429.4085	98982.9712	101982.83	2578.40395	0	0	0	0	0	3
48	96	0	0.36933256	99521.7482	99431.3322	98982.9712	101982.83	2578.40395	0	0	0	0	0	3
49	98	0	0.377026988	99519.1768	99433.125	98982.9712	101982.83	2578.40395	0	0	0	0	0	3
50	100	0	0.384721417	99518.3865	99434.8302	98982.9712	101982.83	2578.40395	0	0	0	0	0	3
51	102	0	0.392415845	99517.2944	99436.4471	98982.9712	101982.83	2578.40395	0	0	0	0	0	3
52	104	0	0.400110273	99514.7422	99437.9528	98982.9712	101982.83	2578.40395	0	0	0	0	0	3
53	105	0	0.407804702	99511.5153	99439.3408	98982.9712	101982.83	2578.40395	0	0	0	0	0	3
54	107	0	0.41549913	99507.9111	99440.6106	98982.9712	101982.83	2578.40395	0	0	0	0	0	3
55	109	0	0.423193558	99503.3082	99441.7506	98982.9712	101982.83	2578.40395	0	0	0	0	0	3
56	111	0	0.430887987	99500.3843	99442.7976	98982.9712	101982.83	2578.40395	0	0	0	0	0	3
57	113	0	0.438582415	99498.4315	99443.7736	98982.9712	101982.83	2578.40395	0	0	0	0	0	3
58	115	0	0.446276843	99497.6303	99444.7022	98982.9712	101982.83	2578.40395	0	0	0	0	0	3
59	117	0	0.453971272	99497.0431	99445.5893	98982.9712	101982.83	2578.40395	0	0	0	0	0	3
60	119	0	0.4616657	99496.8144	99446.4431	98982.9712	101982.83	2578.40395	0	0	0	0	0	3
61	121	0	0.469360128	99497.8296	99447.2855	98982.9712	101982.83	2578.40395	0	0	0	0	0	3
62	122	0	0.477054557	99499.8917	99448.134	98982.9712	101982.83	2578.40395	0	0	0	0	0	3
63	124	0	0.484748985	99503.2029	99449.0081	98982.9712	101982.83	2578.40395	0	0	0	0	0	3
64	126	0	0.492443413	99505.8535	99449.8963	98982.9712	101982.83	2578.40395	0	0	0	0	0	3
65	128	0	0.500137842	99509.1956	99450.8086	98982.9712	101982.83	2578.40395	0	0	0	0	0	3
66	130	0	0.50783227	99510.5711	99412.7738	98982.9712	99929.5228	946.551689	0	0	0	0	0	3
67	132	0	0.515526698	99513.1514	99406.3681	98982.9712	99521.7675	538.796326	0	0	0	0	0	3
68	133	0	0.523221127	99517.7119	99409.4489	98982.9712	99521.7675	538.796326	0	0	0	0	0	3
69	135	0	0.530915555	99521.8876	99417.74	99056.738	99521.8876	465.040308	0	0	0	0	0	3
70	137	0	0.538609983	99525.9267	99423.7611	99056.738	99525.9267	329.58559	0	0	0	0	0	3
71	139	0	0.546304412	99530.087	99431.0434	99112.0174	99530.087	240.729274	0	0	0	0	0	3
72	141	0	0.55399884	99533.15	99437.5224	99113.0656	99533.15	174.21807	0	0	0	0	0	3
73	142	0	0.561693268	99538.1798	99444.0626	99160.4886	99538.1798	127.756347	0	0	0	0	0	3
74	144	0	0.569387697	99543.2993	99449.952	99169.4783	99543.2993	91.485943	0	0	0	0	0	3
75	146	0	0.577082125	99547.866	99455.7734	99224.7734	99547.866	66.8369874	0	0	0	0	0	3
76	148	0	0.584776553	99551.5263	99460.8003	99251.6702	99551.5263	56.3743448	0	0	0	0	0	3
77	150	0	0.592470982	99555.1702	99465.4696	99298.1123	99555.1702	61.0435761	0	0	0	0	0	3
78	152	0	0.60016541	99558.0249	99469.4682	99316.0647	99558.0249	65.0422303	0	0	0	0	0	3
79	154	0	0.607859838	99561.4842	99473.2439	99334.6055	99561.4842	68.8179146	0	0	0	0	0	3
80	155	0	0.615554267	99563.7556	99476.7693	99344.0306	99563.7556	72.3433005	0	0	0	0	0	3
81	157	0	0.623248695	99567.4417	99480.2064	99350.59	99567.4417	75.7803941	0	0	0	0	0	3
82	159	0	0.630943123	99571.0403	99483.5979	99362.3772	99571.0403	79.1719358	0	0	0	0	0	3
83	161	0	0.638637552	99576.5198	99486.8924	99367.1835	99576.5198	82.4664375	0	0	0	0	0	3
84	163	0	0.64633198	99580.1296	99490.1685	99376.6686	99580.1296	85.7425321	0	0	0	0	0	3
85	165	0	0.654026408	99584.1749	99493.3609	99381.2676	99584.1749	88.9349366	0	0	0	0	0	3
86	166	0	0.661720837	99587.6529	99496.5361	99384.595	99587.6529	92.1100953	0	0	0	0	0	3
87	168	0	0.669415265	99592.3533	99499.7324	99389.0247	99592.3533	95.3063771	0	0	0	0	0	3
88	170	0	0.677109693	99597.7749	99502.9439	99394.8524	99597.7749	98.5179173	0	0	0	0	0	3
89	172	0	0.684804122	99603.9938	99506.1615	99394.9567	99603.9938	101.735476	0	0	0	0	0	3
90	174	0	0.69249855	99608.0855	99509.4404	99395.7109	99608.0855	105.01438	0	0	0	0	0	3
91	175	0	0.700192978	99611.6676	99512.7628	99397.9587	99611.6676	108.33679	0	0	0	0	0	3
92	177	0	0.707887407	99616.8537	99516.1304	99400.3661	99616.8537	111.704405	0	0	0	0	0	3
93	179	0	0.715581835	99622.0575	99519.541	99405.2533	99622.0575	115.086516	0	0	0	0	0	3
94	181	0	0.723276263	99624.7711	99522.9182	99406.3019	99624.7711	118.402132	0	0	0	0	0	3
95	183	0	0.730970692	99628.6402	99526.3388	99410.0768	99628.6402	121.643343	0	0	0	0	0	3
96	184	0	0.73866512	99632.5309	99529.7612	99414.4407	99632.5309	124.761175	0	0	0	0	0	3
97	186	0	0.746359548	99635.8946	99533.1682	99422.2315	99635.8946	127.645991	0	0	0	0	0	3
98	188	0	0.754053977	99640.1583	99536.5209	99427.0517	99640.1583	130.365489	0	0	0	0	0	3
99	190	0	0.761748405	99644.016	99539.8588	99435.0467	99644.016	133.490696	0	0	0	0	0	3
100	192	0	0.769442833	99648.1097	99543.1367	99443.8058	99648.1097	136.768588	0	0	0	0	0	3
101	196	0	0.777137262	99650.7355	99546.3202	99456.2796	99650.7355	139.952121	0	0	0	0	0	3
102	198	0	0.78483169	99654.4692	99549.3693	99465.6031	99654.4692	143.001192	0	0	0	0	0	3
103	199	0	0.792526118	99657.0025	99552.3139	99477.9668	99657.0025	145.945798	0	0	0	0	0	3
104	201	0	0.800220547	99659.4284	99555.1056	99487.5931	99659.4284	148.737516	0	0	0	0	0	3
105	203	0	0.807914975	99663.1923	99557.8071	99496.8144	99663.1923	151.439042	0	0	0	0	0	3
106	205	0	0.815609403	99665.6953	99560.3822	99496.8144	99665.6953	154.014068	0	0	0	0	0	3
107	206	0	0.823303832	99669.1891	99562.854	99496.8144	99669.1891	156.485936	0	0	0	0	0	3
108	208	0	0.83099826	99672.4009	99565.2618	99496.8144	99672.4009	158.893656	0	0	0	0	0	3
109	210	0	0.838692688	99672.9058	99567.6159	99496.8144	99672.9058	161.247838	0	0	0	0	0	3
110	212	0	0.846387117	99676.581	99570.0153	99496.8144	99676.581	163.6472	0	0	0	0	0	3
111	214	0	0.854081545	99679.8398	99572.4496	99496.8144	99679.8398	166.081514	0	0	0	0	0	3
112	215	0	0.861775973	99682.6111	99574.9241	99496.8144	99682.6111	168.556032	0	0	0	0	0	3
113	217	0	0.869470402	99684.3742	99577.4261	99496.8144	99684.3742	171.05797	0	0	0	0	0	3
114	219	0	0.87716483	99686.3259	99579.9976	99496.8144	99686.3259	173.629495	0	0	0	0	0	3
115	221	0	0.884859258	99688.8819	99582.6206	99496.8144	99688.8819	176.252501	0	0	0	0	0	3
116	222	0	0.892553687	99692.4411	99585.3152	99496.8144	99692.4411	178.947065	0	0	0	0	0	3
117	224	0	0.900248115	99695.0835	99588.0897	99496.8144	99695.0835	181.721546	0	0	0	0	0	3
118	226	0	0.907942543	99696.9382	99590.9423	99496.8144	99696.9382	184.574207	0	0	0	0	0	3
119	228	0	0.915636972	99698.0789	99593.868	99496.8144	99698.0789	187.499866	0	0	0	0	0	3
120	229	0	0.9233314	99700.4108	99596.9003	99496.8144	99700.4108	190.532213	0	0	0	0	0	3
121	231	0	0.931025828	99702.2464	99600.0059	99496.8144	99702.2464	193.637785	0	0	0	0	0	3
122	233	0	0.938720257	99703.583	99603.1621	99496.8144	99703.583	196.793962	0	0	0	0	0	3
123	235	0	0.946414685	99707.3294	99606.3882	99496.8144	99707.3294	200.020102	0	0	0	0	0	3
124	236	0	0.954109113	99711.0748	99609.681	99496.8144	99711.0748	203.312898	0	0	0	0	0	3
125	238	0	0.961803542	99710.0563	99612.9616	99497.8296	99711.0748	206.593542	0	0	0	0	0	3
126	240	0	0.96949797	99711.326	99616.2462	99499.8917	99711.326	209.878102	0	0	0	0	0	3
127	242	0	0.977192398	99715.1024	99619.5571	99503.2029	99715.1024	211.899564	0	0	0	0	0	3
128	243	0	0.984886827	99717.5232	99622.8544	99505.8535	99717.5232	211.6697	0	0	0	0	0	3
129	245	0	0.992581255	99717.2818	99626.1071	99509.1956	99717.5232	208.327594	0	0	0	0	0	3
130	247	0	1.00027568	99719.0849	99629.3362	99510.5711	99719.0849	208.513854	22.0834135	0	0	0	0	3
131	249	0	1.00797011	99720.1367	99632.5603	99513.1514	99720.1367	206.985225	22.1149653	0	0	0	0	3
132	251	0	1.01566454	99720.7794	99635.7545	99517.7119	99720.7794	203.067534	22.1246063	0	0	0	0	3
133	253	0	1.02335897	99721.9606	99638.8968	99521.8876	99721.9606	200.072997	22.1396317	0	0	0	0	3
134	255	0	1.0310534	99722.8799	99641.989	99525.9267	99722.8799	196.953158	22.0834135	0	0	0	0	3
135	256	0	1.03874783	99724.9722	99645.0513	99530.087	99724.9722	194.885225	22.0834135	0	0	0	0	3
136	258	0	1.04644225	99725.8574	99648.0631	99533.15	99725.8574	192.707395	22.0834135	0	0	0	0	3
137	260	0	1.05413668	99728.227	99651.0643	99538.1798	99728.227	190.04713	22.0834135	0	0	0	0	3
138	262	0	1.06183111	99728.6799	99653.9951	99543.2993	99728.6799	185.380577	22.0834135	0	0	0	0	3
139	263	0	1.06952554	99730.9659	99656.8822	99547.866	99730.9659	183.099869	22.0834135	0	0	0	0	3
140	265	0	1.07721997	99731.0963	99659.7012	99551.5263	99731.0963	179.569979	22.0834135	0	0	0	0	3
141	267	0	1.0849144	99730.5724	99662.4557	99555.1702	99731.0963	175.926079	22.0834135	0	0	0	0	3
142	269	0	1.09260882	99731.3851	99665.1667	99558.0249	99731.3851	173.360202	22.0834135	0	0	0	0	3
143	270	0	1.10030325	99733.548	99667.8671	99561.4842	99733.548	172.06379	22.0834135	0	0	0	0	3
144	272	0	1.10799768	99734.4391	99670.5279	99563.7556	99734.4391	170.683457	22.0834135	0	0	0	0	3
145	274	0	1.11569211	99735.3411	99673.1677	99567.4417	99735.3411	167.899471	22.0834135	0	0	0	0	3
146	276	0	1.12338654	99737.723	99675.7874	99571.0403	99737.723	166.682702	22.0834135	0	0	0	0	3
147	277	0	1.13108097	99739.5051	99678.3792	99576.5198	99739.5051	162.985266	22.0834135	0	0	0	0	3
148	279	0	1.13877539	99739.8195	99680.8915	99580.1296	99739.8195	159.689921	22.0834135	0	0	0	0	3
149	282	0	1.14646982	99740.6358	99683.3608	99584.1749	99740.6358	156.460905	22.0834135	0	0	0	0	3
150	283	0	1.15416425	99742.8345	99685.8017	99587.6529	99742.8345	155.181628	22.0834135	0	0	0	0	3
151	285	0	1.16185868	99742.1928	99688.1793	99592.3533	99742.8345	150.481171	22.0834135	0	0	0	0	3
152	287	0	1.16955311	99743.7187	99690.508	99597.7749	99743.7187	145.943874	22.0834135	0	0	0	0	3
153	288	0	1.17724754	99745.8562	99692.7861	99603.9938	99745.8562	141.862412	22.0834135	0	0	0	0	3
154	290	0	1.18494196	99746.0794	99694.9721	99608.0855	99746.0794	137.993951	22.0834135	0	0	0	0	3
155	292	0	1.19263639	99746.9182	99697.108	99611.6676	99746.9182	135.250654	22.0834135	0	0	0	0	3
156	295	0	1.20033082	99747.3609	99699.1956	99616.8537	99747.3609	130.507173	22.0834135	0	0	0	0	3
157	296	0	1.20802525	99749.5365	99701.2368	99622.0575	99749.5365	127.478957	22.0834135	0	0	0	0	3
158	298	0	1.21571968	99749.956	99703.2045	99624.7711	99749.956	125.184926	22.0834135	0	0	0	0	3
159	300	0	1.22341411	99751.4241	99705.153	99628.6402	99751.4241	122.783886	22.0834135	0	0	0	0	3
160	302	0	1.23110853	99752.9145	99707.0649	99632.5309	99752.9145	120.383558	22.0834135	0	0	0	0	3
161	303	0	1.23880296	99754.4914	99708.9412	99635.8946	99754.4914	118.596766	22.0834135	0	0	0	0	3
162	305	0	1.24649739	99756.8647	99710.8023	99640.1583	99756.8647	116.706393	22.0834135	0	0	0	0	3
163	307	0	1.25419182	99755.5504	99712.5776	99644.016	99756.8647	112.848707	22.0834135	0	0	0	0	3
164	309	0	1.26188625	99755.3664	99714.2907	99648.1097	99756.8647	108.755017	22.0834135	0	0	0	0	3
165	312	0	1.26958068	99756.9267	99715.9648	99650.7355	99756.9267	106.191217	22.0834135	0	0	0	0	3
166	313	0	1.2772751	99758.2673	99717.6191	99654.4692	99758.2673	103.798077	22.0834135	0	0	0	0	3
167	315	0	1.28496953	99760.7431	99719.2541	99657.0025	99760.7431	103.740549	22.0834135	0	0	0	0	3
168	317	0	1.29266396	99760.7978	99720.8509	99659.4284	99760.7978	101.369397	22.0834135	0	0	0	0	3
169	319	0	1.30035839	99760.7433	99722.4096	99663.1923	99760.7978	97.6054803	22.0834135	0	0	0	0	3
170	320	0	1.30805282	99762.4975	99723.9374	99665.6953	99762.4975	96.8022404	22.0834135	0	0	0	0	3
171	322	0	1.31574725	99763.7945	99725.4466	99669.1891	99763.7945	94.6053961	22.0834135	0	0	0	0	3
172	324	0	1.32344167	99765.1685	99726.9232	99672.4009	99765.1685	92.7675581	22.0834135	0	0	0	0	3
173	326	0	1.3311361	99767.4815	99728.386	99672.9058	99767.4815	94.5757568	22.0834135	0	0	0	0	3
174	328	0	1.33883053	99769.2683	99729.8685	99676.581	99769.2683	92.6873796	22.0834135	0	0	0	0	3
175	330	0	1.34652496	99770.1189	99731.3075	99679.8398	99770.1189	90.2790119	22.0834135	0	0	0	0	3
176	332	0	1.35421939	99772.7813	99732.7374	99682.6111	99772.7813	90.1701329	22.0834135	0	0	0	0	3
177	333	0	1.36191382	99774.5689	99734.1521	99684.3742	99774.5689	90.1947132	22.0834135	0	0	0	0	3
178	335	0	1.36960824	99774.9356	99735.5454	99686.3259	99774.9356	88.6097017	22.0834135	0	0	0	0	3
179	337	0	1.37730267	99776.6942	99736.9357	99688.8819	99776.6942	87.8123334	22.0834135	0	0	0	0	3
180	339	0	1.3849971	99776.4286	99738.2826	99692.4411	99776.6942	84.2530681	22.0834135	0	0	0	0	3
181	340	0	1.39269153	99778.9815	99739.6139	99695.0835	99778.9815	83.8980361	22.0834135	0	0	0	0	3
182	342	0	1.40038596	99780.1864	99740.9232	99696.9382	99780.1864	83.2481379	22.0834135	0	0	0	0	3
183	345	0	1.40808039	99780.823	99742.2138	99698.0789	99780.823	82.7441357	22.0834135	0	0	0	0	3
184	347	0	1.41577481	99781.8866	99743.5031	99700.4108	99781.8866	81.475821	22.0834135	0	0	0	0	3
185	348	0	1.42346924	99783.178	99744.7764	99702.2464	99783.178	80.9315903	22.0834135	0	0	0	0	3
186	350	0	1.43116367	99781.7673	99745.9998	99703.583	99783.178	79.5950254	22.0834135	0	0	0	0	3
187	352	0	1.4388581	99782.0573	99747.2071	99707.3294	99783.178	75.8486088	22.0834135	0	0	0	0	3
188	353	0	1.44655253	99782.9086	99748.3699	99710.0563	99783.178	73.1217514	22.0834135	0	0	0	0	3
189	356	0	1.45424696	99781.8392	99749.4586	99710.0563	99783.178	73.1217514	22.0834135	0	0	0	0	3
190	358	0	1.46194138	99782.388	99750.5714	99711.326	99783.178	71.8519798	22.0834135	0	0	0	0	3
191	360	0	1.46963581	99785.2446	99751.7086	99715.1024	99785.2446	70.1421125	22.0834135	0	0	0	0	3
192	361	0	1.47733024	99785.9268	99752.7982	99717.2818	99785.9268	68.6449808	22.0834135	0	0	0	0	3
193	363	0	1.48502467	99787.7826	99753.8791	99717.2818	99787.7826	70.5008209	22.0834135	0	0	0	0	3
194	365	0	1.4927191	99788.6281	99754.9767	99719.0849	99788.6281	69.5431403	22.0834135	0	0	0	0	3
195	367	0	1.50041353	99788.5127	99756.0449	99720.1367	99788.6281	68.4914151	22.0834135	0	0	0	0	3
196	368	0	1.50810795	99789.1502	99757.1066	99720.7794	99789.1502	68.370817	22.0834135	0	0	0	0	3
197	371	0	1.51580238	99791.7427	99758.1983	99721.9606	99791.7427	69.7821134	22.0834135	0	0	0	0	3
198	373	0	1.52349681	99793.6997	99759.302	99722.8799	99793.6997	70.8198155	22.0834135	0	0	0	0	3
199	374	0	1.53119124	99793.8981	99760.3946	99724.9722	99793.8981	68.92589	22.0834135	0	0	0	0	3
200	376	0	1.53888567	99794.9009	99761.4704	99725.8574	99794.9009	69.0435071	22.0834135	0	0	0	0	3
201	380	0	1.5465801	99795.5614	99762.5428	99728.227	99795.5614	67.3344139	22.0834135	0	0	0	0	3
202	382	0	1.55427452	99798.5215	99763.6243	99728.6799	99798.5215	69.8416167	22.0834135	0	0	0	0	3
203	384	0	1.56196895	99799.3251	99764.7111	99730.5724	99799.3251	68.7527445	22.0834135	0	0	0	0	3
204	385	0	1.56966338	99799.2301	99765.7613	99730.5724	99799.3251	68.7527445	22.0834135	0	0	0	0	3
205	387	0	1.57735781	99799.0544	99766.8068	99730.5724	99799.3251	68.7527445	22.0834135	0	0	0	0	3
206	389	0	1.58505224	99801.5768	99767.8992	99731.3851	99801.5768	70.1917517	22.0834135	0	0	0	0	3
207	391	0	1.59274667	99802.7869	99768.9977	99733.548	99802.7869	69.2388731	22.0834135	0	0	0	0	3
208	392	0	1.60044109	99803.8991	99770.08	99734.4391	99803.8991	69.4600057	22.0834135	0	0	0	0	3
209	394	0	1.60813552	99803.5601	99771.1434	99735.3411	99803.8991	68.5579365	22.0834135	0	0	0	0	3
210	396	0	1.61582995	99806.0906	99772.2319	99737.723	99806.0906	68.3676685	22.0834135	0	0	0	0	3
211	398	0	1.62352438	99808.4232	99773.3196	99739.5051	99808.4232	68.9181188	22.0834135	0	0	0	0	3
212	400	0	1.63121881	99809.0986	99774.3902	99739.8195	99809.0986	69.2790378	22.0834135	0	0	0	0	3
213	402	0	1.63891324	99810.4055	99775.4762	99740.6358	99810.4055	69.7697204	22.0834135	0	0	0	0	3
214	404	0	1.64660766	99810.4501	99776.5503	99742.1928	99810.4501	68.2572752	22.0834135	0	0	0	0	3
215	405	0	1.65430209	99810.7334	99777.5949	99742.1928	99810.7334	68.5405765	22.0834135	0	0	0	0	3
216	407	0	1.66199652	99810.7085	99778.6489	99743.7187	99810.7334	67.0146683	22.0834135	0	0	0	0	3
217	409	0	1.66969095	99811.4397	99779.6908	99745.8562	99811.4397	65.583525	22.0834135	0	0	0	0	3
218	411	0	1.67738538	99812.7861	99780.7205	99746.0794	99812.7861	66.7067119	22.0834135	0	0	0	0	3
219	412	0	1.68507981	99813.5525	99781.7585	99746.9182	99813.5525	66.6342665	22.0834135	0	0	0	0	3
220	415	0	1.69277423	99814.2333	99782.7942	99747.3609	99814.2333	66.8723796	22.0834135	0	0	0	0	3
221	417	0	1.70046866	99814.6559	99783.8295	99749.5365	99814.6559	65.1193575	22.0834135	0	0	0	0	3
222	419	0	1.70816309	99815.3752	99784.8424	99749.956	99815.3752	65.4191933	22.0834135	0	0	0	0	3
223	420	0	1.71585752	99816.2306	99785.862	99751.4241	99816.2306	64.8065488	22.0834135	0	0	0	0	3
224	422	0	1.72355195	99815.9376	99786.8545	99752.9145	99816.2306	63.3161485	22.0834135	0	0	0	0	3
225	424	0	1.73124638	99816.9123	99787.8391	99754.4914	99816.9123	62.4209219	22.0834135	0	0	0	0	3
226	426	0	1.7389408	99817.5245	99788.8088	99755.3664	99817.5245	62.1581096	22.0834135	0	0	0	0	3
227	427	0	1.74663523	99819.7328	99789.776	99755.3664	99819.7328	64.3663564	22.0834135	0	0	0	0	3
228	429	0	1.75432966	99819.8529	99790.7653	99755.3664	99819.8529	64.486467	22.0834135	0	0	0	0	3
229	431	0	1.76202409	99820.8688	99791.773	99756.9267	99820.8688	63.9420364	22.0834135	0	0	0	0	3
230	433	0	1.76971852	99821.7325	99792.77	99758.2673	99821.7325	63.4652384	22.0834135	0	0	0	0	3
231	435	0	1.77741295	99819.72	99793.7155	99760.7431	99821.7325	60.9894632	22.0834135	0	0	0	0	3
232	437	0	1.78510737	99819.8771	99794.6252	99760.7433	99821.7325	60.989244	22.0834135	0	0	0	0	3
233	439	0	1.7928018	99822.2168	99795.5701	99760.7433	99822.2168	61.473473	22.0834135	0	0	0	0	3
234	440	0	1.80049623	99821.9299	99796.5114	99762.4975	99822.2168	59.7192646	22.0834135	0	0	0	0	3
235	442	0	1.80819066	99820.6825	99797.4066	99763.7945	99822.2168	58.4222755	22.0834135	0	0	0	0	3
236	444	0	1.81588509	99822.8488	99798.3151	99765.1685	99822.8488	57.6803293	22.0834135	0	0	0	0	3
237	445	0	1.82357952	99823.2656	99799.2089	99767.4815	99823.2656	55.7840544	22.0834135	0	0	0	0	3
238	447	0	1.83127394	99823.3853	99800.069	99769.2683	99823.3853	54.1169764	22.0834135	0	0	0	0	3
239	449	0	1.83896837	99824.1641	99800.9135	99770.1189	99824.1641	54.0452334	22.0834135	0	0	0	0	3
240	451	0	1.8466628	99824.0327	99801.743	99772.7813	99824.1641	51.3828317	22.0834135	0	0	0	0	3
241	452	0	1.85435723	99826.0221	99802.5621	99774.5689	99826.0221	51.4531807	22.0834135	0	0	0	0	3
242	454	0	1.86205166	99829.0815	99803.4007	99774.9356	99829.0815	54.1458733	22.0834135	0	0	0	0	3
243	456	0	1.86974609	99829.5553	99804.241	99776.4286	99829.5553	53.1267769	22.0834135	0	0	0	0	3
244	458	0	1.87744051	99829.4214	99805.0522	99776.4286	99829.5553	53.1267769	22.0834135	0	0	0	0	3
245	460	0	1.88513494	99830.7838	99805.8885	99778.9815	99830.7838	51.8022559	22.0834135	0	0	0	0	3
246	462	0	1.89282937	99831.6631	99806.6989	99780.1864	99831.6631	51.4767911	22.0834135	0	0	0	0	3
247	464	0	1.9005238	99832.9967	99807.5114	99780.823	99832.9967	52.1736948	22.0834135	0	0	0	0	3
248	466	0	1.90821823	99834.4973	99808.3372	99781.7673	99834.4973	52.7299846	22.0834135	0	0	0	0	3
249	468	0	1.91591266	99833.5389	99809.1318	99781.7673	99834.4973	52.7299846	22.0834135	0	0	0	0	3
250	469	0	1.92360708	99835.7498	99809.9406	99781.7673	99835.7498	53.9825277	22.0834135	0	0	0	0	3
251	471	0	1.93130151	99836.769	99810.7868	99781.8392	99836.769	54.9297873	22.0834135	0	0	0	0	3
252	473	0	1.93899594	99838.4366	99811.6542	99781.8392	99838.4366	56.5974692	22.0834135	0	0	0	0	3
253	475	0	1.94669037	99839.0691	99812.5182	99781.8392	99839.0691	57.2299859	22.0834135	0	0	0	0	3
254	476	0	1.9543848	99839.7155	99813.4086	99782.388	99839.7155	57.327518	22.0834135	0	0	0	0	3
255	478	0	1.96207923	99838.7399	99814.2755	99785.2446	99839.7155	54.4709485	22.0834135	0	0	0	0	3
256	480	0	1.96977365	99838.453	99815.0941	99785.9268	99839.7155	53.7887471	22.0834135	0	0	0	0	3
257	483	0	1.97746808	99838.1162	99815.897	99787.7826	99839.7155	51.932907	22.0834135	0	0	0	0	3
258	484	0	1.98516251	99837.8292	99816.667	99788.5127	99839.7155	51.2027598	22.0834135	0	0	0	0	3
259	486	0	1.99285694	99839.3143	99817.4468	99788.5127	99839.7155	51.2027598	22.0834135	0	0	0	0	3
260	488	0	2.00055137	99839.9225	99818.2377	99789.1502	99839.9225	50.7723242	22.0834135	0	0	0	0	3
261	490	0	2.0082458	99840.1024	99819.0216	99791.7427	99840.1024	48.3597245	22.0834135	0	0	0	0	3
262	491	0	2.01594022	99839.612	99819.758	99793.6997	99840.1024	46.4027228	22.0834135	0	0	0	0	3
263	493	0	2.02363465	99839.7838	99820.467	99793.8981	99840.1024	46.2042684	22.0834135	0	0	0	0	3
264	495	0	2.03132908	99839.6121	99821.1703	99794.9009	99840.1024	45.2014664	22.0834135	0	0	0	0	3
265	497	0	2.03902351	99839.196	99821.8518	99795.5614	99840.1024	44.5410167	22.0834135	0	0	0	0	3
266	499	0	2.04671794	99839.0356	99822.5206	99798.5215	99840.1024	41.5809281	22.0834135	0	0	0	0	3
267	500	0	2.05441237	99837.3842	99823.1185	99799.0544	99840.1024	41.0480125	22.0834135	0	0	0	0	3
268	502	0	2.06210679	99840.1695	99823.7469	99799.0544	99840.1695	41.1151156	22.0834135	0	0	0	0	3
269	504	0	2.06980122	99841.651	99824.3995	99799.0544	99841.651	42.5966126	22.0834135	0	0	0	0	3
270	506	0	2.07749565	99841.3495	99825.0502	99801.5768	99841.651	40.0741884	22.0834135	0	0	0	0	3
271	508	0	2.08519008	99840.9061	99825.6553	99802.7869	99841.651	38.8641154	22.0834135	0	0	0	0	3
272	510	0	2.09288451	99840.6213	99826.2373	99803.5601	99841.651	38.0908612	22.0834135	0	0	0	0	3
273	511	0	2.10057894	99840.0407	99826.7933	99803.5601	99841.651	38.0908612	22.0834135	0	0	0	0	3
274	513	0	2.10827336	99841.584	99827.3783	99806.0906	99841.651	35.5603777	22.0834135	0	0	0	0	3
275	515	0	2.11596779	99842.4968	99827.9384	99808.4232	99842.4968	34.0736037	22.0834135	0	0	0	0	3
276	517	0	2.12366222	99841.4854	99828.4471	99809.0986	99842.4968	33.3982047	22.0834135	0	0	0	0	3
277	518	0	2.13135665	99839.903	99828.921	99810.4055	99842.4968	32.0912424	22.0834135	0	0	0	0	3
278	520	0	2.13905108	99841.9321	99829.406	99810.4501	99842.4968	32.0466934	22.0834135	0	0	0	0	3
279	522	0	2.14674551	99844.2194	99829.9255	99810.7085	99844.2194	33.510889	22.0834135	0	0	0	0	3
280	524	0	2.15443993	99847.1238	99830.4854	99810.7085	99847.1238	36.415267	22.0834135	0	0	0	0	3
281	526	0	2.16213436	99846.3866	99831.0343	99811.4397	99847.1238	35.6840997	22.0834135	0	0	0	0	3
282	527	0	2.16982879	99844.0704	99831.5363	99812.7861	99847.1238	34.3376774	22.0834135	0	0	0	0	3
283	529	0	2.17752322	99845.1703	99832.0345	99813.5525	99847.1238	33.5713253	22.0834135	0	0	0	0	3
284	531	0	2.18521765	99845.4527	99832.5253	99814.2333	99847.1238	32.8905435	22.0834135	0	0	0	0	3
285	533	0	2.19291208	99846.3569	99833.0195	99814.6559	99847.1238	32.4679391	22.0834135	0	0	0	0	3
286	535	0	2.2006065	99846.1057	99833.5033	99815.3752	99847.1238	31.7486226	22.0834135	0	0	0	0	3
287	536	0	2.20830093	99845.3764	99833.9649	99815.9376	99847.1238	31.1862443	22.0834135	0	0	0	0	3
288	538	0	2.21599536	99846.6447	99834.4328	99815.9376	99847.1238	31.1862443	22.0834135	0	0	0	0	3
289	540	0	2.22368979	99847.2306	99834.9142	99816.9123	99847.2306	30.3183479	22.0834135	0	0	0	0	3
290	542	0	2.23138422	99848.7451	99835.404	99817.5245	99848.7451	31.2205643	22.0834135	0	0	0	0	3
291	544	0	2.23907865	99848.0281	99835.8733	99819.72	99848.7451	29.0250469	22.0834135	0	0	0	0	3
292	546	0	2.24677307	99850.2644	99836.343	99819.72	99850.2644	30.5443734	22.0834135	0	0	0	0	3
293	547	0	2.2544675	99850.5993	99836.816	99819.72	99850.5993	30.879213	22.0834135	0	0	0	0	3
294	549	0	2.26216193	99848.6436	99837.2433	99819.72	99850.5993	30.879213	22.0834135	0	0	0	0	3
295	551	0	2.26985636	99847.3273	99837.6371	99819.72	99850.5993	30.879213	22.0834135	0	0	0	0	3
296	553	0	2.27755079	99848.3731	99838.0779	99819.8771	99850.5993	30.722122	22.0834135	0	0	0	0	3
297	554	0	2.28524522	99849.0903	99838.5273	99820.6825	99850.5993	29.9168043	22.0834135	0	0	0	0	3
298	556	0	2.29293964	99849.9479	99838.9539	99820.6825	99850.5993	29.9168043	22.0834135	0	0	0	0	3
299	558	0	2.30063407	99851.0093	99839.4013	99820.6825	99851.0093	30.3268683	22.0834135	0	0	0	0	3
300	560	0	2.3083285	99850.7787	99839.8643	99822.8488	99851.0093	28.1605008	22.0834135	0	0	0	0	3
301	564	0	2.31602293	99851.9874	99840.3126	99823.2656	99851.9874	28.7218262	22.0834135	0	0	0	0	3
302	566	0	2.32371736	99853.54	99840.7784	99823.3853	99853.54	30.154719	22.0834135	0	0	0	0	3
303	567	0	2.33141179	99852.6474	99841.2286	99824.0327	99853.54	29.5072802	22.0834135	0	0	0	0	3
304	569	0	2.33910621	99851.8404	99841.6544	99824.0327	99853.54	29.5072802	22.0834135	0	0	0	0	3
305	571	0	2.34680064	99852.0286	99842.0851	99826.0221	99853.54	27.5179437	22.0834135	0	0	0	0	3
306	573	0	2.35449507	99852.294	99842.4893	99829.0815	99853.54	24.4585144	22.0834135	0	0	0	0	3
307	575	0	2.3621895	99852.5669	99842.8506	99829.4214	99853.54	24.1185755	22.0834135	0	0	0	0	3
308	577	0	2.36988393	99852.5305	99843.204	99829.4214	99853.54	24.1185755	22.0834135	0	0	0	0	3
309	578	0	2.37757836	99852.646	99843.5613	99830.7838	99853.54	22.7562455	22.0834135	0	0	0	0	3
310	580	0	2.38527278	99855.6237	99843.9435	99831.6631	99855.6237	23.9605856	22.0834135	0	0	0	0	3
311	582	0	2.39296721	99857.7683	99844.3451	99832.9967	99857.7683	24.7715432	22.0834135	0	0	0	0	3
312	584	0	2.40066164	99858.7589	99844.7414	99833.5389	99858.7589	25.2199389	22.0834135	0	0	0	0	3
313	586	0	2.40835607	99856.8118	99845.0847	99833.5389	99858.7589	25.2199389	22.0834135	0	0	0	0	3
314	587	0	2.4160505	99855.6532	99845.425	99835.7498	99858.7589	23.0090473	22.0834135	0	0	0	0	3
315	589	0	2.42374493	99854.8495	99845.7188	99836.769	99858.7589	21.9899144	22.0834135	0	0	0	0	3
