Iteration	CPUTime	PhysTime	Travels	Value	AvValue	MinValue	MaxValue	Delta	Criteria	PrevAvRefValue	Progress	CriteriaType	CriteriaVarType	CriteriaPercentage
1	12	0	0.00769442833	2.77104007	2.77104007	2.77104007	2.77104007	0	0	0	0	0	0	3
2	13	0	0.0153888567	2.77104007	2.77104007	2.77104007	2.77104007	0	0	0	0	0	0	3
3	15	0	0.023083285	2.77104007	2.77104007	2.77104007	2.77104007	0	0	0	0	0	0	3
4	17	0	0.0307777133	2.77104007	2.77104007	2.77104007	2.77104007	0	0	0	0	0	0	3
5	19	0	0.0384721417	2.77104007	2.77104007	2.77104007	2.77104007	0	0	0	0	0	0	3
6	20	0	0.04616657	2.77104007	2.77104007	2.77104007	2.77104007	0	0	0	0	0	0	3
7	22	0	0.0538609983	2.77104007	2.77104007	2.77104007	2.77104007	0	0	0	0	0	0	3
8	24	0	0.0615554267	2.77104007	2.77104007	2.77104007	2.77104007	0	0	0	0	0	0	3
9	25	0	0.069249855	2.77104007	2.77104007	2.77104007	2.77104007	0	0	0	0	0	0	3
10	27	0	0.0769442833	2.77104007	2.77104007	2.77104007	2.77104007	0	0	0	0	0	0	3
11	28	0	0.0846387117	2.77104007	2.77104007	2.77104007	2.77104007	0	0	0	0	0	0	3
12	30	0	0.09233314	2.77104007	2.77104007	2.77104007	2.77104007	0	0	0	0	0	0	3
13	32	0	0.100027568	2.77104007	2.77104007	2.77104007	2.77104007	0	0	0	0	0	0	3
14	34	0	0.107721997	2.77104007	2.77104007	2.77104007	2.77104007	0	0	0	0	0	0	3
15	35	0	0.115416425	2.77104007	2.77104007	2.77104007	2.77104007	0	0	0	0	0	0	3
16	37	0	0.123110853	2.77104007	2.77104007	2.77104007	2.77104007	0	0	0	0	0	0	3
17	39	0	0.130805282	2.77104007	2.77104007	2.77104007	2.77104007	0	0	0	0	0	0	3
18	40	0	0.13849971	2.77104007	2.77104007	2.77104007	2.77104007	0	0	0	0	0	0	3
19	42	0	0.146194138	2.77104007	2.77104007	2.77104007	2.77104007	0	0	0	0	0	0	3
20	44	0	0.153888567	2.77104007	2.77104007	2.77104007	2.77104007	0	0	0	0	0	0	3
21	46	0	0.161582995	2.77104007	2.77104007	2.77104007	2.77104007	0	0	0	0	0	0	3
22	48	0	0.169277423	2.77104007	2.77104007	2.77104007	2.77104007	0	0	0	0	0	0	3
23	50	0	0.176971852	2.77104007	2.77104007	2.77104007	2.77104007	0	0	0	0	0	0	3
24	51	0	0.18466628	2.77104007	2.77104007	2.77104007	2.77104007	0	0	0	0	0	0	3
25	53	0	0.192360708	2.77104007	2.77104007	2.77104007	2.77104007	0	0	0	0	0	0	3
26	55	0	0.200055137	2.77104007	2.77104007	2.77104007	2.77104007	0	0	0	0	0	0	3
27	57	0	0.207749565	2.77104007	2.77104007	2.77104007	2.77104007	0	0	0	0	0	0	3
28	59	0	0.215443993	2.77104007	2.77104007	2.77104007	2.77104007	0	0	0	0	0	0	3
29	60	0	0.223138422	2.77104007	2.77104007	2.77104007	2.77104007	0	0	0	0	0	0	3
30	62	0	0.23083285	2.77104007	2.77104007	2.77104007	2.77104007	0	0	0	0	0	0	3
31	64	0	0.238527278	2.77104007	2.77104007	2.77104007	2.77104007	0	0	0	0	0	0	3
32	66	0	0.246221707	2.77104007	2.77104007	2.77104007	2.77104007	0	0	0	0	0	0	3
33	68	0	0.253916135	2.77104007	2.77104007	2.77104007	2.77104007	0	0	0	0	0	0	3
34	70	0	0.261610563	2.77104007	2.77104007	2.77104007	2.77104007	0	0	0	0	0	0	3
35	71	0	0.269304992	2.77104007	2.77104007	2.77104007	2.77104007	0	0	0	0	0	0	3
36	73	0	0.27699942	2.77104007	2.77104007	2.77104007	2.77104007	0	0	0	0	0	0	3
37	75	0	0.284693848	2.77104007	2.77104007	2.77104007	2.77104007	0	0	0	0	0	0	3
38	77	0	0.292388277	2.77104007	2.77104007	2.77104007	2.77104007	0	0	0	0	0	0	3
39	79	0	0.300082705	2.77104007	2.77104007	2.77104007	2.77104007	0	0	0	0	0	0	3
40	81	0	0.307777133	2.77104007	2.77104007	2.77104007	2.77104007	0	0	0	0	0	0	3
41	83	0	0.315471562	2.77104007	2.77104007	2.77104007	2.77104007	0	0	0	0	0	0	3
42	85	0	0.32316599	2.77104007	2.77104007	2.77104007	2.77104007	0	0	0	0	0	0	3
43	87	0	0.330860418	2.77104007	2.77104007	2.77104007	2.77104007	0	0	0	0	0	0	3
44	88	0	0.338554847	2.77104007	2.77104007	2.77104007	2.77104007	0	0	0	0	0	0	3
45	90	0	0.346249275	2.77104007	2.77104007	2.77104007	2.77104007	0	0	0	0	0	0	3
46	92	0	0.353943703	2.77104007	2.77104007	2.77104007	2.77104007	0	0	0	0	0	0	3
47	94	0	0.361638132	2.77104007	2.77104007	2.77104007	2.77104007	0	0	0	0	0	0	3
48	96	0	0.36933256	2.77104007	2.77104007	2.77104007	2.77104007	0	0	0	0	0	0	3
49	98	0	0.377026988	2.77104007	2.77104007	2.77104007	2.77104007	0	0	0	0	0	0	3
50	100	0	0.384721417	2.77104007	2.77104007	2.77104007	2.77104007	0	0	0	0	0	0	3
51	102	0	0.392415845	2.77104007	2.77104007	2.77104007	2.77104007	0	0	0	0	0	0	3
52	104	0	0.400110273	2.77104007	2.77104007	2.77104007	2.77104007	0	0	0	0	0	0	3
53	105	0	0.407804702	2.77104007	2.77104007	2.77104007	2.77104007	0	0	0	0	0	0	3
54	107	0	0.41549913	2.77104007	2.77104007	2.77104007	2.77104007	0	0	0	0	0	0	3
55	109	0	0.423193558	2.77104007	2.77104007	2.77104007	2.77104007	0	0	0	0	0	0	3
56	111	0	0.430887987	2.77104007	2.77104007	2.77104007	2.77104007	0	0	0	0	0	0	3
57	113	0	0.438582415	2.77104007	2.77104007	2.77104007	2.77104007	0	0	0	0	0	0	3
58	115	0	0.446276843	2.77104007	2.77104007	2.77104007	2.77104007	0	0	0	0	0	0	3
59	117	0	0.453971272	2.77104007	2.77104007	2.77104007	2.77104007	0	0	0	0	0	0	3
60	119	0	0.4616657	2.77104007	2.77104007	2.77104007	2.77104007	0	0	0	0	0	0	3
61	121	0	0.469360128	2.77104007	2.77104007	2.77104007	2.77104007	0	0	0	0	0	0	3
62	122	0	0.477054557	2.77104007	2.77104007	2.77104007	2.77104007	0	0	0	0	0	0	3
63	124	0	0.484748985	2.77104007	2.77104007	2.77104007	2.77104007	0	0	0	0	0	0	3
64	126	0	0.492443413	2.77104007	2.77104007	2.77104007	2.77104007	0	0	0	0	0	0	3
65	128	0	0.500137842	2.77104007	2.77104007	2.77104007	2.77104007	0	0	0	0	0	0	3
66	130	0	0.50783227	2.77104007	2.77104007	2.77104007	2.77104007	0	0	0	0	0	0	3
67	132	0	0.515526698	2.77104007	2.77104007	2.77104007	2.77104007	0	0	0	0	0	0	3
68	133	0	0.523221127	2.77104007	2.77104007	2.77104007	2.77104007	0	0	0	0	0	0	3
69	135	0	0.530915555	2.77104007	2.77104007	2.77104007	2.77104007	0	0	0	0	0	0	3
70	137	0	0.538609983	2.77104007	2.77104007	2.77104007	2.77104007	0	0	0	0	0	0	3
71	139	0	0.546304412	2.77104007	2.77104007	2.77104007	2.77104007	0	0	0	0	0	0	3
72	141	0	0.55399884	2.77104007	2.77104007	2.77104007	2.77104007	0	0	0	0	0	0	3
73	142	0	0.561693268	2.77104007	2.77104007	2.77104007	2.77104007	0	0	0	0	0	0	3
74	144	0	0.569387697	2.77104007	2.77104007	2.77104007	2.77104007	0	0	0	0	0	0	3
75	146	0	0.577082125	2.77104007	2.77104007	2.77104007	2.77104007	0	0	0	0	0	0	3
76	148	0	0.584776553	2.77104007	2.77104007	2.77104007	2.77104007	0	0	0	0	0	0	3
77	150	0	0.592470982	2.77104007	2.77104007	2.77104007	2.77104007	0	0	0	0	0	0	3
78	152	0	0.60016541	2.77104007	2.77104007	2.77104007	2.77104007	0	0	0	0	0	0	3
79	154	0	0.607859838	2.77104007	2.77104007	2.77104007	2.77104007	0	0	0	0	0	0	3
80	155	0	0.615554267	2.77104007	2.77104007	2.77104007	2.77104007	0	0	0	0	0	0	3
81	157	0	0.623248695	2.77104007	2.77104007	2.77104007	2.77104007	0	0	0	0	0	0	3
82	159	0	0.630943123	2.77104007	2.77104007	2.77104007	2.77104007	0	0	0	0	0	0	3
83	161	0	0.638637552	2.77104007	2.77104007	2.77104007	2.77104007	0	0	0	0	0	0	3
84	163	0	0.64633198	2.77104007	2.77104007	2.77104007	2.77104007	0	0	0	0	0	0	3
85	165	0	0.654026408	2.77104007	2.77104007	2.77104007	2.77104007	0	0	0	0	0	0	3
86	166	0	0.661720837	2.77104007	2.77104007	2.77104007	2.77104007	0	0	0	0	0	0	3
87	168	0	0.669415265	2.77104007	2.77104007	2.77104007	2.77104007	0	0	0	0	0	0	3
88	170	0	0.677109693	2.77104007	2.77104007	2.77104007	2.77104007	0	0	0	0	0	0	3
89	172	0	0.684804122	2.77104007	2.77104007	2.77104007	2.77104007	0	0	0	0	0	0	3
90	174	0	0.69249855	2.77104007	2.77104007	2.77104007	2.77104007	0	0	0	0	0	0	3
91	175	0	0.700192978	2.77104007	2.77104007	2.77104007	2.77104007	0	0	0	0	0	0	3
92	177	0	0.707887407	2.77104007	2.77104007	2.77104007	2.77104007	0	0	0	0	0	0	3
93	179	0	0.715581835	2.77104007	2.77104007	2.77104007	2.77104007	0	0	0	0	0	0	3
94	181	0	0.723276263	2.77104007	2.77104007	2.77104007	2.77104007	0	0	0	0	0	0	3
95	183	0	0.730970692	2.77104007	2.77104007	2.77104007	2.77104007	0	0	0	0	0	0	3
96	184	0	0.73866512	2.77104007	2.77104007	2.77104007	2.77104007	0	0	0	0	0	0	3
97	186	0	0.746359548	2.77104007	2.77104007	2.77104007	2.77104007	0	0	0	0	0	0	3
98	188	0	0.754053977	2.77104007	2.77104007	2.77104007	2.77104007	0	0	0	0	0	0	3
99	190	0	0.761748405	2.77104007	2.77104007	2.77104007	2.77104007	0	0	0	0	0	0	3
100	192	0	0.769442833	2.77104007	2.77104007	2.77104007	2.77104007	0	0	0	0	0	0	3
101	196	0	0.777137262	2.77104007	2.77104007	2.77104007	2.77104007	0	0	0	0	0	0	3
102	198	0	0.78483169	2.77104007	2.77104007	2.77104007	2.77104007	0	0	0	0	0	0	3
103	199	0	0.792526118	2.77104007	2.77104007	2.77104007	2.77104007	0	0	0	0	0	0	3
104	201	0	0.800220547	2.77104007	2.77104007	2.77104007	2.77104007	0	0	0	0	0	0	3
105	203	0	0.807914975	2.77104007	2.77104007	2.77104007	2.77104007	0	0	0	0	0	0	3
106	205	0	0.815609403	2.77104007	2.77104007	2.77104007	2.77104007	0	0	0	0	0	0	3
107	206	0	0.823303832	2.77104007	2.77104007	2.77104007	2.77104007	0	0	0	0	0	0	3
108	208	0	0.83099826	2.77104007	2.77104007	2.77104007	2.77104007	0	0	0	0	0	0	3
109	210	0	0.838692688	2.77104007	2.77104007	2.77104007	2.77104007	0	0	0	0	0	0	3
110	212	0	0.846387117	2.77104007	2.77104007	2.77104007	2.77104007	0	0	0	0	0	0	3
111	214	0	0.854081545	2.77104007	2.77104007	2.77104007	2.77104007	0	0	0	0	0	0	3
112	215	0	0.861775973	2.77104007	2.77104007	2.77104007	2.77104007	0	0	0	0	0	0	3
113	217	0	0.869470402	2.77104007	2.77104007	2.77104007	2.77104007	0	0	0	0	0	0	3
114	219	0	0.87716483	2.77104007	2.77104007	2.77104007	2.77104007	0	0	0	0	0	0	3
115	221	0	0.884859258	2.77104007	2.77104007	2.77104007	2.77104007	0	0	0	0	0	0	3
116	222	0	0.892553687	2.77104007	2.77104007	2.77104007	2.77104007	0	0	0	0	0	0	3
117	224	0	0.900248115	2.77104007	2.77104007	2.77104007	2.77104007	0	0	0	0	0	0	3
118	226	0	0.907942543	2.77104007	2.77104007	2.77104007	2.77104007	0	0	0	0	0	0	3
119	228	0	0.915636972	2.77104007	2.77104007	2.77104007	2.77104007	0	0	0	0	0	0	3
120	229	0	0.9233314	2.77104007	2.77104007	2.77104007	2.77104007	0	0	0	0	0	0	3
121	231	0	0.931025828	2.77104007	2.77104007	2.77104007	2.77104007	0	0	0	0	0	0	3
122	233	0	0.938720257	2.77104007	2.77104007	2.77104007	2.77104007	0	0	0	0	0	0	3
123	235	0	0.946414685	2.77104007	2.77104007	2.77104007	2.77104007	0	0	0	0	0	0	3
124	236	0	0.954109113	2.77104007	2.77104007	2.77104007	2.77104007	0	0	0	0	0	0	3
125	238	0	0.961803542	2.77104007	2.77104007	2.77104007	2.77104007	0	0	0	0	0	0	3
126	240	0	0.96949797	2.77104007	2.77104007	2.77104007	2.77104007	0	0	0	0	0	0	3
127	242	0	0.977192398	2.77104007	2.77104007	2.77104007	2.77104007	0	0	0	0	0	0	3
128	243	0	0.984886827	2.77104007	2.77104007	2.77104007	2.77104007	0	0	0	0	0	0	3
129	245	0	0.992581255	2.77104007	2.77104007	2.77104007	2.77104007	0	0	0	0	0	0	3
130	247	0	1.00027568	2.77104007	2.77104007	2.77104007	2.77104007	0	0.00277104007	0	0	0	0	3
131	249	0	1.00797011	2.77104007	2.77104007	2.77104007	2.77104007	0	0.00277104007	0	0	0	0	3
132	251	0	1.01566454	2.77104007	2.77104007	2.77104007	2.77104007	0	0.00277104007	0	0	0	0	3
133	253	0	1.02335897	2.77104007	2.77104007	2.77104007	2.77104007	0	0.00277104007	0	0	0	0	3
134	255	0	1.0310534	2.77104007	2.77104007	2.77104007	2.77104007	0	0.00277104007	0	0	0	0	3
135	256	0	1.03874783	2.77104007	2.77104007	2.77104007	2.77104007	0	0.00277104007	0	0	0	0	3
136	258	0	1.04644225	2.77104007	2.77104007	2.77104007	2.77104007	0	0.00277104007	0	0	0	0	3
137	260	0	1.05413668	2.77104007	2.77104007	2.77104007	2.77104007	0	0.00277104007	0	0	0	0	3
138	262	0	1.06183111	2.77104007	2.77104007	2.77104007	2.77104007	0	0.00277104007	0	0	0	0	3
139	263	0	1.06952554	2.77104007	2.77104007	2.77104007	2.77104007	0	0.00277104007	0	0	0	0	3
140	265	0	1.07721997	2.77104007	2.77104007	2.77104007	2.77104007	0	0.00277104007	0	0	0	0	3
141	267	0	1.0849144	2.77104007	2.77104007	2.77104007	2.77104007	0	0.00277104007	0	0	0	0	3
142	269	0	1.09260882	2.77104007	2.77104007	2.77104007	2.77104007	0	0.00277104007	0	0	0	0	3
143	270	0	1.10030325	2.77104007	2.77104007	2.77104007	2.77104007	0	0.00277104007	0	0	0	0	3
144	272	0	1.10799768	2.77104007	2.77104007	2.77104007	2.77104007	0	0.00277104007	0	0	0	0	3
145	274	0	1.11569211	2.77104007	2.77104007	2.77104007	2.77104007	0	0.00277104007	0	0	0	0	3
146	276	0	1.12338654	2.77104007	2.77104007	2.77104007	2.77104007	0	0.00277104007	0	0	0	0	3
147	277	0	1.13108097	2.77104007	2.77104007	2.77104007	2.77104007	0	0.00277104007	0	0	0	0	3
148	279	0	1.13877539	2.77104007	2.77104007	2.77104007	2.77104007	0	0.00277104007	0	0	0	0	3
149	282	0	1.14646982	2.77104007	2.77104007	2.77104007	2.77104007	0	0.00277104007	0	0	0	0	3
150	283	0	1.15416425	2.77104007	2.77104007	2.77104007	2.77104007	0	0.00277104007	0	0	0	0	3
151	285	0	1.16185868	2.77104007	2.77104007	2.77104007	2.77104007	0	0.00277104007	0	0	0	0	3
152	287	0	1.16955311	2.77104007	2.77104007	2.77104007	2.77104007	0	0.00277104007	0	0	0	0	3
153	288	0	1.17724754	2.77104007	2.77104007	2.77104007	2.77104007	0	0.00277104007	0	0	0	0	3
154	290	0	1.18494196	2.77104007	2.77104007	2.77104007	2.77104007	0	0.00277104007	0	0	0	0	3
155	292	0	1.19263639	2.77104007	2.77104007	2.77104007	2.77104007	0	0.00277104007	0	0	0	0	3
156	295	0	1.20033082	2.77104007	2.77104007	2.77104007	2.77104007	0	0.00277104007	0	0	0	0	3
157	296	0	1.20802525	2.77104007	2.77104007	2.77104007	2.77104007	0	0.00277104007	0	0	0	0	3
158	298	0	1.21571968	2.77104007	2.77104007	2.77104007	2.77104007	0	0.00277104007	0	0	0	0	3
159	300	0	1.22341411	2.77104007	2.77104007	2.77104007	2.77104007	0	0.00277104007	0	0	0	0	3
160	302	0	1.23110853	2.77104007	2.77104007	2.77104007	2.77104007	0	0.00277104007	0	0	0	0	3
161	303	0	1.23880296	2.77104007	2.77104007	2.77104007	2.77104007	0	0.00277104007	0	0	0	0	3
162	305	0	1.24649739	2.77104007	2.77104007	2.77104007	2.77104007	0	0.00277104007	0	0	0	0	3
163	307	0	1.25419182	2.77104007	2.77104007	2.77104007	2.77104007	0	0.00277104007	0	0	0	0	3
164	309	0	1.26188625	2.77104007	2.77104007	2.77104007	2.77104007	0	0.00277104007	0	0	0	0	3
165	312	0	1.26958068	2.77104007	2.77104007	2.77104007	2.77104007	0	0.00277104007	0	0	0	0	3
166	313	0	1.2772751	2.77104007	2.77104007	2.77104007	2.77104007	0	0.00277104007	0	0	0	0	3
167	315	0	1.28496953	2.77104007	2.77104007	2.77104007	2.77104007	0	0.00277104007	0	0	0	0	3
168	317	0	1.29266396	2.77104007	2.77104007	2.77104007	2.77104007	0	0.00277104007	0	0	0	0	3
169	319	0	1.30035839	2.77104007	2.77104007	2.77104007	2.77104007	0	0.00277104007	0	0	0	0	3
170	320	0	1.30805282	2.77104007	2.77104007	2.77104007	2.77104007	0	0.00277104007	0	0	0	0	3
171	322	0	1.31574725	2.77104007	2.77104007	2.77104007	2.77104007	0	0.00277104007	0	0	0	0	3
172	324	0	1.32344167	2.77104007	2.77104007	2.77104007	2.77104007	0	0.00277104007	0	0	0	0	3
173	326	0	1.3311361	2.77104007	2.77104007	2.77104007	2.77104007	0	0.00277104007	0	0	0	0	3
174	328	0	1.33883053	2.77104007	2.77104007	2.77104007	2.77104007	0	0.00277104007	0	0	0	0	3
175	330	0	1.34652496	2.77104007	2.77104007	2.77104007	2.77104007	0	0.00277104007	0	0	0	0	3
176	332	0	1.35421939	2.77104007	2.77104007	2.77104007	2.77104007	0	0.00277104007	0	0	0	0	3
177	333	0	1.36191382	2.77104007	2.77104007	2.77104007	2.77104007	0	0.00277104007	0	0	0	0	3
178	335	0	1.36960824	2.77104007	2.77104007	2.77104007	2.77104007	0	0.00277104007	0	0	0	0	3
179	337	0	1.37730267	2.77104007	2.77104007	2.77104007	2.77104007	0	0.00277104007	0	0	0	0	3
180	339	0	1.3849971	2.77104007	2.77104007	2.77104007	2.77104007	0	0.00277104007	0	0	0	0	3
181	340	0	1.39269153	2.77104007	2.77104007	2.77104007	2.77104007	0	0.00277104007	0	0	0	0	3
182	342	0	1.40038596	2.77104007	2.77104007	2.77104007	2.77104007	0	0.00277104007	0	0	0	0	3
183	345	0	1.40808039	2.77104007	2.77104007	2.77104007	2.77104007	0	0.00277104007	0	0	0	0	3
184	347	0	1.41577481	2.77104007	2.77104007	2.77104007	2.77104007	0	0.00277104007	0	0	0	0	3
185	348	0	1.42346924	2.77104007	2.77104007	2.77104007	2.77104007	0	0.00277104007	0	0	0	0	3
186	350	0	1.43116367	2.77104007	2.77104007	2.77104007	2.77104007	0	0.00277104007	0	0	0	0	3
187	352	0	1.4388581	2.77104007	2.77104007	2.77104007	2.77104007	0	0.00277104007	0	0	0	0	3
188	353	0	1.44655253	2.77104007	2.77104007	2.77104007	2.77104007	0	0.00277104007	0	0	0	0	3
189	356	0	1.45424696	2.77104007	2.77104007	2.77104007	2.77104007	0	0.00277104007	0	0	0	0	3
190	358	0	1.46194138	2.77104007	2.77104007	2.77104007	2.77104007	0	0.00277104007	0	0	0	0	3
191	360	0	1.46963581	2.77104007	2.77104007	2.77104007	2.77104007	0	0.00277104007	0	0	0	0	3
192	361	0	1.47733024	2.77104007	2.77104007	2.77104007	2.77104007	0	0.00277104007	0	0	0	0	3
193	363	0	1.48502467	2.77104007	2.77104007	2.77104007	2.77104007	0	0.00277104007	0	0	0	0	3
194	365	0	1.4927191	2.77104007	2.77104007	2.77104007	2.77104007	0	0.00277104007	0	0	0	0	3
195	367	0	1.50041353	2.77104007	2.77104007	2.77104007	2.77104007	0	0.00277104007	0	0	0	0	3
196	368	0	1.50810795	2.77104007	2.77104007	2.77104007	2.77104007	0	0.00277104007	0	0	0	0	3
197	371	0	1.51580238	2.77104007	2.77104007	2.77104007	2.77104007	0	0.00277104007	0	0	0	0	3
198	373	0	1.52349681	2.77104007	2.77104007	2.77104007	2.77104007	0	0.00277104007	0	0	0	0	3
199	374	0	1.53119124	2.77104007	2.77104007	2.77104007	2.77104007	0	0.00277104007	0	0	0	0	3
200	376	0	1.53888567	2.77104007	2.77104007	2.77104007	2.77104007	0	0.00277104007	0	0	0	0	3
201	380	0	1.5465801	2.77104007	2.77104007	2.77104007	2.77104007	0	0.00277104007	0	0	0	0	3
202	382	0	1.55427452	2.77104007	2.77104007	2.77104007	2.77104007	0	0.00277104007	0	0	0	0	3
203	384	0	1.56196895	2.77104007	2.77104007	2.77104007	2.77104007	0	0.00277104007	0	0	0	0	3
204	385	0	1.56966338	2.77104007	2.77104007	2.77104007	2.77104007	0	0.00277104007	0	0	0	0	3
205	387	0	1.57735781	2.77104007	2.77104007	2.77104007	2.77104007	0	0.00277104007	0	0	0	0	3
206	389	0	1.58505224	2.77104007	2.77104007	2.77104007	2.77104007	0	0.00277104007	0	0	0	0	3
207	391	0	1.59274667	2.77104007	2.77104007	2.77104007	2.77104007	0	0.00277104007	0	0	0	0	3
208	392	0	1.60044109	2.77104007	2.77104007	2.77104007	2.77104007	0	0.00277104007	0	0	0	0	3
209	394	0	1.60813552	2.77104007	2.77104007	2.77104007	2.77104007	0	0.00277104007	0	0	0	0	3
210	396	0	1.61582995	2.77104007	2.77104007	2.77104007	2.77104007	0	0.00277104007	0	0	0	0	3
211	398	0	1.62352438	2.77104007	2.77104007	2.77104007	2.77104007	0	0.00277104007	0	0	0	0	3
212	400	0	1.63121881	2.77104007	2.77104007	2.77104007	2.77104007	0	0.00277104007	0	0	0	0	3
213	402	0	1.63891324	2.77104007	2.77104007	2.77104007	2.77104007	0	0.00277104007	0	0	0	0	3
214	404	0	1.64660766	2.77104007	2.77104007	2.77104007	2.77104007	0	0.00277104007	0	0	0	0	3
215	405	0	1.65430209	2.77104007	2.77104007	2.77104007	2.77104007	0	0.00277104007	0	0	0	0	3
216	407	0	1.66199652	2.77104007	2.77104007	2.77104007	2.77104007	0	0.00277104007	0	0	0	0	3
217	409	0	1.66969095	2.77104007	2.77104007	2.77104007	2.77104007	0	0.00277104007	0	0	0	0	3
218	411	0	1.67738538	2.77104007	2.77104007	2.77104007	2.77104007	0	0.00277104007	0	0	0	0	3
219	412	0	1.68507981	2.77104007	2.77104007	2.77104007	2.77104007	0	0.00277104007	0	0	0	0	3
220	415	0	1.69277423	2.77104007	2.77104007	2.77104007	2.77104007	0	0.00277104007	0	0	0	0	3
221	417	0	1.70046866	2.77104007	2.77104007	2.77104007	2.77104007	0	0.00277104007	0	0	0	0	3
222	419	0	1.70816309	2.77104007	2.77104007	2.77104007	2.77104007	0	0.00277104007	0	0	0	0	3
223	420	0	1.71585752	2.77104007	2.77104007	2.77104007	2.77104007	0	0.00277104007	0	0	0	0	3
224	422	0	1.72355195	2.77104007	2.77104007	2.77104007	2.77104007	0	0.00277104007	0	0	0	0	3
225	424	0	1.73124638	2.77104007	2.77104007	2.77104007	2.77104007	0	0.00277104007	0	0	0	0	3
226	426	0	1.7389408	2.77104007	2.77104007	2.77104007	2.77104007	0	0.00277104007	0	0	0	0	3
227	427	0	1.74663523	2.77104007	2.77104007	2.77104007	2.77104007	0	0.00277104007	0	0	0	0	3
228	429	0	1.75432966	2.77104007	2.77104007	2.77104007	2.77104007	0	0.00277104007	0	0	0	0	3
229	431	0	1.76202409	2.77104007	2.77104007	2.77104007	2.77104007	0	0.00277104007	0	0	0	0	3
230	433	0	1.76971852	2.77104007	2.77104007	2.77104007	2.77104007	0	0.00277104007	0	0	0	0	3
231	435	0	1.77741295	2.77104007	2.77104007	2.77104007	2.77104007	0	0.00277104007	0	0	0	0	3
232	437	0	1.78510737	2.77104007	2.77104007	2.77104007	2.77104007	0	0.00277104007	0	0	0	0	3
233	439	0	1.7928018	2.77104007	2.77104007	2.77104007	2.77104007	0	0.00277104007	0	0	0	0	3
234	440	0	1.80049623	2.77104007	2.77104007	2.77104007	2.77104007	0	0.00277104007	0	0	0	0	3
235	442	0	1.80819066	2.77104007	2.77104007	2.77104007	2.77104007	0	0.00277104007	0	0	0	0	3
236	444	0	1.81588509	2.77104007	2.77104007	2.77104007	2.77104007	0	0.00277104007	0	0	0	0	3
237	445	0	1.82357952	2.77104007	2.77104007	2.77104007	2.77104007	0	0.00277104007	0	0	0	0	3
238	447	0	1.83127394	2.77104007	2.77104007	2.77104007	2.77104007	0	0.00277104007	0	0	0	0	3
239	449	0	1.83896837	2.77104007	2.77104007	2.77104007	2.77104007	0	0.00277104007	0	0	0	0	3
240	451	0	1.8466628	2.77104007	2.77104007	2.77104007	2.77104007	0	0.00277104007	0	0	0	0	3
241	452	0	1.85435723	2.77104007	2.77104007	2.77104007	2.77104007	0	0.00277104007	0	0	0	0	3
242	454	0	1.86205166	2.77104007	2.77104007	2.77104007	2.77104007	0	0.00277104007	0	0	0	0	3
243	456	0	1.86974609	2.77104007	2.77104007	2.77104007	2.77104007	0	0.00277104007	0	0	0	0	3
244	458	0	1.87744051	2.77104007	2.77104007	2.77104007	2.77104007	0	0.00277104007	0	0	0	0	3
245	460	0	1.88513494	2.77104007	2.77104007	2.77104007	2.77104007	0	0.00277104007	0	0	0	0	3
246	462	0	1.89282937	2.77104007	2.77104007	2.77104007	2.77104007	0	0.00277104007	0	0	0	0	3
247	464	0	1.9005238	2.77104007	2.77104007	2.77104007	2.77104007	0	0.00277104007	0	0	0	0	3
248	466	0	1.90821823	2.77104007	2.77104007	2.77104007	2.77104007	0	0.00277104007	0	0	0	0	3
249	468	0	1.91591266	2.77104007	2.77104007	2.77104007	2.77104007	0	0.00277104007	0	0	0	0	3
250	469	0	1.92360708	2.77104007	2.77104007	2.77104007	2.77104007	0	0.00277104007	0	0	0	0	3
251	471	0	1.93130151	2.77104007	2.77104007	2.77104007	2.77104007	0	0.00277104007	0	0	0	0	3
252	473	0	1.93899594	2.77104007	2.77104007	2.77104007	2.77104007	0	0.00277104007	0	0	0	0	3
253	475	0	1.94669037	2.77104007	2.77104007	2.77104007	2.77104007	0	0.00277104007	0	0	0	0	3
254	476	0	1.9543848	2.77104007	2.77104007	2.77104007	2.77104007	0	0.00277104007	0	0	0	0	3
255	478	0	1.96207923	2.77104007	2.77104007	2.77104007	2.77104007	0	0.00277104007	0	0	0	0	3
256	480	0	1.96977365	2.77104007	2.77104007	2.77104007	2.77104007	0	0.00277104007	0	0	0	0	3
257	483	0	1.97746808	2.77104007	2.77104007	2.77104007	2.77104007	0	0.00277104007	0	0	0	0	3
258	484	0	1.98516251	2.77104007	2.77104007	2.77104007	2.77104007	0	0.00277104007	0	0	0	0	3
259	486	0	1.99285694	2.77104007	2.77104007	2.77104007	2.77104007	0	0.00277104007	0	0	0	0	3
260	488	0	2.00055137	2.77104007	2.77104007	2.77104007	2.77104007	0	0.00277104007	0	0	0	0	3
261	490	0	2.0082458	2.77104007	2.77104007	2.77104007	2.77104007	0	0.00277104007	0	0	0	0	3
262	491	0	2.01594022	2.77104007	2.77104007	2.77104007	2.77104007	0	0.00277104007	0	0	0	0	3
263	493	0	2.02363465	2.77104007	2.77104007	2.77104007	2.77104007	0	0.00277104007	0	0	0	0	3
264	495	0	2.03132908	2.77104007	2.77104007	2.77104007	2.77104007	0	0.00277104007	0	0	0	0	3
265	497	0	2.03902351	2.77104007	2.77104007	2.77104007	2.77104007	0	0.00277104007	0	0	0	0	3
266	499	0	2.04671794	2.77104007	2.77104007	2.77104007	2.77104007	0	0.00277104007	0	0	0	0	3
267	500	0	2.05441237	2.77104007	2.77104007	2.77104007	2.77104007	0	0.00277104007	0	0	0	0	3
268	502	0	2.06210679	2.77104007	2.77104007	2.77104007	2.77104007	0	0.00277104007	0	0	0	0	3
269	504	0	2.06980122	2.77104007	2.77104007	2.77104007	2.77104007	0	0.00277104007	0	0	0	0	3
270	506	0	2.07749565	2.77104007	2.77104007	2.77104007	2.77104007	0	0.00277104007	0	0	0	0	3
271	508	0	2.08519008	2.77104007	2.77104007	2.77104007	2.77104007	0	0.00277104007	0	0	0	0	3
272	510	0	2.09288451	2.77104007	2.77104007	2.77104007	2.77104007	0	0.00277104007	0	0	0	0	3
273	511	0	2.10057894	2.77104007	2.77104007	2.77104007	2.77104007	0	0.00277104007	0	0	0	0	3
274	513	0	2.10827336	2.77104007	2.77104007	2.77104007	2.77104007	0	0.00277104007	0	0	0	0	3
275	515	0	2.11596779	2.77104007	2.77104007	2.77104007	2.77104007	0	0.00277104007	0	0	0	0	3
276	517	0	2.12366222	2.77104007	2.77104007	2.77104007	2.77104007	0	0.00277104007	0	0	0	0	3
277	518	0	2.13135665	2.77104007	2.77104007	2.77104007	2.77104007	0	0.00277104007	0	0	0	0	3
278	520	0	2.13905108	2.77104007	2.77104007	2.77104007	2.77104007	0	0.00277104007	0	0	0	0	3
279	522	0	2.14674551	2.77104007	2.77104007	2.77104007	2.77104007	0	0.00277104007	0	0	0	0	3
280	524	0	2.15443993	2.77104007	2.77104007	2.77104007	2.77104007	0	0.00277104007	0	0	0	0	3
281	526	0	2.16213436	2.77104007	2.77104007	2.77104007	2.77104007	0	0.00277104007	0	0	0	0	3
282	527	0	2.16982879	2.77104007	2.77104007	2.77104007	2.77104007	0	0.00277104007	0	0	0	0	3
283	529	0	2.17752322	2.77104007	2.77104007	2.77104007	2.77104007	0	0.00277104007	0	0	0	0	3
284	531	0	2.18521765	2.77104007	2.77104007	2.77104007	2.77104007	0	0.00277104007	0	0	0	0	3
285	533	0	2.19291208	2.77104007	2.77104007	2.77104007	2.77104007	0	0.00277104007	0	0	0	0	3
286	535	0	2.2006065	2.77104007	2.77104007	2.77104007	2.77104007	0	0.00277104007	0	0	0	0	3
287	536	0	2.20830093	2.77104007	2.77104007	2.77104007	2.77104007	0	0.00277104007	0	0	0	0	3
288	538	0	2.21599536	2.77104007	2.77104007	2.77104007	2.77104007	0	0.00277104007	0	0	0	0	3
289	540	0	2.22368979	2.77104007	2.77104007	2.77104007	2.77104007	0	0.00277104007	0	0	0	0	3
290	542	0	2.23138422	2.77104007	2.77104007	2.77104007	2.77104007	0	0.00277104007	0	0	0	0	3
291	544	0	2.23907865	2.77104007	2.77104007	2.77104007	2.77104007	0	0.00277104007	0	0	0	0	3
292	546	0	2.24677307	2.77104007	2.77104007	2.77104007	2.77104007	0	0.00277104007	0	0	0	0	3
293	547	0	2.2544675	2.77104007	2.77104007	2.77104007	2.77104007	0	0.00277104007	0	0	0	0	3
294	549	0	2.26216193	2.77104007	2.77104007	2.77104007	2.77104007	0	0.00277104007	0	0	0	0	3
295	551	0	2.26985636	2.77104007	2.77104007	2.77104007	2.77104007	0	0.00277104007	0	0	0	0	3
296	553	0	2.27755079	2.77104007	2.77104007	2.77104007	2.77104007	0	0.00277104007	0	0	0	0	3
297	554	0	2.28524522	2.77104007	2.77104007	2.77104007	2.77104007	0	0.00277104007	0	0	0	0	3
298	556	0	2.29293964	2.77104007	2.77104007	2.77104007	2.77104007	0	0.00277104007	0	0	0	0	3
299	558	0	2.30063407	2.77104007	2.77104007	2.77104007	2.77104007	0	0.00277104007	0	0	0	0	3
300	560	0	2.3083285	2.77104007	2.77104007	2.77104007	2.77104007	0	0.00277104007	0	0	0	0	3
301	564	0	2.31602293	2.77104007	2.77104007	2.77104007	2.77104007	0	0.00277104007	0	0	0	0	3
302	566	0	2.32371736	2.77104007	2.77104007	2.77104007	2.77104007	0	0.00277104007	0	0	0	0	3
303	567	0	2.33141179	2.77104007	2.77104007	2.77104007	2.77104007	0	0.00277104007	0	0	0	0	3
304	569	0	2.33910621	2.77104007	2.77104007	2.77104007	2.77104007	0	0.00277104007	0	0	0	0	3
305	571	0	2.34680064	2.77104007	2.77104007	2.77104007	2.77104007	0	0.00277104007	0	0	0	0	3
306	573	0	2.35449507	2.77104007	2.77104007	2.77104007	2.77104007	0	0.00277104007	0	0	0	0	3
307	575	0	2.3621895	2.77104007	2.77104007	2.77104007	2.77104007	0	0.00277104007	0	0	0	0	3
308	577	0	2.36988393	2.77104007	2.77104007	2.77104007	2.77104007	0	0.00277104007	0	0	0	0	3
309	578	0	2.37757836	2.77104007	2.77104007	2.77104007	2.77104007	0	0.00277104007	0	0	0	0	3
310	580	0	2.38527278	2.77104007	2.77104007	2.77104007	2.77104007	0	0.00277104007	0	0	0	0	3
311	582	0	2.39296721	2.77104007	2.77104007	2.77104007	2.77104007	0	0.00277104007	0	0	0	0	3
312	584	0	2.40066164	2.77104007	2.77104007	2.77104007	2.77104007	0	0.00277104007	0	0	0	0	3
313	586	0	2.40835607	2.77104007	2.77104007	2.77104007	2.77104007	0	0.00277104007	0	0	0	0	3
314	587	0	2.4160505	2.77104007	2.77104007	2.77104007	2.77104007	0	0.00277104007	0	0	0	0	3
315	589	0	2.42374493	2.77104007	2.77104007	2.77104007	2.77104007	0	0.00277104007	0	0	0	0	3
