Iteration	CPUTime	PhysTime	Travels	Value	AvValue	MinValue	MaxValue	Delta	Criteria	PrevAvRefValue	Progress	CriteriaType	CriteriaVarType	CriteriaPercentage
1	12	0	0.00769442833	102926.209	102926.209	102926.209	102926.209	0	0	0	0	0	0	3
2	13	0	0.0153888567	100872.902	101899.555	100872.902	102926.209	1026.65355	0	0	0	0	0	3
3	15	0	0.023083285	100260.837	101353.316	100260.837	102926.209	1572.89305	0	0	0	0	0	3
4	17	0	0.0307777133	99926.3501	100996.574	99926.3501	102926.209	1929.63448	0	0	0	0	0	3
5	19	0	0.0384721417	100077.929	100812.845	99926.3501	102926.209	2113.36364	0	0	0	0	0	3
6	20	0	0.04616657	100000.117	100677.39	99926.3501	102926.209	2248.81836	0	0	0	0	0	3
7	22	0	0.0538609983	100055.396	100588.534	99926.3501	102926.209	2337.67467	0	0	0	0	0	3
8	24	0	0.0615554267	100056.445	100522.023	99926.3501	102926.209	2404.18588	0	0	0	0	0	3
9	25	0	0.069249855	100103.867	100475.561	99926.3501	102926.209	2450.6476	0	0	0	0	0	3
10	27	0	0.0769442833	100112.857	100439.291	99926.3501	102926.209	2486.918	0	0	0	0	0	3
11	28	0	0.0846387117	100168.152	100414.642	99926.3501	102926.209	2511.56696	0	0	0	0	0	3
12	30	0	0.09233314	100195.049	100396.342	99926.3501	102926.209	2529.86636	0	0	0	0	0	3
13	32	0	0.100027568	100241.491	100384.431	99926.3501	102926.209	2541.77799	0	0	0	0	0	3
14	34	0	0.107721997	100259.444	100375.503	99926.3501	102926.209	2550.70565	0	0	0	0	0	3
15	35	0	0.115416425	100277.984	100369.002	99926.3501	102926.209	2557.2069	0	0	0	0	0	3
16	37	0	0.123110853	100287.409	100363.902	99926.3501	102926.209	2562.30643	0	0	0	0	0	3
17	39	0	0.130805282	100293.969	100359.789	99926.3501	102926.209	2566.42016	0	0	0	0	0	3
18	40	0	0.13849971	100305.756	100356.787	99926.3501	102926.209	2569.42197	0	0	0	0	0	3
19	42	0	0.146194138	100310.562	100354.354	99926.3501	102926.209	2571.85484	0	0	0	0	0	3
20	44	0	0.153888567	100320.048	100352.639	99926.3501	102926.209	2573.57016	0	0	0	0	0	3
21	46	0	0.161582995	100324.646	100351.306	99926.3501	102926.209	2574.90312	0	0	0	0	0	3
22	48	0	0.169277423	100327.974	100350.245	99926.3501	102926.209	2575.96366	0	0	0	0	0	3
23	50	0	0.176971852	100332.404	100349.469	99926.3501	102926.209	2576.73938	0	0	0	0	0	3
24	51	0	0.18466628	100338.231	100349.001	99926.3501	102926.209	2577.20763	0	0	0	0	0	3
25	53	0	0.192360708	100338.336	100348.575	99926.3501	102926.209	2577.63426	0	0	0	0	0	3
26	55	0	0.200055137	100339.09	100348.21	99926.3501	102926.209	2577.99905	0	0	0	0	0	3
27	57	0	0.207749565	100341.338	100347.955	99926.3501	102926.209	2578.25358	0	0	0	0	0	3
28	59	0	0.215443993	100343.745	100347.805	99926.3501	102926.209	2578.40395	0	0	0	0	0	3
29	60	0	0.223138422	100348.632	100347.833	99926.3501	102926.209	2578.40395	0	0	0	0	0	3
30	62	0	0.23083285	100349.681	100347.895	99926.3501	102926.209	2578.40395	0	0	0	0	0	3
31	64	0	0.238527278	100353.456	100348.074	99926.3501	102926.209	2578.40395	0	0	0	0	0	3
32	66	0	0.246221707	100357.82	100348.379	99926.3501	102926.209	2578.40395	0	0	0	0	0	3
33	68	0	0.253916135	100365.61	100348.901	99926.3501	102926.209	2578.40395	0	0	0	0	0	3
34	70	0	0.261610563	100370.431	100349.534	99926.3501	102926.209	2578.40395	0	0	0	0	0	3
35	71	0	0.269304992	100378.426	100350.36	99926.3501	102926.209	2578.40395	0	0	0	0	0	3
36	73	0	0.27699942	100387.185	100351.383	99926.3501	102926.209	2578.40395	0	0	0	0	0	3
37	75	0	0.284693848	100399.659	100352.687	99926.3501	102926.209	2578.40395	0	0	0	0	0	3
38	77	0	0.292388277	100408.982	100354.169	99926.3501	102926.209	2578.40395	0	0	0	0	0	3
39	79	0	0.300082705	100421.346	100355.891	99926.3501	102926.209	2578.40395	0	0	0	0	0	3
40	81	0	0.307777133	100430.972	100357.768	99926.3501	102926.209	2578.40395	0	0	0	0	0	3
41	83	0	0.315471562	100441.697	100359.815	99926.3501	102926.209	2578.40395	0	0	0	0	0	3
42	85	0	0.32316599	100451.897	100362.008	99926.3501	102926.209	2578.40395	0	0	0	0	0	3
43	87	0	0.330860418	100459.278	100364.27	99926.3501	102926.209	2578.40395	0	0	0	0	0	3
44	88	0	0.338554847	100463.263	100366.52	99926.3501	102926.209	2578.40395	0	0	0	0	0	3
45	90	0	0.346249275	100464.001	100368.686	99926.3501	102926.209	2578.40395	0	0	0	0	0	3
46	92	0	0.353943703	100464.988	100370.78	99926.3501	102926.209	2578.40395	0	0	0	0	0	3
47	94	0	0.361638132	100465.146	100372.787	99926.3501	102926.209	2578.40395	0	0	0	0	0	3
48	96	0	0.36933256	100465.127	100374.711	99926.3501	102926.209	2578.40395	0	0	0	0	0	3
49	98	0	0.377026988	100462.556	100376.504	99926.3501	102926.209	2578.40395	0	0	0	0	0	3
50	100	0	0.384721417	100461.765	100378.209	99926.3501	102926.209	2578.40395	0	0	0	0	0	3
51	102	0	0.392415845	100460.673	100379.826	99926.3501	102926.209	2578.40395	0	0	0	0	0	3
52	104	0	0.400110273	100458.121	100381.332	99926.3501	102926.209	2578.40395	0	0	0	0	0	3
53	105	0	0.407804702	100454.894	100382.72	99926.3501	102926.209	2578.40395	0	0	0	0	0	3
54	107	0	0.41549913	100451.29	100383.989	99926.3501	102926.209	2578.40395	0	0	0	0	0	3
55	109	0	0.423193558	100446.687	100385.129	99926.3501	102926.209	2578.40395	0	0	0	0	0	3
56	111	0	0.430887987	100443.763	100386.176	99926.3501	102926.209	2578.40395	0	0	0	0	0	3
57	113	0	0.438582415	100441.81	100387.153	99926.3501	102926.209	2578.40395	0	0	0	0	0	3
58	115	0	0.446276843	100441.009	100388.081	99926.3501	102926.209	2578.40395	0	0	0	0	0	3
59	117	0	0.453971272	100440.422	100388.968	99926.3501	102926.209	2578.40395	0	0	0	0	0	3
60	119	0	0.4616657	100440.193	100389.822	99926.3501	102926.209	2578.40395	0	0	0	0	0	3
61	121	0	0.469360128	100441.209	100390.664	99926.3501	102926.209	2578.40395	0	0	0	0	0	3
62	122	0	0.477054557	100443.271	100391.513	99926.3501	102926.209	2578.40395	0	0	0	0	0	3
63	124	0	0.484748985	100446.582	100392.387	99926.3501	102926.209	2578.40395	0	0	0	0	0	3
64	126	0	0.492443413	100449.232	100393.275	99926.3501	102926.209	2578.40395	0	0	0	0	0	3
65	128	0	0.500137842	100452.575	100394.187	99926.3501	102926.209	2578.40395	0	0	0	0	0	3
66	130	0	0.50783227	100453.95	100356.153	99926.3501	100872.902	946.551689	0	0	0	0	0	3
67	132	0	0.515526698	100456.53	100349.747	99926.3501	100465.146	538.796326	0	0	0	0	0	3
68	133	0	0.523221127	100461.091	100352.828	99926.3501	100465.146	538.796326	0	0	0	0	0	3
69	135	0	0.530915555	100465.266	100361.119	100000.117	100465.266	465.040308	0	0	0	0	0	3
70	137	0	0.538609983	100469.306	100367.14	100000.117	100469.306	329.58559	0	0	0	0	0	3
71	139	0	0.546304412	100473.466	100374.422	100055.396	100473.466	240.729274	0	0	0	0	0	3
72	141	0	0.55399884	100476.529	100380.901	100056.445	100476.529	174.21807	0	0	0	0	0	3
73	142	0	0.561693268	100481.559	100387.442	100103.867	100481.559	127.756347	0	0	0	0	0	3
74	144	0	0.569387697	100486.678	100393.331	100112.857	100486.678	91.485943	0	0	0	0	0	3
75	146	0	0.577082125	100491.245	100399.152	100168.152	100491.245	66.8369874	0	0	0	0	0	3
76	148	0	0.584776553	100494.905	100404.179	100195.049	100494.905	56.3743448	0	0	0	0	0	3
77	150	0	0.592470982	100498.549	100408.848	100241.491	100498.549	61.0435761	0	0	0	0	0	3
78	152	0	0.60016541	100501.404	100412.847	100259.444	100501.404	65.0422303	0	0	0	0	0	3
79	154	0	0.607859838	100504.863	100416.623	100277.984	100504.863	68.8179146	0	0	0	0	0	3
80	155	0	0.615554267	100507.135	100420.148	100287.409	100507.135	72.3433005	0	0	0	0	0	3
81	157	0	0.623248695	100510.821	100423.585	100293.969	100510.821	75.7803941	0	0	0	0	0	3
82	159	0	0.630943123	100514.419	100426.977	100305.756	100514.419	79.1719358	0	0	0	0	0	3
83	161	0	0.638637552	100519.899	100430.271	100310.562	100519.899	82.4664375	0	0	0	0	0	3
84	163	0	0.64633198	100523.509	100433.547	100320.048	100523.509	85.7425321	0	0	0	0	0	3
85	165	0	0.654026408	100527.554	100436.74	100324.646	100527.554	88.9349366	0	0	0	0	0	3
86	166	0	0.661720837	100531.032	100439.915	100327.974	100531.032	92.1100953	0	0	0	0	0	3
87	168	0	0.669415265	100535.732	100443.111	100332.404	100535.732	95.3063771	0	0	0	0	0	3
88	170	0	0.677109693	100541.154	100446.323	100338.231	100541.154	98.5179173	0	0	0	0	0	3
89	172	0	0.684804122	100547.373	100449.54	100338.336	100547.373	101.735476	0	0	0	0	0	3
90	174	0	0.69249855	100551.464	100452.819	100339.09	100551.464	105.01438	0	0	0	0	0	3
91	175	0	0.700192978	100555.046	100456.142	100341.338	100555.046	108.33679	0	0	0	0	0	3
92	177	0	0.707887407	100560.233	100459.509	100343.745	100560.233	111.704405	0	0	0	0	0	3
93	179	0	0.715581835	100565.436	100462.92	100348.632	100565.436	115.086516	0	0	0	0	0	3
94	181	0	0.723276263	100568.15	100466.297	100349.681	100568.15	118.402132	0	0	0	0	0	3
95	183	0	0.730970692	100572.019	100469.718	100353.456	100572.019	121.643343	0	0	0	0	0	3
96	184	0	0.73866512	100575.91	100473.14	100357.82	100575.91	124.761175	0	0	0	0	0	3
97	186	0	0.746359548	100579.273	100476.547	100365.61	100579.273	127.645991	0	0	0	0	0	3
98	188	0	0.754053977	100583.537	100479.9	100370.431	100583.537	130.365489	0	0	0	0	0	3
99	190	0	0.761748405	100587.395	100483.238	100378.426	100587.395	133.490696	0	0	0	0	0	3
100	192	0	0.769442833	100591.489	100486.516	100387.185	100591.489	136.768588	0	0	0	0	0	3
101	196	0	0.777137262	100594.114	100489.699	100399.659	100594.114	139.952121	0	0	0	0	0	3
102	198	0	0.78483169	100597.848	100492.748	100408.982	100597.848	143.001192	0	0	0	0	0	3
103	199	0	0.792526118	100600.381	100495.693	100421.346	100600.381	145.945798	0	0	0	0	0	3
104	201	0	0.800220547	100602.807	100498.485	100430.972	100602.807	148.737516	0	0	0	0	0	3
105	203	0	0.807914975	100606.571	100501.186	100440.193	100606.571	151.439042	0	0	0	0	0	3
106	205	0	0.815609403	100609.074	100503.761	100440.193	100609.074	154.014068	0	0	0	0	0	3
107	206	0	0.823303832	100612.568	100506.233	100440.193	100612.568	156.485936	0	0	0	0	0	3
108	208	0	0.83099826	100615.78	100508.641	100440.193	100615.78	158.893656	0	0	0	0	0	3
109	210	0	0.838692688	100616.285	100510.995	100440.193	100616.285	161.247838	0	0	0	0	0	3
110	212	0	0.846387117	100619.96	100513.394	100440.193	100619.96	163.6472	0	0	0	0	0	3
111	214	0	0.854081545	100623.219	100515.829	100440.193	100623.219	166.081514	0	0	0	0	0	3
112	215	0	0.861775973	100625.99	100518.303	100440.193	100625.99	168.556032	0	0	0	0	0	3
113	217	0	0.869470402	100627.753	100520.805	100440.193	100627.753	171.05797	0	0	0	0	0	3
114	219	0	0.87716483	100629.705	100523.377	100440.193	100629.705	173.629495	0	0	0	0	0	3
115	221	0	0.884859258	100632.261	100526	100440.193	100632.261	176.252501	0	0	0	0	0	3
116	222	0	0.892553687	100635.82	100528.694	100440.193	100635.82	178.947065	0	0	0	0	0	3
117	224	0	0.900248115	100638.462	100531.469	100440.193	100638.462	181.721546	0	0	0	0	0	3
118	226	0	0.907942543	100640.317	100534.321	100440.193	100640.317	184.574207	0	0	0	0	0	3
119	228	0	0.915636972	100641.458	100537.247	100440.193	100641.458	187.499866	0	0	0	0	0	3
120	229	0	0.9233314	100643.79	100540.279	100440.193	100643.79	190.532213	0	0	0	0	0	3
121	231	0	0.931025828	100645.625	100543.385	100440.193	100645.625	193.637785	0	0	0	0	0	3
122	233	0	0.938720257	100646.962	100546.541	100440.193	100646.962	196.793962	0	0	0	0	0	3
123	235	0	0.946414685	100650.708	100549.767	100440.193	100650.708	200.020102	0	0	0	0	0	3
124	236	0	0.954109113	100654.454	100553.06	100440.193	100654.454	203.312898	0	0	0	0	0	3
125	238	0	0.961803542	100653.435	100556.341	100441.209	100654.454	206.593542	0	0	0	0	0	3
126	240	0	0.96949797	100654.705	100559.625	100443.271	100654.705	209.878102	0	0	0	0	0	3
127	242	0	0.977192398	100658.481	100562.936	100446.582	100658.481	211.899564	0	0	0	0	0	3
128	243	0	0.984886827	100660.902	100566.233	100449.232	100660.902	211.6697	0	0	0	0	0	3
129	245	0	0.992581255	100660.661	100569.486	100452.575	100660.902	208.327594	0	0	0	0	0	3
130	247	0	1.00027568	100662.464	100572.715	100453.95	100662.464	208.513854	22.0834135	0	10.5	0	0	3
131	249	0	1.00797011	100663.516	100575.939	100456.53	100663.516	206.985225	22.1149653	0	10.6	0	0	3
132	251	0	1.01566454	100664.158	100579.133	100461.091	100664.158	203.067534	22.1246063	0	10.8	0	0	3
133	253	0	1.02335897	100665.339	100582.276	100465.266	100665.339	200.072997	22.1396317	0	11	0	0	3
134	255	0	1.0310534	100666.259	100585.368	100469.306	100666.259	196.953158	22.0834135	0	11.2	0	0	3
135	256	0	1.03874783	100668.351	100588.43	100473.466	100668.351	194.885225	22.0834135	0	11.3	0	0	3
136	258	0	1.04644225	100669.236	100591.442	100476.529	100669.236	192.707395	22.0834135	0	11.4	0	0	3
137	260	0	1.05413668	100671.606	100594.443	100481.559	100671.606	190.04713	22.0834135	0	11.6	0	0	3
138	262	0	1.06183111	100672.059	100597.374	100486.678	100672.059	185.380577	22.0834135	0	11.9	0	0	3
139	263	0	1.06952554	100674.345	100600.261	100491.245	100674.345	183.099869	22.0834135	0	12	0	0	3
140	265	0	1.07721997	100674.475	100603.08	100494.905	100674.475	179.569979	22.0834135	0	12.2	0	0	3
141	267	0	1.0849144	100673.951	100605.835	100498.549	100674.475	175.926079	22.0834135	0	12.5	0	0	3
142	269	0	1.09260882	100674.764	100608.546	100501.404	100674.764	173.360202	22.0834135	0	12.7	0	0	3
143	270	0	1.10030325	100676.927	100611.246	100504.863	100676.927	172.06379	22.0834135	0	12.8	0	0	3
144	272	0	1.10799768	100677.818	100613.907	100507.135	100677.818	170.683457	22.0834135	0	12.9	0	0	3
145	274	0	1.11569211	100678.72	100616.547	100510.821	100678.72	167.899471	22.0834135	0	13.1	0	0	3
146	276	0	1.12338654	100681.102	100619.166	100514.419	100681.102	166.682702	22.0834135	0	13.2	0	0	3
147	277	0	1.13108097	100682.884	100621.758	100519.899	100682.884	162.985266	22.0834135	0	13.5	0	0	3
148	279	0	1.13877539	100683.198	100624.27	100523.509	100683.198	159.689921	22.0834135	0	13.8	0	0	3
149	282	0	1.14646982	100684.015	100626.74	100527.554	100684.015	156.460905	22.0834135	0	14.1	0	0	3
150	283	0	1.15416425	100686.213	100629.181	100531.032	100686.213	155.181628	22.0834135	0	14.2	0	0	3
151	285	0	1.16185868	100685.572	100631.558	100535.732	100686.213	150.481171	22.0834135	0	14.6	0	0	3
152	287	0	1.16955311	100687.098	100633.887	100541.154	100687.098	145.943874	22.0834135	0	15.1	0	0	3
153	288	0	1.17724754	100689.235	100636.165	100547.373	100689.235	141.862412	22.0834135	0	15.5	0	0	3
154	290	0	1.18494196	100689.458	100638.351	100551.464	100689.458	137.993951	22.0834135	0	16	0	0	3
155	292	0	1.19263639	100690.297	100640.487	100555.046	100690.297	135.250654	22.0834135	0	16.3	0	0	3
156	295	0	1.20033082	100690.74	100642.574	100560.233	100690.74	130.507173	22.0834135	0	16.9	0	0	3
157	296	0	1.20802525	100692.915	100644.616	100565.436	100692.915	127.478957	22.0834135	0	17.3	0	0	3
158	298	0	1.21571968	100693.335	100646.583	100568.15	100693.335	125.184926	22.0834135	0	17.6	0	0	3
159	300	0	1.22341411	100694.803	100648.532	100572.019	100694.803	122.783886	22.0834135	0	17.9	0	0	3
160	302	0	1.23110853	100696.293	100650.444	100575.91	100696.293	120.383558	22.0834135	0	18.3	0	0	3
161	303	0	1.23880296	100697.87	100652.32	100579.273	100697.87	118.596766	22.0834135	0	18.6	0	0	3
162	305	0	1.24649739	100700.244	100654.181	100583.537	100700.244	116.706393	22.0834135	0	18.9	0	0	3
163	307	0	1.25419182	100698.929	100655.956	100587.395	100700.244	112.848707	22.0834135	0	19.5	0	0	3
164	309	0	1.26188625	100698.745	100657.67	100591.489	100700.244	108.755017	22.0834135	0	20.3	0	0	3
165	312	0	1.26958068	100700.306	100659.344	100594.114	100700.306	106.191217	22.0834135	0	20.7	0	0	3
166	313	0	1.2772751	100701.646	100660.998	100597.848	100701.646	103.798077	22.0834135	0	21.2	0	0	3
167	315	0	1.28496953	100704.122	100662.633	100600.381	100704.122	103.740549	22.0834135	0	21.2	0	0	3
168	317	0	1.29266396	100704.177	100664.23	100602.807	100704.177	101.369397	22.0834135	0	21.7	0	0	3
169	319	0	1.30035839	100704.122	100665.789	100606.571	100704.177	97.6054803	22.0834135	0	22.6	0	0	3
170	320	0	1.30805282	100705.876	100667.316	100609.074	100705.876	96.8022404	22.0834135	0	22.8	0	0	3
171	322	0	1.31574725	100707.173	100668.826	100612.568	100707.173	94.6053961	22.0834135	0	23.3	0	0	3
172	324	0	1.32344167	100708.547	100670.302	100615.78	100708.547	92.7675581	22.0834135	0	23.8	0	0	3
173	326	0	1.3311361	100710.86	100671.765	100616.285	100710.86	94.5757568	22.0834135	0	23.3	0	0	3
174	328	0	1.33883053	100712.647	100673.247	100619.96	100712.647	92.6873796	22.0834135	0	23.8	0	0	3
175	330	0	1.34652496	100713.498	100674.686	100623.219	100713.498	90.2790119	22.0834135	0	24.4	0	0	3
176	332	0	1.35421939	100716.16	100676.116	100625.99	100716.16	90.1701329	22.0834135	0	24.4	0	0	3
177	333	0	1.36191382	100717.948	100677.531	100627.753	100717.948	90.1947132	22.0834135	0	24.4	0	0	3
178	335	0	1.36960824	100718.315	100678.924	100629.705	100718.315	88.6097017	22.0834135	0	24.9	0	0	3
179	337	0	1.37730267	100720.073	100680.315	100632.261	100720.073	87.8123334	22.0834135	0	25.1	0	0	3
180	339	0	1.3849971	100719.807	100681.661	100635.82	100720.073	84.2530681	22.0834135	0	26.2	0	0	3
181	340	0	1.39269153	100722.36	100682.993	100638.462	100722.36	83.8980361	22.0834135	0	26.3	0	0	3
182	342	0	1.40038596	100723.565	100684.302	100640.317	100723.565	83.2481379	22.0834135	0	26.5	0	0	3
183	345	0	1.40808039	100724.202	100685.593	100641.458	100724.202	82.7441357	22.0834135	0	26.6	0	0	3
184	347	0	1.41577481	100725.266	100686.882	100643.79	100725.266	81.475821	22.0834135	0	27.1	0	0	3
185	348	0	1.42346924	100726.557	100688.155	100645.625	100726.557	80.9315903	22.0834135	0	27.2	0	0	3
186	350	0	1.43116367	100725.146	100689.379	100646.962	100726.557	79.5950254	22.0834135	0	27.7	0	0	3
187	352	0	1.4388581	100725.436	100690.586	100650.708	100726.557	75.8486088	22.0834135	0	29.1	0	0	3
188	353	0	1.44655253	100726.288	100691.749	100653.435	100726.557	73.1217514	22.0834135	0	30.2	0	0	3
189	356	0	1.45424696	100725.218	100692.837	100653.435	100726.557	73.1217514	22.0834135	0	30.2	0	0	3
190	358	0	1.46194138	100725.767	100693.95	100654.705	100726.557	71.8519798	22.0834135	0	30.7	0	0	3
191	360	0	1.46963581	100728.623	100695.087	100658.481	100728.623	70.1421125	22.0834135	0	31.4	0	0	3
192	361	0	1.47733024	100729.306	100696.177	100660.661	100729.306	68.6449808	22.0834135	0	32.1	0	0	3
193	363	0	1.48502467	100731.161	100697.258	100660.661	100731.161	70.5008209	22.0834135	0	31.3	0	0	3
194	365	0	1.4927191	100732.007	100698.356	100662.464	100732.007	69.5431403	22.0834135	0	31.7	0	0	3
195	367	0	1.50041353	100731.892	100699.424	100663.516	100732.007	68.4914151	22.0834135	0	32.2	0	0	3
196	368	0	1.50810795	100732.529	100700.486	100664.158	100732.529	68.370817	22.0834135	0	32.2	0	0	3
197	371	0	1.51580238	100735.122	100701.577	100665.339	100735.122	69.7821134	22.0834135	0	31.6	0	0	3
198	373	0	1.52349681	100737.079	100702.681	100666.259	100737.079	70.8198155	22.0834135	0	31.1	0	0	3
199	374	0	1.53119124	100737.277	100703.774	100668.351	100737.277	68.92589	22.0834135	0	32	0	0	3
200	376	0	1.53888567	100738.28	100704.849	100669.236	100738.28	69.0435071	22.0834135	0	31.9	0	0	3
201	380	0	1.5465801	100738.94	100705.922	100671.606	100738.94	67.3344139	22.0834135	0	32.7	0	0	3
202	382	0	1.55427452	100741.9	100707.003	100672.059	100741.9	69.8416167	22.0834135	0	31.6	0	0	3
203	384	0	1.56196895	100742.704	100708.09	100673.951	100742.704	68.7527445	22.0834135	0	32.1	0	0	3
204	385	0	1.56966338	100742.609	100709.14	100673.951	100742.704	68.7527445	22.0834135	0	32.1	0	0	3
205	387	0	1.57735781	100742.433	100710.186	100673.951	100742.704	68.7527445	22.0834135	0	32.1	0	0	3
206	389	0	1.58505224	100744.956	100711.278	100674.764	100744.956	70.1917517	22.0834135	0	31.4	0	0	3
207	391	0	1.59274667	100746.166	100712.377	100676.927	100746.166	69.2388731	22.0834135	0	31.8	0	0	3
208	392	0	1.60044109	100747.278	100713.459	100677.818	100747.278	69.4600057	22.0834135	0	31.7	0	0	3
209	394	0	1.60813552	100746.939	100714.522	100678.72	100747.278	68.5579365	22.0834135	0	32.2	0	0	3
210	396	0	1.61582995	100749.47	100715.611	100681.102	100749.47	68.3676685	22.0834135	0	32.3	0	0	3
211	398	0	1.62352438	100751.802	100716.698	100682.884	100751.802	68.9181188	22.0834135	0	32	0	0	3
212	400	0	1.63121881	100752.477	100717.769	100683.198	100752.477	69.2790378	22.0834135	0	31.8	0	0	3
213	402	0	1.63891324	100753.784	100718.855	100684.015	100753.784	69.7697204	22.0834135	0	31.6	0	0	3
214	404	0	1.64660766	100753.829	100719.929	100685.572	100753.829	68.2572752	22.0834135	0	32.3	0	0	3
215	405	0	1.65430209	100754.112	100720.974	100685.572	100754.112	68.5405765	22.0834135	0	32.2	0	0	3
216	407	0	1.66199652	100754.087	100722.028	100687.098	100754.112	67.0146683	22.0834135	0	32.9	0	0	3
217	409	0	1.66969095	100754.819	100723.07	100689.235	100754.819	65.583525	22.0834135	0	33.6	0	0	3
218	411	0	1.67738538	100756.165	100724.099	100689.458	100756.165	66.7067119	22.0834135	0	33.1	0	0	3
219	412	0	1.68507981	100756.931	100725.137	100690.297	100756.931	66.6342665	22.0834135	0	33.1	0	0	3
220	415	0	1.69277423	100757.612	100726.173	100690.74	100757.612	66.8723796	22.0834135	0	33	0	0	3
221	417	0	1.70046866	100758.035	100727.208	100692.915	100758.035	65.1193575	22.0834135	0	33.9	0	0	3
222	419	0	1.70816309	100758.754	100728.221	100693.335	100758.754	65.4191933	22.0834135	0	33.7	0	0	3
223	420	0	1.71585752	100759.61	100729.241	100694.803	100759.61	64.8065488	22.0834135	0	34	0	0	3
224	422	0	1.72355195	100759.316	100730.233	100696.293	100759.61	63.3161485	22.0834135	0	34.8	0	0	3
225	424	0	1.73124638	100760.291	100731.218	100697.87	100760.291	62.4209219	22.0834135	0	35.3	0	0	3
226	426	0	1.7389408	100760.903	100732.188	100698.745	100760.903	62.1581096	22.0834135	0	35.5	0	0	3
227	427	0	1.74663523	100763.112	100733.155	100698.745	100763.112	64.3663564	22.0834135	0	34.3	0	0	3
228	429	0	1.75432966	100763.232	100734.144	100698.745	100763.232	64.486467	22.0834135	0	34.2	0	0	3
229	431	0	1.76202409	100764.248	100735.152	100700.306	100764.248	63.9420364	22.0834135	0	34.5	0	0	3
230	433	0	1.76971852	100765.111	100736.149	100701.646	100765.111	63.4652384	22.0834135	0	34.7	0	0	3
231	435	0	1.77741295	100763.099	100737.094	100704.122	100765.111	60.9894632	22.0834135	0	36.2	0	0	3
232	437	0	1.78510737	100763.256	100738.004	100704.122	100765.111	60.989244	22.0834135	0	36.2	0	0	3
233	439	0	1.7928018	100765.596	100738.949	100704.122	100765.596	61.473473	22.0834135	0	35.9	0	0	3
234	440	0	1.80049623	100765.309	100739.89	100705.876	100765.596	59.7192646	22.0834135	0	36.9	0	0	3
235	442	0	1.80819066	100764.061	100740.786	100707.173	100765.596	58.4222755	22.0834135	0	37.7	0	0	3
236	444	0	1.81588509	100766.228	100741.694	100708.547	100766.228	57.6803293	22.0834135	0	38.2	0	0	3
237	445	0	1.82357952	100766.645	100742.588	100710.86	100766.645	55.7840544	22.0834135	0	39.5	0	0	3
238	447	0	1.83127394	100766.764	100743.448	100712.647	100766.764	54.1169764	22.0834135	0	40.8	0	0	3
239	449	0	1.83896837	100767.543	100744.292	100713.498	100767.543	54.0452334	22.0834135	0	40.8	0	0	3
240	451	0	1.8466628	100767.412	100745.122	100716.16	100767.543	51.3828317	22.0834135	0	42.9	0	0	3
241	452	0	1.85435723	100769.401	100745.941	100717.948	100769.401	51.4531807	22.0834135	0	42.9	0	0	3
242	454	0	1.86205166	100772.46	100746.78	100718.315	100772.46	54.1458733	22.0834135	0	40.7	0	0	3
243	456	0	1.86974609	100772.934	100747.62	100719.807	100772.934	53.1267769	22.0834135	0	41.5	0	0	3
244	458	0	1.87744051	100772.8	100748.431	100719.807	100772.934	53.1267769	22.0834135	0	41.5	0	0	3
245	460	0	1.88513494	100774.163	100749.267	100722.36	100774.163	51.8022559	22.0834135	0	42.6	0	0	3
246	462	0	1.89282937	100775.042	100750.078	100723.565	100775.042	51.4767911	22.0834135	0	42.8	0	0	3
247	464	0	1.9005238	100776.376	100750.89	100724.202	100776.376	52.1736948	22.0834135	0	42.3	0	0	3
248	466	0	1.90821823	100777.876	100751.716	100725.146	100777.876	52.7299846	22.0834135	0	41.8	0	0	3
249	468	0	1.91591266	100776.918	100752.511	100725.146	100777.876	52.7299846	22.0834135	0	41.8	0	0	3
250	469	0	1.92360708	100779.129	100753.32	100725.146	100779.129	53.9825277	22.0834135	0	40.9	0	0	3
251	471	0	1.93130151	100780.148	100754.166	100725.218	100780.148	54.9297873	22.0834135	0	40.2	0	0	3
252	473	0	1.93899594	100781.816	100755.033	100725.218	100781.816	56.5974692	22.0834135	0	39	0	0	3
253	475	0	1.94669037	100782.448	100755.897	100725.218	100782.448	57.2299859	22.0834135	0	38.5	0	0	3
254	476	0	1.9543848	100783.094	100756.787	100725.767	100783.094	57.327518	22.0834135	0	38.5	0	0	3
255	478	0	1.96207923	100782.119	100757.654	100728.623	100783.094	54.4709485	22.0834135	0	40.5	0	0	3
256	480	0	1.96977365	100781.832	100758.473	100729.306	100783.094	53.7887471	22.0834135	0	41	0	0	3
257	483	0	1.97746808	100781.495	100759.276	100731.161	100783.094	51.932907	22.0834135	0	42.5	0	0	3
258	484	0	1.98516251	100781.208	100760.046	100731.892	100783.094	51.2027598	22.0834135	0	43.1	0	0	3
259	486	0	1.99285694	100782.693	100760.826	100731.892	100783.094	51.2027598	22.0834135	0	43.1	0	0	3
260	488	0	2.00055137	100783.301	100761.617	100732.529	100783.301	50.7723242	22.0834135	0	43.4	0	0	3
261	490	0	2.0082458	100783.481	100762.4	100735.122	100783.481	48.3597245	22.0834135	0	45.6	0	0	3
262	491	0	2.01594022	100782.991	100763.137	100737.079	100783.481	46.4027228	22.0834135	0	47.5	0	0	3
263	493	0	2.02363465	100783.163	100763.846	100737.277	100783.481	46.2042684	22.0834135	0	47.7	0	0	3
264	495	0	2.03132908	100782.991	100764.549	100738.28	100783.481	45.2014664	22.0834135	0	48.8	0	0	3
265	497	0	2.03902351	100782.575	100765.231	100738.94	100783.481	44.5410167	22.0834135	0	49.5	0	0	3
266	499	0	2.04671794	100782.415	100765.9	100741.9	100783.481	41.5809281	22.0834135	0	53.1	0	0	3
267	500	0	2.05441237	100780.763	100766.497	100742.433	100783.481	41.0480125	22.0834135	0	53.7	0	0	3
268	502	0	2.06210679	100783.548	100767.126	100742.433	100783.548	41.1151156	22.0834135	0	53.7	0	0	3
269	504	0	2.06980122	100785.03	100767.778	100742.433	100785.03	42.5966126	22.0834135	0	51.8	0	0	3
270	506	0	2.07749565	100784.728	100768.429	100744.956	100785.03	40.0741884	22.0834135	0	55.1	0	0	3
271	508	0	2.08519008	100784.285	100769.034	100746.166	100785.03	38.8641154	22.0834135	0	56.8	0	0	3
272	510	0	2.09288451	100784	100769.616	100746.939	100785.03	38.0908612	22.0834135	0	57.9	0	0	3
273	511	0	2.10057894	100783.42	100770.172	100746.939	100785.03	38.0908612	22.0834135	0	57.9	0	0	3
274	513	0	2.10827336	100784.963	100770.757	100749.47	100785.03	35.5603777	22.0834135	0	62.1	0	0	3
275	515	0	2.11596779	100785.876	100771.317	100751.802	100785.876	34.0736037	22.0834135	0	64.8	0	0	3
276	517	0	2.12366222	100784.864	100771.826	100752.477	100785.876	33.3982047	22.0834135	0	66.1	0	0	3
277	518	0	2.13135665	100783.282	100772.3	100753.784	100785.876	32.0912424	22.0834135	0	68.8	0	0	3
278	520	0	2.13905108	100785.311	100772.785	100753.829	100785.876	32.0466934	22.0834135	0	68.9	0	0	3
279	522	0	2.14674551	100787.598	100773.304	100754.087	100787.598	33.510889	22.0834135	0	65.8	0	0	3
280	524	0	2.15443993	100790.503	100773.864	100754.087	100790.503	36.415267	22.0834135	0	60.6	0	0	3
281	526	0	2.16213436	100789.766	100774.413	100754.819	100790.503	35.6840997	22.0834135	0	61.8	0	0	3
282	527	0	2.16982879	100787.449	100774.915	100756.165	100790.503	34.3376774	22.0834135	0	64.3	0	0	3
283	529	0	2.17752322	100788.549	100775.413	100756.931	100790.503	33.5713253	22.0834135	0	65.7	0	0	3
284	531	0	2.18521765	100788.832	100775.904	100757.612	100790.503	32.8905435	22.0834135	0	67.1	0	0	3
285	533	0	2.19291208	100789.736	100776.398	100758.035	100790.503	32.4679391	22.0834135	0	68	0	0	3
286	535	0	2.2006065	100789.485	100776.882	100758.754	100790.503	31.7486226	22.0834135	0	69.5	0	0	3
287	536	0	2.20830093	100788.755	100777.344	100759.316	100790.503	31.1862443	22.0834135	0	70.8	0	0	3
288	538	0	2.21599536	100790.024	100777.812	100759.316	100790.503	31.1862443	22.0834135	0	70.8	0	0	3
289	540	0	2.22368979	100790.61	100778.293	100760.291	100790.61	30.3183479	22.0834135	0	72.8	0	0	3
290	542	0	2.23138422	100792.124	100778.783	100760.903	100792.124	31.2205643	22.0834135	0	70.7	0	0	3
291	544	0	2.23907865	100791.407	100779.252	100763.099	100792.124	29.0250469	22.0834135	0	76	0	0	3
292	546	0	2.24677307	100793.643	100779.722	100763.099	100793.643	30.5443734	22.0834135	0	72.2	0	0	3
293	547	0	2.2544675	100793.978	100780.195	100763.099	100793.978	30.879213	22.0834135	0	71.5	0	0	3
294	549	0	2.26216193	100792.023	100780.622	100763.099	100793.978	30.879213	22.0834135	0	71.5	0	0	3
295	551	0	2.26985636	100790.706	100781.016	100763.099	100793.978	30.879213	22.0834135	0	71.5	0	0	3
296	553	0	2.27755079	100791.752	100781.457	100763.256	100793.978	30.722122	22.0834135	0	71.8	0	0	3
297	554	0	2.28524522	100792.469	100781.906	100764.061	100793.978	29.9168043	22.0834135	0	73.8	0	0	3
298	556	0	2.29293964	100793.327	100782.333	100764.061	100793.978	29.9168043	22.0834135	0	73.8	0	0	3
299	558	0	2.30063407	100794.388	100782.78	100764.061	100794.388	30.3268683	22.0834135	0	72.8	0	0	3
300	560	0	2.3083285	100794.158	100783.243	100766.228	100794.388	28.1605008	22.0834135	0	78.4	0	0	3
301	564	0	2.31602293	100795.366	100783.692	100766.645	100795.366	28.7218262	22.0834135	0	76.8	0	0	3
302	566	0	2.32371736	100796.919	100784.157	100766.764	100796.919	30.154719	22.0834135	0	73.2	0	0	3
303	567	0	2.33141179	100796.026	100784.607	100767.412	100796.919	29.5072802	22.0834135	0	74.8	0	0	3
304	569	0	2.33910621	100795.219	100785.033	100767.412	100796.919	29.5072802	22.0834135	0	74.8	0	0	3
305	571	0	2.34680064	100795.407	100785.464	100769.401	100796.919	27.5179437	22.0834135	0	80.2	0	0	3
306	573	0	2.35449507	100795.673	100785.868	100772.46	100796.919	24.4585144	22.0834135	0	90.2	0	0	3
307	575	0	2.3621895	100795.946	100786.229	100772.8	100796.919	24.1185755	22.0834135	0	91.5	0	0	3
308	577	0	2.36988393	100795.909	100786.583	100772.8	100796.919	24.1185755	22.0834135	0	91.5	0	0	3
309	578	0	2.37757836	100796.025	100786.94	100774.163	100796.919	22.7562455	22.0834135	0	97	0	0	3
310	580	0	2.38527278	100799.003	100787.322	100775.042	100799.003	23.9605856	22.0834135	0	92.1	0	0	3
311	582	0	2.39296721	100801.147	100787.724	100776.376	100801.147	24.7715432	22.0834135	0	89.1	0	0	3
312	584	0	2.40066164	100802.138	100788.12	100776.918	100802.138	25.2199389	22.0834135	0	87.5	0	0	3
313	586	0	2.40835607	100800.191	100788.464	100776.918	100802.138	25.2199389	22.0834135	0	87.5	0	0	3
314	587	0	2.4160505	100799.032	100788.804	100779.129	100802.138	23.0090473	22.0834135	0	95.9	0	0	3
315	589	0	2.42374493	100798.228	100789.098	100780.148	100802.138	21.9899144	22.0834135	0	100	0	0	3
