Iteration	CPUTime	PhysTime	Travels	Value	AvValue	MinValue	MaxValue	Delta	Criteria	PrevAvRefValue	Progress	CriteriaType	CriteriaVarType	CriteriaPercentage
1	12	0	0.00769442833	-2.74272655	-2.74272655	-2.74272655	-2.74272655	0	0	0	0	0	0	3
2	13	0	0.0153888567	-2.74332963	-2.74302809	-2.74332963	-2.74272655	0.000301535282	0	0	0	0	0	3
3	15	0	0.023083285	-2.74332975	-2.74312864	-2.74332975	-2.74272655	0.000402087262	0	0	0	0	0	3
4	17	0	0.0307777133	-2.74332966	-2.7431789	-2.74332975	-2.74272655	0.000452340637	0	0	0	0	0	3
5	19	0	0.0384721417	-2.74332967	-2.74320905	-2.74332975	-2.74272655	0.000482494689	0	0	0	0	0	3
6	20	0	0.04616657	-2.74332967	-2.74322915	-2.74332975	-2.74272655	0.000502598171	0	0	0	0	0	3
7	22	0	0.0538609983	-2.74332969	-2.74324351	-2.74332975	-2.74272655	0.000516960071	0	0	0	0	0	3
8	24	0	0.0615554267	-2.74332958	-2.74325427	-2.74332975	-2.74272655	0.000527718805	0	0	0	0	0	3
9	25	0	0.069249855	-2.74333249	-2.74326296	-2.74333249	-2.74272655	0.000536409328	0	0	0	0	0	3
10	27	0	0.0769442833	-2.74333208	-2.74326988	-2.74333249	-2.74272655	0.000543321121	0	0	0	0	0	3
11	28	0	0.0846387117	-2.74333262	-2.74327558	-2.74333262	-2.74272655	0.000549024967	0	0	0	0	0	3
12	30	0	0.09233314	-2.74333235	-2.74328031	-2.74333262	-2.74272655	0.000553756208	0	0	0	0	0	3
13	32	0	0.100027568	-2.74333376	-2.74328442	-2.74333376	-2.74272655	0.000557867872	0	0	0	0	0	3
14	34	0	0.107721997	-2.74333349	-2.74328793	-2.74333376	-2.74272655	0.000561372793	0	0	0	0	0	3
15	35	0	0.115416425	-2.74333751	-2.74329123	-2.74333751	-2.74272655	0.000564678368	0	0	0	0	0	3
16	37	0	0.123110853	-2.74333426	-2.74329392	-2.74333751	-2.74272655	0.000567367791	0	0	0	0	0	3
17	39	0	0.130805282	-2.74333609	-2.7432964	-2.74333751	-2.74272655	0.000569848419	0	0	0	0	0	3
18	40	0	0.13849971	-2.74333905	-2.74329877	-2.74333905	-2.74272655	0.0005722177	0	0	0	0	0	3
19	42	0	0.146194138	-2.74333085	-2.74330046	-2.74333905	-2.74272655	0.000573906085	0	0	0	0	0	3
20	44	0	0.153888567	-2.74334469	-2.74330267	-2.74334469	-2.74272655	0.000576117522	0	0	0	0	0	3
21	46	0	0.161582995	-2.74333885	-2.74330439	-2.74334469	-2.74272655	0.000577840374	0	0	0	0	0	3
22	48	0	0.169277423	-2.74333782	-2.74330591	-2.74334469	-2.74272655	0.000579359916	0	0	0	0	0	3
23	50	0	0.176971852	-2.74334092	-2.74330744	-2.74334469	-2.74272655	0.00058088207	0	0	0	0	0	3
24	51	0	0.18466628	-2.74334213	-2.74330888	-2.74334469	-2.74272655	0.000582327444	0	0	0	0	0	3
25	53	0	0.192360708	-2.74333413	-2.74330989	-2.74334469	-2.74272655	0.000583337476	0	0	0	0	0	3
26	55	0	0.200055137	-2.74333244	-2.74331076	-2.74334469	-2.74272655	0.000584204814	0	0	0	0	0	3
27	57	0	0.207749565	-2.74333005	-2.74331147	-2.74334469	-2.74272655	0.000584919452	0	0	0	0	0	3
28	59	0	0.215443993	-2.7433424	-2.74331258	-2.74334469	-2.74272655	0.00058602398	0	0	0	0	0	3
29	60	0	0.223138422	-2.74334051	-2.74331354	-2.74334469	-2.74272655	0.000586987052	0	0	0	0	0	3
30	62	0	0.23083285	-2.7433142	-2.74331356	-2.74334469	-2.74272655	0.000587009091	0	0	0	0	0	3
31	64	0	0.238527278	-2.74333072	-2.74331412	-2.74334469	-2.74272655	0.00058756261	0	0	0	0	0	3
32	66	0	0.246221707	-2.74335181	-2.74331529	-2.74335181	-2.74272655	0.000588740429	0	0	0	0	0	3
33	68	0	0.253916135	-2.74334176	-2.7433161	-2.74335181	-2.74272655	0.000589542364	0	0	0	0	0	3
34	70	0	0.261610563	-2.74332689	-2.74331641	-2.74335181	-2.74272655	0.00058985969	0	0	0	0	0	3
35	71	0	0.269304992	-2.74333204	-2.74331686	-2.74335181	-2.74272655	0.000590306264	0	0	0	0	0	3
36	73	0	0.27699942	-2.74334458	-2.74331763	-2.74335181	-2.74272655	0.000591076113	0	0	0	0	0	3
37	75	0	0.284693848	-2.74335799	-2.74331872	-2.74335799	-2.74272655	0.000592166851	0	0	0	0	0	3
38	77	0	0.292388277	-2.7433362	-2.74331918	-2.74335799	-2.74272655	0.00059262688	0	0	0	0	0	3
39	79	0	0.300082705	-2.74334054	-2.74331973	-2.74335799	-2.74272655	0.000593174496	0	0	0	0	0	3
40	81	0	0.307777133	-2.74332688	-2.74331991	-2.74335799	-2.74272655	0.000593353154	0	0	0	0	0	3
41	83	0	0.315471562	-2.74333199	-2.7433202	-2.74335799	-2.74272655	0.000593647746	0	0	0	0	0	3
42	85	0	0.32316599	-2.74333558	-2.74332057	-2.74335799	-2.74272655	0.000594013903	0	0	0	0	0	3
43	87	0	0.330860418	-2.74333534	-2.74332091	-2.74335799	-2.74272655	0.000594357457	0	0	0	0	0	3
44	88	0	0.338554847	-2.74331466	-2.74332077	-2.74335799	-2.74272655	0.000594357457	0	0	0	0	0	3
45	90	0	0.346249275	-2.74335401	-2.74332151	-2.74335799	-2.74272655	0.000594953988	0	0	0	0	0	3
46	92	0	0.353943703	-2.74331039	-2.74332127	-2.74335799	-2.74272655	0.000594953988	0	0	0	0	0	3
47	94	0	0.361638132	-2.7433405	-2.74332168	-2.74335799	-2.74272655	0.000595121449	0	0	0	0	0	3
48	96	0	0.36933256	-2.74334006	-2.74332206	-2.74335799	-2.74272655	0.000595504464	0	0	0	0	0	3
49	98	0	0.377026988	-2.7433118	-2.74332185	-2.74335799	-2.74272655	0.000595504464	0	0	0	0	0	3
50	100	0	0.384721417	-2.7433528	-2.74332247	-2.74335799	-2.74272655	0.000595914003	0	0	0	0	0	3
51	102	0	0.392415845	-2.74333951	-2.7433228	-2.74335799	-2.74272655	0.000596248113	0	0	0	0	0	3
52	104	0	0.400110273	-2.74334511	-2.74332323	-2.74335799	-2.74272655	0.000596677032	0	0	0	0	0	3
53	105	0	0.407804702	-2.74332269	-2.74332322	-2.74335799	-2.74272655	0.000596677032	0	0	0	0	0	3
54	107	0	0.41549913	-2.74332208	-2.7433232	-2.74335799	-2.74272655	0.000596677032	0	0	0	0	0	3
55	109	0	0.423193558	-2.74334331	-2.74332357	-2.74335799	-2.74272655	0.000597011151	0	0	0	0	0	3
56	111	0	0.430887987	-2.74333811	-2.74332383	-2.74335799	-2.74272655	0.00059727082	0	0	0	0	0	3
57	113	0	0.438582415	-2.74333701	-2.74332406	-2.74335799	-2.74272655	0.000597502123	0	0	0	0	0	3
58	115	0	0.446276843	-2.74331451	-2.74332389	-2.74335799	-2.74272655	0.000597502123	0	0	0	0	0	3
59	117	0	0.453971272	-2.7433467	-2.74332428	-2.74335799	-2.74272655	0.000597723996	0	0	0	0	0	3
60	119	0	0.4616657	-2.74333383	-2.74332444	-2.74335799	-2.74272655	0.000597883205	0	0	0	0	0	3
61	121	0	0.469360128	-2.74331761	-2.74332433	-2.74335799	-2.74272655	0.000597883205	0	0	0	0	0	3
62	122	0	0.477054557	-2.74332299	-2.7433243	-2.74335799	-2.74272655	0.000597883205	0	0	0	0	0	3
63	124	0	0.484748985	-2.74333529	-2.74332448	-2.74335799	-2.74272655	0.000597924025	0	0	0	0	0	3
64	126	0	0.492443413	-2.74332546	-2.74332449	-2.74335799	-2.74272655	0.000597939329	0	0	0	0	0	3
65	128	0	0.500137842	-2.74329834	-2.74332409	-2.74335799	-2.74272655	0.000597939329	0	0	0	0	0	3
66	130	0	0.50783227	-2.74332928	-2.74333336	-2.74335799	-2.74329834	5.96459957e-05	0	0	0	0	0	3
67	132	0	0.515526698	-2.74334043	-2.74333353	-2.74335799	-2.74329834	5.96459957e-05	0	0	0	0	0	3
68	133	0	0.523221127	-2.74334565	-2.74333378	-2.74335799	-2.74329834	5.96459957e-05	0	0	0	0	0	3
69	135	0	0.530915555	-2.74334525	-2.74333401	-2.74335799	-2.74329834	5.96459957e-05	0	0	0	0	0	3
70	137	0	0.538609983	-2.74332476	-2.74333394	-2.74335799	-2.74329834	5.96459957e-05	0	0	0	0	0	3
71	139	0	0.546304412	-2.74334923	-2.74333424	-2.74335799	-2.74329834	5.96459957e-05	0	0	0	0	0	3
72	141	0	0.55399884	-2.74332597	-2.74333418	-2.74335799	-2.74329834	5.96459957e-05	0	0	0	0	0	3
73	142	0	0.561693268	-2.74335064	-2.74333451	-2.74335799	-2.74329834	5.96459957e-05	0	0	0	0	0	3
74	144	0	0.569387697	-2.74329292	-2.7433339	-2.74335799	-2.74329292	6.46317062e-05	0	0	0	0	0	3
75	146	0	0.577082125	-2.74335402	-2.74333424	-2.74335799	-2.74329292	5.89278606e-05	0	0	0	0	0	3
76	148	0	0.584776553	-2.7433267	-2.74333415	-2.74335799	-2.74329292	5.41966194e-05	0	0	0	0	0	3
77	150	0	0.592470982	-2.74334518	-2.74333434	-2.74335799	-2.74329292	5.00849554e-05	0	0	0	0	0	3
78	152	0	0.60016541	-2.74331578	-2.74333407	-2.74335799	-2.74329292	4.6580035e-05	0	0	0	0	0	3
79	154	0	0.607859838	-2.74333656	-2.74333411	-2.74335799	-2.74329292	4.32744598e-05	0	0	0	0	0	3
80	155	0	0.615554267	-2.74329755	-2.7433335	-2.74335799	-2.74329292	4.05850368e-05	0	0	0	0	0	3
81	157	0	0.623248695	-2.7433441	-2.74333365	-2.74335799	-2.74329292	3.81044086e-05	0	0	0	0	0	3
82	159	0	0.630943123	-2.74332668	-2.7433335	-2.74335799	-2.74329292	3.57351281e-05	0	0	0	0	0	3
83	161	0	0.638637552	-2.74334733	-2.74333363	-2.74335799	-2.74329292	3.40467429e-05	0	0	0	0	0	3
84	163	0	0.64633198	-2.74331884	-2.74333345	-2.74335799	-2.74329292	3.18353058e-05	0	0	0	0	0	3
85	165	0	0.654026408	-2.74332947	-2.74333321	-2.74335799	-2.74329292	3.01124533e-05	0	0	0	0	0	3
86	166	0	0.661720837	-2.74332945	-2.74333307	-2.74335799	-2.74329292	2.85929116e-05	0	0	0	0	0	3
87	168	0	0.669415265	-2.74331721	-2.74333275	-2.74335799	-2.74329292	2.70707579e-05	0	0	0	0	0	3
88	170	0	0.677109693	-2.74333231	-2.74333262	-2.74335799	-2.74329292	2.56253839e-05	0	0	0	0	0	3
89	172	0	0.684804122	-2.74335234	-2.74333278	-2.74335799	-2.74329292	2.46153513e-05	0	0	0	0	0	3
90	174	0	0.69249855	-2.74333692	-2.74333282	-2.74335799	-2.74329292	2.37480132e-05	0	0	0	0	0	3
91	175	0	0.700192978	-2.74334294	-2.74333298	-2.74335799	-2.74329292	2.30333757e-05	0	0	0	0	0	3
92	177	0	0.707887407	-2.74331172	-2.7433327	-2.74335799	-2.74329292	2.1928848e-05	0	0	0	0	0	3
93	179	0	0.715581835	-2.74334595	-2.74333275	-2.74335799	-2.74329292	2.09657753e-05	0	0	0	0	0	3
94	181	0	0.723276263	-2.74330902	-2.74333227	-2.74335799	-2.74329292	2.09437364e-05	0	0	0	0	0	3
95	183	0	0.730970692	-2.74335906	-2.74333296	-2.74335906	-2.74329292	2.03902174e-05	0	0	0	0	0	3
96	184	0	0.73866512	-2.74333385	-2.74333301	-2.74335906	-2.74329292	1.92123982e-05	0	0	0	0	0	3
97	186	0	0.746359548	-2.74334592	-2.74333292	-2.74335906	-2.74329292	1.84104639e-05	0	0	0	0	0	3
98	188	0	0.754053977	-2.74332334	-2.74333263	-2.74335906	-2.74329292	1.80931381e-05	0	0	0	0	0	3
99	190	0	0.761748405	-2.74332207	-2.74333256	-2.74335906	-2.74329292	1.76465637e-05	0	0	0	0	0	3
100	192	0	0.769442833	-2.74331718	-2.74333233	-2.74335906	-2.74329292	1.68767151e-05	0	0	0	0	0	3
101	196	0	0.777137262	-2.74334027	-2.74333226	-2.74335906	-2.74329292	1.57859764e-05	0	0	0	0	0	3
102	198	0	0.78483169	-2.74330994	-2.74333152	-2.74335906	-2.74329292	1.53259477e-05	0	0	0	0	0	3
103	199	0	0.792526118	-2.74334862	-2.74333172	-2.74335906	-2.74329292	1.47783317e-05	0	0	0	0	0	3
104	201	0	0.800220547	-2.74332826	-2.74333153	-2.74335906	-2.74329292	1.45996739e-05	0	0	0	0	0	3
105	203	0	0.807914975	-2.74334601	-2.74333182	-2.74335906	-2.74329292	1.43050818e-05	0	0	0	0	0	3
106	205	0	0.815609403	-2.74330514	-2.74333141	-2.74335906	-2.74329292	1.39389248e-05	0	0	0	0	0	3
107	206	0	0.823303832	-2.74333727	-2.74333143	-2.74335906	-2.74329292	1.37375555e-05	0	0	0	0	0	3
108	208	0	0.83099826	-2.74332854	-2.74333133	-2.74335906	-2.74329292	1.37375555e-05	0	0	0	0	0	3
109	210	0	0.838692688	-2.7433364	-2.74333166	-2.74335906	-2.74329292	1.32405966e-05	0	0	0	0	0	3
110	212	0	0.846387117	-2.74332528	-2.74333122	-2.74335906	-2.74329292	1.32405966e-05	0	0	0	0	0	3
111	214	0	0.854081545	-2.74330614	-2.74333116	-2.74335906	-2.74329292	1.28313791e-05	0	0	0	0	0	3
112	215	0	0.861775973	-2.74332778	-2.74333096	-2.74335906	-2.74329292	1.26577656e-05	0	0	0	0	0	3
113	217	0	0.869470402	-2.74334943	-2.74333111	-2.74335906	-2.74329292	1.26577656e-05	0	0	0	0	0	3
114	219	0	0.87716483	-2.7433141	-2.74333114	-2.74335906	-2.74329292	1.20388248e-05	0	0	0	0	0	3
115	221	0	0.884859258	-2.74332502	-2.74333071	-2.74335906	-2.74329292	1.17047149e-05	0	0	0	0	0	3
116	222	0	0.892553687	-2.74332937	-2.74333056	-2.74335906	-2.74329292	1.13072235e-05	0	0	0	0	0	3
117	224	0	0.900248115	-2.74333205	-2.74333036	-2.74335906	-2.74329292	1.13072235e-05	0	0	0	0	0	3
118	226	0	0.907942543	-2.74334686	-2.74333073	-2.74335906	-2.74329292	1.13072235e-05	0	0	0	0	0	3
119	228	0	0.915636972	-2.7433193	-2.74333069	-2.74335906	-2.74329292	1.0941677e-05	0	0	0	0	0	3
120	229	0	0.9233314	-2.74334665	-2.74333074	-2.74335906	-2.74329292	1.06820077e-05	0	0	0	0	0	3
121	231	0	0.931025828	-2.74332864	-2.74333059	-2.74335906	-2.74329292	1.06153646e-05	0	0	0	0	0	3
122	233	0	0.938720257	-2.74334513	-2.74333072	-2.74335906	-2.74329292	1.06153646e-05	0	0	0	0	0	3
123	235	0	0.946414685	-2.74332629	-2.7433309	-2.74335906	-2.74329292	1.04158357e-05	0	0	0	0	0	3
124	236	0	0.954109113	-2.74332098	-2.7433305	-2.74335906	-2.74329292	1.04158357e-05	0	0	0	0	0	3
125	238	0	0.961803542	-2.74334353	-2.74333065	-2.74335906	-2.74329292	1.04158357e-05	0	0	0	0	0	3
126	240	0	0.96949797	-2.74334223	-2.74333103	-2.74335906	-2.74329292	1.04158357e-05	0	0	0	0	0	3
127	242	0	0.977192398	-2.74333685	-2.74333124	-2.74335906	-2.74329292	1.04158357e-05	0	0	0	0	0	3
128	243	0	0.984886827	-2.74332091	-2.74333102	-2.74335906	-2.74329292	1.04158357e-05	0	0	0	0	0	3
129	245	0	0.992581255	-2.74333997	-2.74333125	-2.74335906	-2.74329292	1.04158357e-05	0	0	0	0	0	3
130	247	0	1.00027568	-2.7433217	-2.7433316	-2.74335906	-2.74329292	4.15089597e-06	0.0027433217	0	0	0	0	3
131	249	0	1.00797011	-2.743342	-2.7433318	-2.74335906	-2.74329292	4.15089597e-06	0.002743342	0	0	0	0	3
132	251	0	1.01566454	-2.74333238	-2.74333168	-2.74335906	-2.74329292	4.15089597e-06	0.00274333238	0	0	0	0	3
133	253	0	1.02335897	-2.74333817	-2.74333156	-2.74335906	-2.74329292	4.15089597e-06	0.00274333817	0	0	0	0	3
134	255	0	1.0310534	-2.74332728	-2.74333129	-2.74335906	-2.74329292	4.15089597e-06	0.00274332728	0	0	0	0	3
135	256	0	1.03874783	-2.74333776	-2.74333149	-2.74335906	-2.74329292	4.15089597e-06	0.00274333776	0	0	0	0	3
136	258	0	1.04644225	-2.74332885	-2.74333117	-2.74335906	-2.74329292	4.15089597e-06	0.00274332885	0	0	0	0	3
137	260	0	1.05413668	-2.74332805	-2.7433312	-2.74335906	-2.74329292	4.15089597e-06	0.00274332805	0	0	0	0	3
138	262	0	1.06183111	-2.74332791	-2.74333085	-2.74335906	-2.74329292	3.98599763e-06	0.00274332791	0	0	0	0	3
139	263	0	1.06952554	-2.7433451	-2.74333166	-2.74335906	-2.74329755	3.98599763e-06	0.0027433451	0	0	0	0	3
140	265	0	1.07721997	-2.7433248	-2.74333121	-2.74335906	-2.74329755	3.98599763e-06	0.0027433248	0	0	0	0	3
141	267	0	1.0849144	-2.74334917	-2.74333155	-2.74335906	-2.74329755	3.98599763e-06	0.00274334917	0	0	0	0	3
142	269	0	1.09260882	-2.7433325	-2.74333136	-2.74335906	-2.74329755	3.75669416e-06	0.0027433325	0	0	0	0	3
143	270	0	1.10030325	-2.74334462	-2.7433318	-2.74335906	-2.74329755	3.75669416e-06	0.00274334462	0	0	0	0	3
144	272	0	1.10799768	-2.74332223	-2.74333158	-2.74335906	-2.74329755	3.29324117e-06	0.00274332223	0	0	0	0	3
145	274	0	1.11569211	-2.74332306	-2.74333197	-2.74335906	-2.74330514	3.29324117e-06	0.00274332306	0	0	0	0	3
146	276	0	1.12338654	-2.74333187	-2.74333178	-2.74335906	-2.74330514	3.27579356e-06	0.00274333187	0	0	0	0	3
147	277	0	1.13108097	-2.74333538	-2.74333192	-2.74335906	-2.74330514	3.27579356e-06	0.00274333538	0	0	0	0	3
148	279	0	1.13877539	-2.7433511	-2.74333198	-2.74335906	-2.74330514	3.09101018e-06	0.0027433511	0	0	0	0	3
149	282	0	1.14646982	-2.74333653	-2.74333225	-2.74335906	-2.74330514	2.85684382e-06	0.00274333653	0	0	0	0	3
150	283	0	1.15416425	-2.74334017	-2.74333241	-2.74335906	-2.74330514	2.71221299e-06	0.00274334017	0	0	0	0	3
151	285	0	1.16185868	-2.74331787	-2.74333224	-2.74335906	-2.74330514	2.65029511e-06	0.00274331787	0	0	0	0	3
152	287	0	1.16955311	-2.74335556	-2.74333283	-2.74335906	-2.74330514	2.65029511e-06	0.00274335556	0	0	0	0	3
153	288	0	1.17724754	-2.74333285	-2.74333283	-2.74335906	-2.74330514	2.65029511e-06	0.00274333285	0	0	0	0	3
154	290	0	1.18494196	-2.74332898	-2.74333247	-2.74335906	-2.74330514	2.65029511e-06	0.00274332898	0	0	0	0	3
155	292	0	1.19263639	-2.74335272	-2.74333272	-2.74335906	-2.74330514	2.65029511e-06	0.00274335272	0	0	0	0	3
156	295	0	1.20033082	-2.74332523	-2.74333244	-2.74335906	-2.74330514	2.65029511e-06	0.00274332523	0	0	0	0	3
157	296	0	1.20802525	-2.74334433	-2.74333295	-2.74335906	-2.74330514	2.65029511e-06	0.00274334433	0	0	0	0	3
158	298	0	1.21571968	-2.74332757	-2.74333266	-2.74335906	-2.74330514	2.65029511e-06	0.00274332757	0	0	0	0	3
159	300	0	1.22341411	-2.74333655	-2.74333309	-2.74335906	-2.74330514	2.73095897e-06	0.00274333655	0	0	0	0	3
160	302	0	1.23110853	-2.74334012	-2.7433328	-2.74335556	-2.74330514	2.73095897e-06	0.00274334012	0	0	0	0	3
161	303	0	1.23880296	-2.74332747	-2.7433327	-2.74335556	-2.74330514	2.73095897e-06	0.00274332747	0	0	0	0	3
162	305	0	1.24649739	-2.7433407	-2.74333262	-2.74335556	-2.74330514	2.73095897e-06	0.0027433407	0	0	0	0	3
163	307	0	1.25419182	-2.74333267	-2.74333276	-2.74335556	-2.74330514	2.73095897e-06	0.00274333267	0	0	0	0	3
164	309	0	1.26188625	-2.74334179	-2.74333306	-2.74335556	-2.74330514	2.73095897e-06	0.00274334179	0	0	0	0	3
165	312	0	1.26958068	-2.74334667	-2.74333352	-2.74335556	-2.74330514	3.16155255e-06	0.00274334667	0	0	0	0	3
166	313	0	1.2772751	-2.74332298	-2.74333325	-2.74335556	-2.74330514	3.16155255e-06	0.00274332298	0	0	0	0	3
167	315	0	1.28496953	-2.74334364	-2.74333377	-2.74335556	-2.74330514	3.41403584e-06	0.00274334364	0	0	0	0	3
168	317	0	1.29266396	-2.74332645	-2.74333343	-2.74335556	-2.74330514	3.41403584e-06	0.00274332645	0	0	0	0	3
169	319	0	1.30035839	-2.74333624	-2.74333355	-2.74335556	-2.74330514	3.41403584e-06	0.00274333624	0	0	0	0	3
170	320	0	1.30805282	-2.74334785	-2.74333358	-2.74335556	-2.74330514	3.41403584e-06	0.00274334785	0	0	0	0	3
171	322	0	1.31574725	-2.74332998	-2.74333396	-2.74335556	-2.74330614	3.60623973e-06	0.00274332998	0	0	0	0	3
172	324	0	1.32344167	-2.74334095	-2.74333402	-2.74335556	-2.74330614	3.66283532e-06	0.00274334095	0	0	0	0	3
173	326	0	1.3311361	-2.74333065	-2.74333405	-2.74335556	-2.74330614	3.69528143e-06	0.00274333065	0	0	0	0	3
174	328	0	1.33883053	-2.7433301	-2.74333395	-2.74335556	-2.74330614	3.69528143e-06	0.0027433301	0	0	0	0	3
175	330	0	1.34652496	-2.74334532	-2.74333426	-2.74335556	-2.74330614	3.90650431e-06	0.00274334532	0	0	0	0	3
176	332	0	1.35421939	-2.74333341	-2.74333468	-2.74335556	-2.7433141	4.32609016e-06	0.00274333341	0	0	0	0	3
177	333	0	1.36191382	-2.7433399	-2.74333487	-2.74335556	-2.7433141	4.51254064e-06	0.0027433399	0	0	0	0	3
178	335	0	1.36960824	-2.74333035	-2.74333458	-2.74335556	-2.7433141	4.51254064e-06	0.00274333035	0	0	0	0	3
179	337	0	1.37730267	-2.74333521	-2.7433349	-2.74335556	-2.74331787	4.54377279e-06	0.00274333521	0	0	0	0	3
180	339	0	1.3849971	-2.74334557	-2.74333522	-2.74335556	-2.74331787	4.85996984e-06	0.00274334557	0	0	0	0	3
181	340	0	1.39269153	-2.74332946	-2.74333522	-2.74335556	-2.74331787	4.86142613e-06	0.00274332946	0	0	0	0	3
182	342	0	1.40038596	-2.74334027	-2.74333534	-2.74335556	-2.74331787	4.84246994e-06	0.00274334027	0	0	0	0	3
183	345	0	1.40808039	-2.74333117	-2.7433351	-2.74335556	-2.74331787	4.84246994e-06	0.00274333117	0	0	0	0	3
184	347	0	1.41577481	-2.74334076	-2.74333543	-2.74335556	-2.74331787	4.93122249e-06	0.00274334076	0	0	0	0	3
185	348	0	1.42346924	-2.74334431	-2.7433354	-2.74335556	-2.74331787	4.93122249e-06	0.00274334431	0	0	0	0	3
186	350	0	1.43116367	-2.74332928	-2.74333541	-2.74335556	-2.74331787	4.93122249e-06	0.00274332928	0	0	0	0	3
187	352	0	1.4388581	-2.7433563	-2.74333558	-2.7433563	-2.74331787	5.07688289e-06	0.0027433563	0	0	0	0	3
188	353	0	1.44655253	-2.74332555	-2.74333557	-2.7433563	-2.74331787	5.07688289e-06	0.00274332555	0	0	0	0	3
189	356	0	1.45424696	-2.74332806	-2.74333568	-2.7433563	-2.74331787	5.02507881e-06	0.00274332806	0	0	0	0	3
190	358	0	1.46194138	-2.74335476	-2.74333585	-2.7433563	-2.74331787	4.99546719e-06	0.00274335476	0	0	0	0	3
191	360	0	1.46963581	-2.74332842	-2.74333564	-2.7433563	-2.74331787	4.99546719e-06	0.00274332842	0	0	0	0	3
192	361	0	1.47733024	-2.74332821	-2.7433355	-2.7433563	-2.74331787	4.99546719e-06	0.00274332821	0	0	0	0	3
193	363	0	1.48502467	-2.74334715	-2.74333591	-2.7433563	-2.74331787	5.05381998e-06	0.00274334715	0	0	0	0	3
194	365	0	1.4927191	-2.7433318	-2.74333578	-2.7433563	-2.74331787	5.05381998e-06	0.0027433318	0	0	0	0	3
195	367	0	1.50041353	-2.74335009	-2.74333622	-2.7433563	-2.74331787	5.36486273e-06	0.00274335009	0	0	0	0	3
196	368	0	1.50810795	-2.74333021	-2.74333604	-2.7433563	-2.74331787	5.36486273e-06	0.00274333021	0	0	0	0	3
197	371	0	1.51580238	-2.74332948	-2.74333599	-2.7433563	-2.74331787	5.36486273e-06	0.00274332948	0	0	0	0	3
198	373	0	1.52349681	-2.7433435	-2.74333607	-2.7433563	-2.74331787	5.36486273e-06	0.0027433435	0	0	0	0	3
199	374	0	1.53119124	-2.74333473	-2.74333619	-2.7433563	-2.74331787	5.36486273e-06	0.00274333473	0	0	0	0	3
200	376	0	1.53888567	-2.74333836	-2.7433362	-2.7433563	-2.74331787	5.36486273e-06	0.00274333836	0	0	0	0	3
201	380	0	1.5465801	-2.74334338	-2.74333642	-2.7433563	-2.74331787	5.5683231e-06	0.00274334338	0	0	0	0	3
202	382	0	1.55427452	-2.74333206	-2.74333648	-2.7433563	-2.74331787	5.63005094e-06	0.00274333206	0	0	0	0	3
203	384	0	1.56196895	-2.74333743	-2.74333663	-2.7433563	-2.74331787	5.42336849e-06	0.00274333743	0	0	0	0	3
204	385	0	1.56966338	-2.74333563	-2.74333648	-2.7433563	-2.74331787	5.42336849e-06	0.00274333563	0	0	0	0	3
205	387	0	1.57735781	-2.74334006	-2.74333672	-2.7433563	-2.74331787	5.36178764e-06	0.00274334006	0	0	0	0	3
206	389	0	1.58505224	-2.74334454	-2.74333665	-2.7433563	-2.74331787	5.36178764e-06	0.00274334454	0	0	0	0	3
207	391	0	1.59274667	-2.74331914	-2.74333644	-2.7433563	-2.74331787	5.13872653e-06	0.00274331914	0	0	0	0	3
208	392	0	1.60044109	-2.74334113	-2.74333639	-2.7433563	-2.74331787	5.13872653e-06	0.00274334113	0	0	0	0	3
209	394	0	1.60813552	-2.74334737	-2.74333678	-2.7433563	-2.74331787	4.99094436e-06	0.00274334737	0	0	0	0	3
210	396	0	1.61582995	-2.74333364	-2.74333694	-2.7433563	-2.74331787	5.15374438e-06	0.00274333364	0	0	0	0	3
211	398	0	1.62352438	-2.74333985	-2.74333706	-2.7433563	-2.74331787	5.14274194e-06	0.00274333985	0	0	0	0	3
212	400	0	1.63121881	-2.7433278	-2.74333694	-2.7433563	-2.74331787	5.08468675e-06	0.0027433278	0	0	0	0	3
213	402	0	1.63891324	-2.74333654	-2.74333672	-2.7433563	-2.74331787	4.8259531e-06	0.00274333654	0	0	0	0	3
214	404	0	1.64660766	-2.74334604	-2.74333687	-2.7433563	-2.74331787	4.8259531e-06	0.00274334604	0	0	0	0	3
215	405	0	1.65430209	-2.74332386	-2.74333662	-2.7433563	-2.74331787	4.8259531e-06	0.00274332386	0	0	0	0	3
216	407	0	1.66199652	-2.74333378	-2.74333686	-2.7433563	-2.74331914	4.61627406e-06	0.00274333378	0	0	0	0	3
217	409	0	1.66969095	-2.74334935	-2.74333677	-2.7433563	-2.74331914	4.61627406e-06	0.00274334935	0	0	0	0	3
218	411	0	1.67738538	-2.743331	-2.74333674	-2.7433563	-2.74331914	4.61627406e-06	0.002743331	0	0	0	0	3
219	412	0	1.68507981	-2.74333152	-2.74333678	-2.7433563	-2.74331914	4.61627406e-06	0.00274333152	0	0	0	0	3
220	415	0	1.69277423	-2.74334432	-2.74333665	-2.7433563	-2.74331914	4.61627406e-06	0.00274334432	0	0	0	0	3
221	417	0	1.70046866	-2.74333954	-2.74333687	-2.7433563	-2.74331914	4.44358899e-06	0.00274333954	0	0	0	0	3
222	419	0	1.70816309	-2.74332583	-2.74333658	-2.7433563	-2.74331914	4.44358899e-06	0.00274332583	0	0	0	0	3
223	420	0	1.71585752	-2.74334143	-2.7433368	-2.7433563	-2.74331914	4.44358899e-06	0.00274334143	0	0	0	0	3
224	422	0	1.72355195	-2.74333195	-2.74333672	-2.7433563	-2.74331914	4.44358899e-06	0.00274333195	0	0	0	0	3
225	424	0	1.73124638	-2.74333925	-2.74333671	-2.7433563	-2.74331914	4.44358899e-06	0.00274333925	0	0	0	0	3
226	426	0	1.7389408	-2.74334009	-2.74333691	-2.7433563	-2.74331914	4.44358899e-06	0.00274334009	0	0	0	0	3
227	427	0	1.74663523	-2.74332518	-2.74333667	-2.7433563	-2.74331914	4.30004303e-06	0.00274332518	0	0	0	0	3
228	429	0	1.75432966	-2.74332805	-2.7433366	-2.7433563	-2.74331914	3.99679366e-06	0.00274332805	0	0	0	0	3
229	431	0	1.76202409	-2.74334695	-2.74333668	-2.7433563	-2.74331914	3.80925157e-06	0.00274334695	0	0	0	0	3
230	433	0	1.76971852	-2.74333058	-2.74333643	-2.7433563	-2.74331914	3.80925157e-06	0.00274333058	0	0	0	0	3
231	435	0	1.77741295	-2.74332897	-2.74333652	-2.7433563	-2.74331914	3.63178003e-06	0.00274332897	0	0	0	0	3
232	437	0	1.78510737	-2.74334904	-2.7433366	-2.7433563	-2.74331914	3.63178003e-06	0.00274334904	0	0	0	0	3
233	439	0	1.7928018	-2.74332357	-2.74333656	-2.7433563	-2.74331914	3.50899963e-06	0.00274332357	0	0	0	0	3
234	440	0	1.80049623	-2.74332636	-2.74333641	-2.7433563	-2.74331914	3.48067367e-06	0.00274332636	0	0	0	0	3
235	442	0	1.80819066	-2.74335383	-2.7433365	-2.7433563	-2.74331914	3.10640462e-06	0.00274335383	0	0	0	0	3
236	444	0	1.81588509	-2.74333376	-2.74333656	-2.7433563	-2.74331914	3.10640462e-06	0.00274333376	0	0	0	0	3
237	445	0	1.82357952	-2.74332325	-2.74333628	-2.7433563	-2.74331914	3.10640462e-06	0.00274332325	0	0	0	0	3
238	447	0	1.83127394	-2.74334697	-2.74333654	-2.7433563	-2.74331914	3.10640462e-06	0.00274334697	0	0	0	0	3
239	449	0	1.83896837	-2.74333116	-2.74333655	-2.7433563	-2.74331914	2.79822835e-06	0.00274333116	0	0	0	0	3
240	451	0	1.8466628	-2.74332772	-2.74333628	-2.7433563	-2.74331914	2.48574957e-06	0.00274332772	0	0	0	0	3
241	452	0	1.85435723	-2.74334775	-2.7433365	-2.7433563	-2.74331914	2.48574957e-06	0.00274334775	0	0	0	0	3
242	454	0	1.86205166	-2.74332955	-2.74333634	-2.7433563	-2.74331914	2.48574957e-06	0.00274332955	0	0	0	0	3
243	456	0	1.86974609	-2.7433314	-2.74333636	-2.7433563	-2.74331914	2.16095987e-06	0.0027433314	0	0	0	0	3
244	458	0	1.87744051	-2.74335312	-2.74333663	-2.7433563	-2.74331914	1.95813178e-06	0.00274335312	0	0	0	0	3
245	460	0	1.88513494	-2.74333682	-2.7433365	-2.7433563	-2.74331914	1.95813178e-06	0.00274333682	0	0	0	0	3
246	462	0	1.89282937	-2.74331865	-2.74333633	-2.7433563	-2.74331865	1.95813178e-06	0.00274331865	0	0	0	0	3
247	464	0	1.9005238	-2.74335159	-2.74333651	-2.7433563	-2.74331865	1.95813178e-06	0.00274335159	0	0	0	0	3
248	466	0	1.90821823	-2.74332584	-2.74333642	-2.7433563	-2.74331865	1.66389434e-06	0.00274332584	0	0	0	0	3
249	468	0	1.91591266	-2.74333444	-2.74333633	-2.7433563	-2.74331865	1.66389434e-06	0.00274333444	0	0	0	0	3
250	469	0	1.92360708	-2.74334935	-2.74333641	-2.7433563	-2.74331865	1.65406516e-06	0.00274334935	0	0	0	0	3
251	471	0	1.93130151	-2.74332142	-2.74333628	-2.7433563	-2.74331865	1.5574783e-06	0.00274332142	0	0	0	0	3
252	473	0	1.93899594	-2.74333181	-2.74333591	-2.74335476	-2.74331865	1.5574783e-06	0.00274333181	0	0	0	0	3
253	475	0	1.94669037	-2.74335015	-2.74333629	-2.74335476	-2.74331865	1.5574783e-06	0.00274335015	0	0	0	0	3
254	476	0	1.9543848	-2.74332782	-2.74333628	-2.74335476	-2.74331865	1.5574783e-06	0.00274332782	0	0	0	0	3
255	478	0	1.96207923	-2.74332487	-2.74333582	-2.74335383	-2.74331865	1.5574783e-06	0.00274332487	0	0	0	0	3
256	480	0	1.96977365	-2.74334987	-2.74333615	-2.74335383	-2.74331865	1.5574783e-06	0.00274334987	0	0	0	0	3
257	483	0	1.97746808	-2.74333114	-2.7433362	-2.74335383	-2.74331865	1.27938617e-06	0.00274333114	0	0	0	0	3
258	484	0	1.98516251	-2.74333174	-2.74333596	-2.74335383	-2.74331865	1.27938617e-06	0.00274333174	0	0	0	0	3
259	486	0	1.99285694	-2.74334505	-2.74333616	-2.74335383	-2.74331865	1.23862149e-06	0.00274334505	0	0	0	0	3
260	488	0	2.00055137	-2.74332077	-2.74333571	-2.74335383	-2.74331865	1.3478953e-06	0.00274332077	0	0	0	0	3
261	490	0	2.0082458	-2.74333562	-2.7433358	-2.74335383	-2.74331865	1.3478953e-06	0.00274333562	0	0	0	0	3
262	491	0	2.01594022	-2.74334873	-2.74333609	-2.74335383	-2.74331865	1.3478953e-06	0.00274334873	0	0	0	0	3
263	493	0	2.02363465	-2.74333434	-2.74333595	-2.74335383	-2.74331865	1.3478953e-06	0.00274333434	0	0	0	0	3
264	495	0	2.03132908	-2.74332503	-2.7433358	-2.74335383	-2.74331865	1.3478953e-06	0.00274332503	0	0	0	0	3
265	497	0	2.03902351	-2.74335052	-2.74333599	-2.74335383	-2.74331865	1.3478953e-06	0.00274335052	0	0	0	0	3
266	499	0	2.04671794	-2.74332884	-2.74333577	-2.74335383	-2.74331865	1.3478953e-06	0.00274332884	0	0	0	0	3
267	500	0	2.05441237	-2.74333609	-2.74333583	-2.74335383	-2.74331865	1.3478953e-06	0.00274333609	0	0	0	0	3
268	502	0	2.06210679	-2.74334661	-2.74333597	-2.74335383	-2.74331865	1.3478953e-06	0.00274334661	0	0	0	0	3
269	504	0	2.06980122	-2.74332321	-2.74333578	-2.74335383	-2.74331865	1.3478953e-06	0.00274332321	0	0	0	0	3
270	506	0	2.07749565	-2.74333485	-2.7433357	-2.74335383	-2.74331865	1.36278354e-06	0.00274333485	0	0	0	0	3
271	508	0	2.08519008	-2.74335271	-2.74333582	-2.74335383	-2.74331865	1.36278354e-06	0.00274335271	0	0	0	0	3
272	510	0	2.09288451	-2.74332336	-2.74333589	-2.74335383	-2.74331865	1.36278354e-06	0.00274332336	0	0	0	0	3
273	511	0	2.10057894	-2.74333621	-2.74333581	-2.74335383	-2.74331865	1.36278354e-06	0.00274333621	0	0	0	0	3
274	513	0	2.10827336	-2.74334445	-2.74333577	-2.74335383	-2.74331865	1.36278354e-06	0.00274334445	0	0	0	0	3
275	515	0	2.11596779	-2.74331546	-2.74333549	-2.74335383	-2.74331546	1.57249715e-06	0.00274331546	0	0	0	0	3
276	517	0	2.12366222	-2.7433296	-2.74333533	-2.74335383	-2.74331546	1.61350103e-06	0.0027433296	0	0	0	0	3
277	518	0	2.13135665	-2.74335265	-2.74333571	-2.74335383	-2.74331546	1.57441559e-06	0.00274335265	0	0	0	0	3
278	520	0	2.13905108	-2.74332921	-2.7433356	-2.74335383	-2.74331546	1.57441559e-06	0.00274332921	0	0	0	0	3
279	522	0	2.14674551	-2.74331735	-2.74333516	-2.74335383	-2.74331546	1.74625045e-06	0.00274331735	0	0	0	0	3
280	524	0	2.15443993	-2.74334527	-2.74333549	-2.74335383	-2.74331546	1.74625045e-06	0.00274334527	0	0	0	0	3
281	526	0	2.16213436	-2.74333162	-2.74333546	-2.74335383	-2.74331546	1.74625045e-06	0.00274333162	0	0	0	0	3
282	527	0	2.16982879	-2.74334063	-2.74333532	-2.74335383	-2.74331546	1.74625045e-06	0.00274334063	0	0	0	0	3
283	529	0	2.17752322	-2.74335105	-2.74333563	-2.74335383	-2.74331546	1.74625045e-06	0.00274335105	0	0	0	0	3
284	531	0	2.18521765	-2.74331618	-2.74333539	-2.74335383	-2.74331546	1.74625045e-06	0.00274331618	0	0	0	0	3
285	533	0	2.19291208	-2.74332866	-2.74333515	-2.74335383	-2.74331546	1.75278119e-06	0.00274332866	0	0	0	0	3
286	535	0	2.2006065	-2.74334371	-2.74333522	-2.74335383	-2.74331546	1.75278119e-06	0.00274334371	0	0	0	0	3
287	536	0	2.20830093	-2.74333197	-2.74333531	-2.74335383	-2.74331546	1.75278119e-06	0.00274333197	0	0	0	0	3
288	538	0	2.21599536	-2.74333081	-2.74333515	-2.74335383	-2.74331546	1.7576838e-06	0.00274333081	0	0	0	0	3
289	540	0	2.22368979	-2.74334508	-2.74333535	-2.74335383	-2.74331546	1.7576838e-06	0.00274334508	0	0	0	0	3
290	542	0	2.23138422	-2.74333229	-2.74333524	-2.74335383	-2.74331546	1.7576838e-06	0.00274333229	0	0	0	0	3
291	544	0	2.23907865	-2.74333074	-2.7433351	-2.74335383	-2.74331546	1.57647924e-06	0.00274333074	0	0	0	0	3
292	546	0	2.24677307	-2.74334163	-2.74333535	-2.74335383	-2.74331546	1.57647924e-06	0.00274334163	0	0	0	0	3
293	547	0	2.2544675	-2.74332416	-2.74333529	-2.74335383	-2.74331546	1.57647924e-06	0.00274332416	0	0	0	0	3
294	549	0	2.26216193	-2.74333661	-2.74333513	-2.74335383	-2.74331546	1.53538606e-06	0.00274333661	0	0	0	0	3
295	551	0	2.26985636	-2.74334432	-2.74333534	-2.74335383	-2.74331546	1.53538606e-06	0.00274334432	0	0	0	0	3
296	553	0	2.27755079	-2.74333923	-2.7433355	-2.74335383	-2.74331546	1.53538606e-06	0.00274333923	0	0	0	0	3
297	554	0	2.28524522	-2.74332447	-2.74333512	-2.74335383	-2.74331546	1.53538606e-06	0.00274332447	0	0	0	0	3
298	556	0	2.29293964	-2.7433327	-2.74333526	-2.74335383	-2.74331546	1.53538606e-06	0.0027433327	0	0	0	0	3
299	558	0	2.30063407	-2.7433436	-2.74333553	-2.74335383	-2.74331546	1.53538606e-06	0.0027433436	0	0	0	0	3
300	560	0	2.3083285	-2.74333295	-2.74333521	-2.74335312	-2.74331546	1.53538606e-06	0.00274333295	0	0	0	0	3
301	564	0	2.31602293	-2.74333275	-2.74333519	-2.74335312	-2.74331546	1.53538606e-06	0.00274333275	0	0	0	0	3
302	566	0	2.32371736	-2.74332165	-2.74333517	-2.74335312	-2.74331546	1.53538606e-06	0.00274332165	0	0	0	0	3
303	567	0	2.33141179	-2.74333789	-2.74333503	-2.74335312	-2.74331546	1.60540114e-06	0.00274333789	0	0	0	0	3
304	569	0	2.33910621	-2.74334173	-2.74333519	-2.74335312	-2.74331546	1.60540114e-06	0.00274334173	0	0	0	0	3
305	571	0	2.34680064	-2.7433342	-2.74333529	-2.74335312	-2.74331546	1.60540114e-06	0.0027433342	0	0	0	0	3
306	573	0	2.35449507	-2.74332507	-2.74333494	-2.74335312	-2.74331546	1.69204913e-06	0.00274332507	0	0	0	0	3
307	575	0	2.3621895	-2.74334892	-2.74333524	-2.74335312	-2.74331546	1.69204913e-06	0.00274334892	0	0	0	0	3
308	577	0	2.36988393	-2.74333677	-2.74333532	-2.74335312	-2.74331546	1.69204913e-06	0.00274333677	0	0	0	0	3
309	578	0	2.37757836	-2.7433246	-2.74333488	-2.74335271	-2.74331546	1.62327436e-06	0.0027433246	0	0	0	0	3
310	580	0	2.38527278	-2.74333017	-2.74333478	-2.74335271	-2.74331546	1.72565405e-06	0.00274333017	0	0	0	0	3
311	582	0	2.39296721	-2.74334271	-2.74333515	-2.74335271	-2.74331546	1.72565405e-06	0.00274334271	0	0	0	0	3
312	584	0	2.40066164	-2.74333453	-2.74333489	-2.74335271	-2.74331546	1.64361657e-06	0.00274333453	0	0	0	0	3
313	586	0	2.40835607	-2.74333899	-2.74333509	-2.74335271	-2.74331546	1.62385371e-06	0.00274333899	0	0	0	0	3
314	587	0	2.4160505	-2.74333702	-2.74333513	-2.74335271	-2.74331546	1.62385371e-06	0.00274333702	0	0	0	0	3
315	589	0	2.42374493	-2.74334211	-2.74333502	-2.74335271	-2.74331546	1.50477516e-06	0.00274334211	0	0	0	0	3
