Iteration	CPUTime	PhysTime	Travels	Value	AvValue	MinValue	MaxValue	Delta	Criteria	PrevAvRefValue	Progress	CriteriaType	CriteriaVarType	CriteriaPercentage
1	12	0	0.00769442833	101528.367	101528.367	101528.367	101528.367	0	0	0	0	0	0	3
2	13	0	0.0153888567	101543.279	101535.823	101528.367	101543.279	7.45637686	0	0	0	0	0	3
3	15	0	0.023083285	101543.7	101538.449	101528.367	101543.7	10.0819355	0	0	0	0	0	3
4	17	0	0.0307777133	101544.24	101539.896	101528.367	101544.24	11.5297504	0	0	0	0	0	3
5	19	0	0.0384721417	101544.627	101540.843	101528.367	101544.627	12.4757932	0	0	0	0	0	3
6	20	0	0.04616657	101545.02	101541.539	101528.367	101545.02	13.1720604	0	0	0	0	0	3
7	22	0	0.0538609983	101545.541	101542.11	101528.367	101545.541	13.7437856	0	0	0	0	0	3
8	24	0	0.0615554267	101546.116	101542.611	101528.367	101546.116	14.244484	0	0	0	0	0	3
9	25	0	0.069249855	101546.619	101543.056	101528.367	101546.619	14.6897535	0	0	0	0	0	3
10	27	0	0.0769442833	101547.118	101543.463	101528.367	101547.118	15.0958615	0	0	0	0	0	3
11	28	0	0.0846387117	101547.677	101543.846	101528.367	101547.677	15.4789667	0	0	0	0	0	3
12	30	0	0.09233314	101548.249	101544.213	101528.367	101548.249	15.8458954	0	0	0	0	0	3
13	32	0	0.100027568	101548.763	101544.563	101528.367	101548.763	16.1958928	0	0	0	0	0	3
14	34	0	0.107721997	101549.236	101544.896	101528.367	101549.236	16.5297045	0	0	0	0	0	3
15	35	0	0.115416425	101549.674	101545.215	101528.367	101549.674	16.8481876	0	0	0	0	0	3
16	37	0	0.123110853	101550.211	101545.527	101528.367	101550.211	17.1604544	0	0	0	0	0	3
17	39	0	0.130805282	101550.866	101545.841	101528.367	101550.866	17.4744833	0	0	0	0	0	3
18	40	0	0.13849971	101551.397	101546.15	101528.367	101551.397	17.7831161	0	0	0	0	0	3
19	42	0	0.146194138	101551.533	101546.433	101528.367	101551.533	18.0664348	0	0	0	0	0	3
20	44	0	0.153888567	101552.039	101546.713	101528.367	101552.039	18.3467499	0	0	0	0	0	3
21	46	0	0.161582995	101552.673	101546.997	101528.367	101552.673	18.6305485	0	0	0	0	0	3
22	48	0	0.169277423	101552.45	101547.245	101528.367	101552.673	18.8784118	0	0	0	0	0	3
23	50	0	0.176971852	101553.263	101547.507	101528.367	101553.263	19.140067	0	0	0	0	0	3
24	51	0	0.18466628	101553.593	101547.76	101528.367	101553.593	19.393654	0	0	0	0	0	3
25	53	0	0.192360708	101553.072	101547.973	101528.367	101553.593	19.6061324	0	0	0	0	0	3
26	55	0	0.200055137	101553.751	101548.195	101528.367	101553.751	19.8283749	0	0	0	0	0	3
27	57	0	0.207749565	101554.464	101548.427	101528.367	101554.464	20.060562	0	0	0	0	0	3
28	59	0	0.215443993	101554.313	101548.637	101528.367	101554.464	20.2707609	0	0	0	0	0	3
29	60	0	0.223138422	101554.348	101548.834	101528.367	101554.464	20.4676686	0	0	0	0	0	3
30	62	0	0.23083285	101555.087	101549.043	101528.367	101555.087	20.6760849	0	0	0	0	0	3
31	64	0	0.238527278	101556.483	101549.283	101528.367	101556.483	20.9160777	0	0	0	0	0	3
32	66	0	0.246221707	101557.477	101549.539	101528.367	101557.477	21.1721373	0	0	0	0	0	3
33	68	0	0.253916135	101557.872	101549.791	101528.367	101557.872	21.4246476	0	0	0	0	0	3
34	70	0	0.261610563	101559.426	101550.075	101528.367	101559.426	21.7080188	0	0	0	0	0	3
35	71	0	0.269304992	101561.129	101550.391	101528.367	101561.129	22.0238536	0	0	0	0	0	3
36	73	0	0.27699942	101563.913	101550.766	101528.367	101563.913	22.3994888	0	0	0	0	0	3
37	75	0	0.284693848	101567.031	101551.206	101528.367	101567.031	22.8390771	0	0	0	0	0	3
38	77	0	0.292388277	101570.409	101551.711	101528.367	101570.409	23.3444317	0	0	0	0	0	3
39	79	0	0.300082705	101573.03	101552.258	101528.367	101573.03	23.8910749	0	0	0	0	0	3
40	81	0	0.307777133	101574.107	101552.804	101528.367	101574.107	24.4373102	0	0	0	0	0	3
41	83	0	0.315471562	101575.8	101553.365	101528.367	101575.8	24.9981967	0	0	0	0	0	3
42	85	0	0.32316599	101576.556	101553.917	101528.367	101576.556	25.5503631	0	0	0	0	0	3
43	87	0	0.330860418	101576.655	101554.446	101528.367	101576.655	26.0791555	0	0	0	0	0	3
44	88	0	0.338554847	101574.656	101554.905	101528.367	101576.655	26.5384857	0	0	0	0	0	3
45	90	0	0.346249275	101572.416	101555.294	101528.367	101576.655	26.92761	0	0	0	0	0	3
46	92	0	0.353943703	101569.542	101555.604	101528.367	101576.655	27.2373499	0	0	0	0	0	3
47	94	0	0.361638132	101567.714	101555.862	101528.367	101576.655	27.4950004	0	0	0	0	0	3
48	96	0	0.36933256	101567.012	101556.094	101528.367	101576.655	27.7273062	0	0	0	0	0	3
49	98	0	0.377026988	101564.865	101556.273	101528.367	101576.655	27.9063058	0	0	0	0	0	3
50	100	0	0.384721417	101564.122	101556.43	101528.367	101576.655	28.0632802	0	0	0	0	0	3
51	102	0	0.392415845	101564.238	101556.583	101528.367	101576.655	28.2163699	0	0	0	0	0	3
52	104	0	0.400110273	101563.085	101556.708	101528.367	101576.655	28.341415	0	0	0	0	0	3
53	105	0	0.407804702	101562.827	101556.824	101528.367	101576.655	28.4568671	0	0	0	0	0	3
54	107	0	0.41549913	101562.506	101556.929	101528.367	101576.655	28.5620939	0	0	0	0	0	3
55	109	0	0.423193558	101561.599	101557.014	101528.367	101576.655	28.6470067	0	0	0	0	0	3
56	111	0	0.430887987	101562.411	101557.11	101528.367	101576.655	28.7433796	0	0	0	0	0	3
57	113	0	0.438582415	101561.757	101557.192	101528.367	101576.655	28.824909	0	0	0	0	0	3
58	115	0	0.446276843	101561.728	101557.27	101528.367	101576.655	28.9031192	0	0	0	0	0	3
59	117	0	0.453971272	101561.443	101557.341	101528.367	101576.655	28.9738527	0	0	0	0	0	3
60	119	0	0.4616657	101562.615	101557.428	101528.367	101576.655	29.0617655	0	0	0	0	0	3
61	121	0	0.469360128	101562.095	101557.505	101528.367	101576.655	29.1382713	0	0	0	0	0	3
62	122	0	0.477054557	101561.839	101557.575	101528.367	101576.655	29.2081697	0	0	0	0	0	3
63	124	0	0.484748985	101562.379	101557.651	101528.367	101576.655	29.2844259	0	0	0	0	0	3
64	126	0	0.492443413	101563.582	101557.744	101528.367	101576.655	29.3771003	0	0	0	0	0	3
65	128	0	0.500137842	101562.857	101557.822	101528.367	101576.655	29.4557695	0	0	0	0	0	3
66	130	0	0.50783227	101564.014	101558.371	101543.279	101576.655	22.5478094	0	0	0	0	0	3
67	132	0	0.515526698	101562.908	101558.673	101543.7	101576.655	20.2242225	0	0	0	0	0	3
68	133	0	0.523221127	101563.034	101558.97	101544.24	101576.655	19.0738555	0	0	0	0	0	3
69	135	0	0.530915555	101562.37	101559.249	101544.627	101576.655	18.4067329	0	0	0	0	0	3
70	137	0	0.538609983	101561.599	101559.51	101545.02	101576.655	17.9715712	0	0	0	0	0	3
71	139	0	0.546304412	101561.39	101559.762	101545.541	101576.655	17.6516889	0	0	0	0	0	3
72	141	0	0.55399884	101560.712	101559.996	101546.116	101576.655	17.3843886	0	0	0	0	0	3
73	142	0	0.561693268	101560.877	101560.223	101546.619	101576.655	17.1662055	0	0	0	0	0	3
74	144	0	0.569387697	101561.051	101560.445	101547.118	101576.655	16.9821418	0	0	0	0	0	3
75	146	0	0.577082125	101559.944	101560.642	101547.677	101576.655	16.7963646	0	0	0	0	0	3
76	148	0	0.584776553	101560.178	101560.834	101548.249	101576.655	16.6217602	0	0	0	0	0	3
77	150	0	0.592470982	101560.092	101561.017	101548.763	101576.655	16.4539611	0	0	0	0	0	3
78	152	0	0.60016541	101560.02	101561.19	101549.236	101576.655	16.2933403	0	0	0	0	0	3
79	154	0	0.607859838	101559.552	101561.348	101549.674	101576.655	16.1335625	0	0	0	0	0	3
80	155	0	0.615554267	101559.575	101561.501	101550.211	101576.655	15.9736274	0	0	0	0	0	3
81	157	0	0.623248695	101559.302	101561.641	101550.866	101576.655	15.7994575	0	0	0	0	0	3
82	159	0	0.630943123	101560.174	101561.784	101551.397	101576.655	15.6340265	0	0	0	0	0	3
83	161	0	0.638637552	101560.351	101561.922	101551.533	101576.655	15.4884617	0	0	0	0	0	3
84	163	0	0.64633198	101560.957	101562.067	101552.039	101576.655	15.3531265	0	0	0	0	0	3
85	165	0	0.654026408	101559.237	101562.177	101552.45	101576.655	15.1800644	0	0	0	0	0	3
86	166	0	0.661720837	101559.607	101562.284	101552.45	101576.655	15.0388731	0	0	0	0	0	3
87	168	0	0.669415265	101558.536	101562.378	101553.072	101576.655	14.8708508	0	0	0	0	0	3
88	170	0	0.677109693	101558.658	101562.461	101553.072	101576.655	14.700267	0	0	0	0	0	3
89	172	0	0.684804122	101557.95	101562.528	101553.072	101576.655	14.5548172	0	0	0	0	0	3
90	174	0	0.69249855	101557.701	101562.599	101553.751	101576.655	14.4037859	0	0	0	0	0	3
91	175	0	0.700192978	101557.308	101562.654	101554.313	101576.655	14.2263267	0	0	0	0	0	3
92	177	0	0.707887407	101556.358	101562.683	101554.313	101576.655	14.0452634	0	0	0	0	0	3
93	179	0	0.715581835	101556.208	101562.712	101554.348	101576.655	13.8775191	0	0	0	0	0	3
94	181	0	0.723276263	101556.044	101562.738	101555.087	101576.655	13.6952058	0	0	0	0	0	3
95	183	0	0.730970692	101555.962	101562.751	101555.962	101576.655	13.4686805	0	0	0	0	0	3
96	184	0	0.73866512	101556.631	101562.754	101555.962	101576.655	13.2149073	0	0	0	0	0	3
97	186	0	0.746359548	101556.713	101562.742	101555.962	101576.655	12.962397	0	0	0	0	0	3
98	188	0	0.754053977	101557.416	101562.735	101555.962	101576.655	12.6790258	0	0	0	0	0	3
99	190	0	0.761748405	101556.767	101562.694	101555.962	101576.655	12.363191	0	0	0	0	0	3
100	192	0	0.769442833	101556.546	101562.624	101555.962	101576.655	11.9875557	0	0	0	0	0	3
101	196	0	0.777137262	101556.591	101562.511	101555.962	101576.655	11.5479674	0	0	0	0	0	3
102	198	0	0.78483169	101556.517	101562.349	101555.962	101576.655	11.0426129	0	0	0	0	0	3
103	199	0	0.792526118	101556.479	101562.135	101555.962	101576.655	10.4959696	0	0	0	0	0	3
104	201	0	0.800220547	101557.085	101561.89	101555.962	101576.655	9.94973434	0	0	0	0	0	3
105	203	0	0.807914975	101557.31	101561.631	101555.962	101576.655	9.38884783	0	0	0	0	0	3
106	205	0	0.815609403	101557.18	101561.345	101555.962	101576.655	8.83668142	0	0	0	0	0	3
107	206	0	0.823303832	101556.633	101561.038	101555.962	101576.655	8.30788898	0	0	0	0	0	3
108	208	0	0.83099826	101557.248	101560.74	101555.962	101574.656	7.84855885	0	0	0	0	0	3
109	210	0	0.838692688	101556.736	101560.464	101555.962	101572.416	7.45943455	0	0	0	0	0	3
110	212	0	0.846387117	101556.095	101560.213	101555.962	101569.542	7.14969467	0	0	0	0	0	3
111	214	0	0.854081545	101555.381	101559.995	101555.381	101567.714	6.89204413	0	0	0	0	0	3
112	215	0	0.861775973	101555.774	101559.811	101555.381	101567.012	6.65973835	0	0	0	0	0	3
113	217	0	0.869470402	101555.463	101559.634	101555.381	101564.865	6.48073872	0	0	0	0	0	3
114	219	0	0.87716483	101555.306	101559.486	101555.306	101564.238	6.32376437	0	0	0	0	0	3
115	221	0	0.884859258	101555.715	101559.357	101555.306	101564.238	6.17067467	0	0	0	0	0	3
116	222	0	0.892553687	101555.704	101559.226	101555.306	101564.014	6.04562953	0	0	0	0	0	3
117	224	0	0.900248115	101555.607	101559.111	101555.306	101564.014	5.9301774	0	0	0	0	0	3
118	226	0	0.907942543	101554.801	101558.987	101554.801	101564.014	5.82495068	0	0	0	0	0	3
119	228	0	0.915636972	101554.379	101558.862	101554.379	101564.014	5.74003785	0	0	0	0	0	3
120	229	0	0.9233314	101554.041	101558.746	101554.041	101564.014	5.64366495	0	0	0	0	0	3
121	231	0	0.931025828	101554.066	101558.618	101554.041	101564.014	5.56213549	0	0	0	0	0	3
122	233	0	0.938720257	101554.002	101558.498	101554.002	101564.014	5.48392535	0	0	0	0	0	3
123	235	0	0.946414685	101553.814	101558.377	101553.814	101564.014	5.41319188	0	0	0	0	0	3
124	236	0	0.954109113	101553.648	101558.257	101553.648	101564.014	5.32527905	0	0	0	0	0	3
125	238	0	0.961803542	101552.807	101558.106	101552.807	101564.014	5.24877319	0	0	0	0	0	3
126	240	0	0.96949797	101553.104	101557.967	101552.807	101564.014	5.17887488	0	0	0	0	0	3
127	242	0	0.977192398	101552.581	101557.825	101552.581	101564.014	5.10261866	0	0	0	0	0	3
128	243	0	0.984886827	101552.926	101557.68	101552.581	101564.014	5.07414744	0	0	0	0	0	3
129	245	0	0.992581255	101552.646	101557.511	101552.581	101564.014	5.24239818	0	0	0	0	0	3
130	247	0	1.00027568	101552.52	101557.352	101552.52	101564.014	5.40143532	0.988661558	0	0	0	0	3
131	249	0	1.00797011	101552.009	101557.168	101552.009	101563.034	5.5861301	0.988661558	0	0	0	0	3
132	251	0	1.01566454	101552.394	101557.006	101552.009	101563.034	5.74787943	0.988661558	0	0	0	0	3
133	253	0	1.02335897	101552.018	101556.836	101552.009	101562.37	5.91735391	0.988661558	0	0	0	0	3
134	255	0	1.0310534	101552.363	101556.682	101552.009	101561.599	6.0713067	0.988661558	0	0	0	0	3
135	256	0	1.03874783	101551.991	101556.535	101551.991	101561.39	6.21911283	0.988661558	0	0	0	0	3
136	258	0	1.04644225	101552.548	101556.399	101551.991	101561.051	6.35514085	0.988661558	0	0	0	0	3
137	260	0	1.05413668	101551.81	101556.262	101551.81	101561.051	6.49208926	0.988661558	0	0	0	0	3
138	262	0	1.06183111	101552.018	101556.125	101551.81	101561.051	6.62838116	0.988661558	0	0	0	0	3
139	263	0	1.06952554	101552.009	101555.986	101551.81	101560.957	6.76749572	0.988661558	0	0	0	0	3
140	265	0	1.07721997	101552	101555.864	101551.81	101560.957	6.88971306	0.988661558	0	0	0	0	3
141	267	0	1.0849144	101551.886	101555.736	101551.81	101560.957	7.01727753	0.988661558	0	0	0	0	3
142	269	0	1.09260882	101552.237	101555.616	101551.81	101560.957	7.13811443	0.988661558	0	0	0	0	3
143	270	0	1.10030325	101552.024	101555.493	101551.81	101560.957	7.26112367	0.988661558	0	0	0	0	3
144	272	0	1.10799768	101552.632	101555.386	101551.81	101560.957	7.36758724	0.988661558	0	0	0	0	3
145	274	0	1.11569211	101551.857	101555.267	101551.81	101560.957	7.48632448	0.988661558	0	0	0	0	3
146	276	0	1.12338654	101552.054	101555.156	101551.81	101560.957	7.59783532	0.988661558	0	0	0	0	3
147	277	0	1.13108097	101552.272	101555.034	101551.81	101560.957	7.71939943	0.988661558	0	0	0	0	3
148	279	0	1.13877539	101552.142	101554.908	101551.81	101560.957	7.84568176	0.988661558	0	0	0	0	3
149	282	0	1.14646982	101552.379	101554.776	101551.81	101559.607	7.79683419	0.988661558	0	0	0	0	3
150	283	0	1.15416425	101552.33	101554.67	101551.81	101559.607	7.79683419	0.988661558	0	0	0	0	3
151	285	0	1.16185868	101552.328	101554.558	101551.81	101558.658	6.84832497	0.988661558	0	0	0	0	3
152	287	0	1.16955311	101552.141	101554.459	101551.81	101558.658	6.84832497	0.988661558	0	0	0	0	3
153	288	0	1.17724754	101552.26	101554.361	101551.81	101557.95	6.13964827	0.988661558	0	0	0	0	3
154	290	0	1.18494196	101552.454	101554.276	101551.81	101557.701	5.89096971	0.988661558	0	0	0	0	3
155	292	0	1.19263639	101552.234	101554.192	101551.81	101557.416	5.60623155	0.988661558	0	0	0	0	3
156	295	0	1.20033082	101552.494	101554.118	101551.81	101557.416	5.60623155	0.988661558	0	0	0	0	3
157	296	0	1.20802525	101552.236	101554.055	101551.81	101557.416	5.60623155	0.988661558	0	0	0	0	3
158	298	0	1.21571968	101552.398	101553.996	101551.81	101557.416	5.60623155	0.988661558	0	0	0	0	3
159	300	0	1.22341411	101552.541	101553.942	101551.81	101557.416	5.60623155	0.988661558	0	0	0	0	3
160	302	0	1.23110853	101552.311	101553.886	101551.81	101557.416	5.60623155	0.988661558	0	0	0	0	3
161	303	0	1.23880296	101552.508	101553.823	101551.81	101557.416	5.60623155	0.988661558	0	0	0	0	3
162	305	0	1.24649739	101552.248	101553.754	101551.81	101557.416	5.60623155	0.988661558	0	0	0	0	3
163	307	0	1.25419182	101552.36	101553.676	101551.81	101557.31	5.49948981	0.988661558	0	0	0	0	3
164	309	0	1.26188625	101552.56	101553.612	101551.81	101557.31	5.49948981	0.988661558	0	0	0	0	3
165	312	0	1.26958068	101552.296	101553.546	101551.81	101557.31	5.49948981	0.988661558	0	0	0	0	3
166	313	0	1.2772751	101552.517	101553.483	101551.81	101557.31	5.49948981	0.988661558	0	0	0	0	3
167	315	0	1.28496953	101552.211	101553.417	101551.81	101557.31	5.49948981	0.988661558	0	0	0	0	3
168	317	0	1.29266396	101552.35	101553.354	101551.81	101557.31	5.49948981	0.988661558	0	0	0	0	3
169	319	0	1.30035839	101552.498	101553.283	101551.81	101557.31	5.49948981	0.988661558	0	0	0	0	3
170	320	0	1.30805282	101552.302	101553.206	101551.81	101557.248	5.43772928	0.988661558	0	0	0	0	3
171	322	0	1.31574725	101552.454	101553.133	101551.81	101557.248	5.43772928	0.988661558	0	0	0	0	3
172	324	0	1.32344167	101552.186	101553.065	101551.81	101557.248	5.43772928	0.988661558	0	0	0	0	3
173	326	0	1.3311361	101552.234	101552.988	101551.81	101556.736	4.92543745	0.988661558	0	0	0	0	3
174	328	0	1.33883053	101552.425	101552.922	101551.81	101556.095	4.2849458	0.988661558	0	0	0	0	3
175	330	0	1.34652496	101552.157	101552.861	101551.81	101555.774	3.96407895	0.988661558	0	0	0	0	3
176	332	0	1.35421939	101552.368	101552.815	101551.81	101555.774	3.96407895	0.988661558	0	0	0	0	3
177	333	0	1.36191382	101552.024	101552.757	101551.81	101555.715	3.90483685	0.988661558	0	0	0	0	3
178	335	0	1.36960824	101552.16	101552.706	101551.81	101555.715	3.90483685	0.988661558	0	0	0	0	3
179	337	0	1.37730267	101552.264	101552.659	101551.81	101555.715	3.90483685	0.988661558	0	0	0	0	3
180	339	0	1.3849971	101552.062	101552.603	101551.81	101555.704	3.89382506	0.988661558	0	0	0	0	3
181	340	0	1.39269153	101552.258	101552.55	101551.81	101555.607	3.79708322	0.988661558	0	0	0	0	3
182	342	0	1.40038596	101552.013	101552.495	101551.81	101554.801	2.99048466	0.988661558	0	0	0	0	3
183	345	0	1.40808039	101552.072	101552.453	101551.81	101554.379	2.56937815	0.988661558	0	0	0	0	3
184	347	0	1.41577481	101552.296	101552.421	101551.81	101554.066	2.2559259	0.988661558	0	0	0	0	3
185	348	0	1.42346924	101552.066	101552.39	101551.81	101554.066	2.2559259	0.988661558	0	0	0	0	3
186	350	0	1.43116367	101552.319	101552.363	101551.81	101554.002	2.19198915	0.988661558	0	0	0	0	3
187	352	0	1.4388581	101551.996	101552.333	101551.81	101553.814	2.00410507	0.988661558	0	0	0	0	3
188	353	0	1.44655253	101552.165	101552.307	101551.81	101553.648	1.83756956	0.988661558	0	0	0	0	3
189	356	0	1.45424696	101552.331	101552.287	101551.81	101553.104	1.29400589	0.988661558	0	0	0	0	3
190	358	0	1.46194138	101552.141	101552.277	101551.81	101553.104	1.29400589	0.988661558	0	0	0	0	3
191	360	0	1.46963581	101552.227	101552.263	101551.81	101552.926	1.11562194	0.988661558	0	0	0	0	3
192	361	0	1.47733024	101552.458	101552.261	101551.81	101552.926	1.11562194	0.988661558	0	0	0	0	3
193	363	0	1.48502467	101552.224	101552.251	101551.81	101552.646	0.835922929	0.988661558	0	0	0	0	3
194	365	0	1.4927191	101552.464	101552.248	101551.81	101552.632	0.821604699	0.988661558	0	0	0	0	3
195	367	0	1.50041353	101552.176	101552.242	101551.81	101552.632	0.821604699	0.988661558	0	0	0	0	3
196	368	0	1.50810795	101552.289	101552.247	101551.81	101552.632	0.821604699	0.988661558	0	0	0	0	3
197	371	0	1.51580238	101552.427	101552.247	101551.81	101552.632	0.821604699	0.988661558	0	0	0	0	3
198	373	0	1.52349681	101552.245	101552.251	101551.81	101552.632	0.821604699	0.988661558	0	0	0	0	3
199	374	0	1.53119124	101552.297	101552.25	101551.81	101552.632	0.821604699	0.988661558	0	0	0	0	3
200	376	0	1.53888567	101552.425	101552.256	101551.81	101552.632	0.821604699	0.988661558	0	0	0	0	3
201	380	0	1.5465801	101552.12	101552.25	101551.81	101552.632	0.821604699	0.988661558	0	0	0	0	3
202	382	0	1.55427452	101552.354	101552.258	101551.857	101552.632	0.774385567	0.988661558	0	0	0	0	3
203	384	0	1.56196895	101552.013	101552.258	101551.857	101552.632	0.774385567	0.988661558	0	0	0	0	3
204	385	0	1.56966338	101552.111	101552.26	101551.857	101552.632	0.774385567	0.988661558	0	0	0	0	3
205	387	0	1.57735781	101552.233	101552.263	101551.857	101552.632	0.774385567	0.988661558	0	0	0	0	3
206	389	0	1.58505224	101552.042	101552.266	101551.857	101552.632	0.774385567	0.988661558	0	0	0	0	3
207	391	0	1.59274667	101552.104	101552.264	101551.857	101552.632	0.774385567	0.988661558	0	0	0	0	3
208	392	0	1.60044109	101552.33	101552.268	101551.857	101552.632	0.774385567	0.988661558	0	0	0	0	3
209	394	0	1.60813552	101552.089	101552.26	101551.857	101552.56	0.702963487	0.988661558	0	0	0	0	3
210	396	0	1.61582995	101552.351	101552.268	101551.996	101552.56	0.564030636	0.988661558	0	0	0	0	3
211	398	0	1.62352438	101552.094	101552.268	101551.996	101552.56	0.564030636	0.988661558	0	0	0	0	3
212	400	0	1.63121881	101552.287	101552.268	101551.996	101552.56	0.564030636	0.988661558	0	0	0	0	3
213	402	0	1.63891324	101552.471	101552.273	101551.996	101552.56	0.564030636	0.988661558	0	0	0	0	3
214	404	0	1.64660766	101552.338	101552.273	101551.996	101552.56	0.564030636	0.988661558	0	0	0	0	3
215	405	0	1.65430209	101552.439	101552.275	101551.996	101552.56	0.564030636	0.988661558	0	0	0	0	3
216	407	0	1.66199652	101552.682	101552.28	101551.996	101552.682	0.685619572	0.988661558	0	0	0	0	3
217	409	0	1.66969095	101552.504	101552.286	101551.996	101552.682	0.685619572	0.988661558	0	0	0	0	3
218	411	0	1.67738538	101552.66	101552.292	101551.996	101552.682	0.685619572	0.988661558	0	0	0	0	3
219	412	0	1.68507981	101552.839	101552.298	101551.996	101552.839	0.842423976	0.988661558	0	0	0	0	3
220	415	0	1.69277423	101552.75	101552.306	101551.996	101552.839	0.842423976	0.988661558	0	0	0	0	3
221	417	0	1.70046866	101552.813	101552.31	101551.996	101552.839	0.842423976	0.988661558	0	0	0	0	3
222	419	0	1.70816309	101553.084	101552.324	101551.996	101553.084	1.08811088	0.988661558	0	0	0	0	3
223	420	0	1.71585752	101552.894	101552.331	101551.996	101553.084	1.08811088	0.988661558	0	0	0	0	3
224	422	0	1.72355195	101553.066	101552.339	101551.996	101553.084	1.08811088	0.988661558	0	0	0	0	3
225	424	0	1.73124638	101553.219	101552.353	101551.996	101553.219	1.22239679	0.988661558	0	0	0	0	3
226	426	0	1.7389408	101553.09	101552.362	101551.996	101553.219	1.22239679	0.988661558	0	0	0	0	3
227	427	0	1.74663523	101553.149	101552.376	101551.996	101553.219	1.22239679	0.988661558	0	0	0	0	3
228	429	0	1.75432966	101553.384	101552.392	101551.996	101553.384	1.36909544	0.988661558	0	0	0	0	3
229	431	0	1.76202409	101553.154	101552.401	101551.996	101553.384	1.30371829	0.988661558	0	0	0	0	3
230	433	0	1.76971852	101553.262	101552.416	101551.996	101553.384	1.24103485	0.988661558	0	0	0	0	3
231	435	0	1.77741295	101553.393	101552.429	101551.996	101553.393	1.17477777	0.988661558	0	0	0	0	3
232	437	0	1.78510737	101553.208	101552.445	101551.996	101553.393	1.11125801	0.988661558	0	0	0	0	3
233	439	0	1.7928018	101553.219	101552.458	101551.996	101553.393	1.04068207	0.988661558	0	0	0	0	3
234	440	0	1.80049623	101553.414	101552.472	101551.996	101553.414	0.963642283	0.988661558	0	0	0	0	3
235	442	0	1.80819066	101553.169	101552.485	101551.996	101553.414	0.890930564	0.988661558	0	0	0	0	3
236	444	0	1.81588509	101553.243	101552.498	101551.996	101553.414	0.822521246	0.988661558	0	0	0	0	3
237	445	0	1.82357952	101553.359	101552.516	101551.996	101553.414	0.745393171	0.988661558	0	0	0	0	3
238	447	0	1.83127394	101553.191	101552.53	101551.996	101553.414	0.679073596	0.988661558	0	0	0	0	3
239	449	0	1.83896837	101553.204	101552.542	101551.996	101553.414	0.618492023	0.988661558	0	0	0	0	3
240	451	0	1.8466628	101553.387	101552.561	101551.996	101553.414	0.572144753	0.988661558	0	0	0	0	3
241	452	0	1.85435723	101553.154	101552.573	101551.996	101553.414	0.514443583	0.988661558	0	0	0	0	3
242	454	0	1.86205166	101553.25	101552.592	101551.996	101553.414	0.463625759	0.988661558	0	0	0	0	3
243	456	0	1.86974609	101553.389	101552.611	101551.996	101553.414	0.41683944	0.988661558	0	0	0	0	3
244	458	0	1.87744051	101553.244	101552.626	101551.996	101553.414	0.383702918	0.988661558	0	0	0	0	3
245	460	0	1.88513494	101553.274	101552.645	101551.996	101553.414	0.402358945	0.988661558	0	0	0	0	3
246	462	0	1.89282937	101553.501	101552.664	101551.996	101553.501	0.42147138	0.988661558	0	0	0	0	3
247	464	0	1.9005238	101553.285	101552.683	101551.996	101553.501	0.441051169	0.988661558	0	0	0	0	3
248	466	0	1.90821823	101553.423	101552.704	101551.996	101553.501	0.461835311	0.988661558	0	0	0	0	3
249	468	0	1.91591266	101553.549	101552.724	101551.996	101553.549	0.481112866	0.988661558	0	0	0	0	3
250	469	0	1.92360708	101553.403	101552.744	101551.996	101553.549	0.501690922	0.988661558	0	0	0	0	3
251	471	0	1.93130151	101553.45	101552.762	101551.996	101553.549	0.519089262	0.988661558	0	0	0	0	3
252	473	0	1.93899594	101553.672	101552.787	101552.013	101553.672	0.544866818	0.988661558	0	0	0	0	3
253	475	0	1.94669037	101553.465	101552.807	101552.013	101553.672	0.564864053	0.988661558	0	0	0	0	3
254	476	0	1.9543848	101553.606	101552.827	101552.013	101553.672	0.584474249	0.988661558	0	0	0	0	3
255	478	0	1.96207923	101553.774	101552.852	101552.013	101553.774	0.609596378	0.988661558	0	0	0	0	3
256	480	0	1.96977365	101553.647	101552.874	101552.013	101553.774	0.631449616	0.988661558	0	0	0	0	3
257	483	0	1.97746808	101553.739	101552.894	101552.013	101553.774	0.651162342	0.988661558	0	0	0	0	3
258	484	0	1.98516251	101553.985	101552.921	101552.013	101553.985	0.678258215	0.988661558	0	0	0	0	3
259	486	0	1.99285694	101553.789	101552.941	101552.013	101553.985	0.698637076	0.988661558	0	0	0	0	3
260	488	0	2.00055137	101553.985	101552.969	101552.013	101553.985	0.72216399	0.988661558	0	0	0	0	3
261	490	0	2.0082458	101554.189	101552.998	101552.013	101554.189	0.750886498	0.988661558	0	0	0	0	3
262	491	0	2.01594022	101554.033	101553.023	101552.013	101554.189	0.773112541	0.988661558	0	0	0	0	3
263	493	0	2.02363465	101554.142	101553.052	101552.013	101554.189	0.802286976	0.988661558	0	0	0	0	3
264	495	0	2.03132908	101554.435	101553.085	101552.013	101554.435	0.835083052	0.988661558	0	0	0	0	3
265	497	0	2.03902351	101554.243	101553.113	101552.013	101554.435	0.863047391	0.988661558	0	0	0	0	3
266	499	0	2.04671794	101554.438	101553.149	101552.013	101554.438	0.890403464	0.988661558	0	0	0	0	3
267	500	0	2.05441237	101554.67	101553.184	101552.013	101554.67	0.926034677	0.988661558	0	0	0	0	3
268	502	0	2.06210679	101554.514	101553.223	101552.042	101554.67	0.962951262	0.988661558	0	0	0	0	3
269	504	0	2.06980122	101554.606	101553.261	101552.042	101554.67	1.00104193	0.988661558	0	0	0	0	3
270	506	0	2.07749565	101554.893	101553.302	101552.042	101554.893	1.04196174	0.988661558	0	0	0	0	3
271	508	0	2.08519008	101554.638	101553.342	101552.089	101554.893	1.08190987	0.988661558	0	0	0	0	3
272	510	0	2.09288451	101554.768	101553.383	101552.089	101554.893	1.12288461	0.988661558	0	0	0	0	3
273	511	0	2.10057894	101554.936	101553.423	101552.089	101554.936	1.16298226	0.988661558	0	0	0	0	3
274	513	0	2.10827336	101554.737	101553.464	101552.094	101554.936	1.19613034	0.988661558	0	0	0	0	3
275	515	0	2.11596779	101554.771	101553.501	101552.094	101554.936	1.23273994	0.988661558	0	0	0	0	3
276	517	0	2.12366222	101555.009	101553.546	101552.287	101555.009	1.27734909	0.988661558	0	0	0	0	3
277	518	0	2.13135665	101554.691	101553.583	101552.338	101555.009	1.30991209	0.988661558	0	0	0	0	3
278	520	0	2.13905108	101554.789	101553.618	101552.338	101555.009	1.34557862	0.988661558	0	0	0	0	3
279	522	0	2.14674551	101554.954	101553.659	101552.439	101555.009	1.38414976	0.988661558	0	0	0	0	3
280	524	0	2.15443993	101554.759	101553.694	101552.504	101555.009	1.41440591	0.988661558	0	0	0	0	3
281	526	0	2.16213436	101554.799	101553.727	101552.504	101555.009	1.44140385	0.988661558	0	0	0	0	3
282	527	0	2.16982879	101555.045	101553.766	101552.66	101555.045	1.47433867	0.988661558	0	0	0	0	3
283	529	0	2.17752322	101554.755	101553.798	101552.75	101555.045	1.50064959	0.988661558	0	0	0	0	3
284	531	0	2.18521765	101554.885	101553.83	101552.75	101555.045	1.52418203	0.988661558	0	0	0	0	3
285	533	0	2.19291208	101555.103	101553.866	101552.813	101555.103	1.55548376	0.988661558	0	0	0	0	3
286	535	0	2.2006065	101554.893	101553.898	101552.894	101555.103	1.57442994	0.988661558	0	0	0	0	3
287	536	0	2.20830093	101554.942	101553.927	101552.894	101555.103	1.59537922	0.988661558	0	0	0	0	3
288	538	0	2.21599536	101555.206	101553.962	101553.066	101555.206	1.62288137	0.988661558	0	0	0	0	3
289	540	0	2.22368979	101554.959	101553.991	101553.09	101555.206	1.63805295	0.988661558	0	0	0	0	3
290	542	0	2.23138422	101555.101	101554.02	101553.09	101555.206	1.6580581	0.988661558	0	0	0	0	3
291	544	0	2.23907865	101555.329	101554.055	101553.149	101555.329	1.67863428	0.988661558	0	0	0	0	3
292	546	0	2.24677307	101555.134	101554.085	101553.154	101555.329	1.6934237	0.988661558	0	0	0	0	3
293	547	0	2.2544675	101555.216	101554.113	101553.154	101555.329	1.71246844	0.988661558	0	0	0	0	3
294	549	0	2.26216193	101555.401	101554.148	101553.154	101555.401	1.73217999	0.988661558	0	0	0	0	3
295	551	0	2.26985636	101555.531	101554.183	101553.154	101555.531	1.75359304	0.988661558	0	0	0	0	3
296	553	0	2.27755079	101555.36	101554.213	101553.154	101555.531	1.768506	0.988661558	0	0	0	0	3
297	554	0	2.28524522	101555.429	101554.247	101553.154	101555.531	1.78932032	0.988661558	0	0	0	0	3
298	556	0	2.29293964	101555.677	101554.285	101553.154	101555.677	1.81303648	0.988661558	0	0	0	0	3
299	558	0	2.30063407	101555.408	101554.316	101553.154	101555.677	1.83036509	0.988661558	0	0	0	0	3
300	560	0	2.3083285	101555.535	101554.352	101553.154	101555.677	1.85463098	0.988661558	0	0	0	0	3
301	564	0	2.31602293	101555.564	101554.388	101553.154	101555.677	1.87231833	0.988661558	0	0	0	0	3
302	566	0	2.32371736	101555.822	101554.426	101553.154	101555.822	1.89549711	0.988661558	0	0	0	0	3
303	567	0	2.33141179	101555.566	101554.462	101553.154	101555.822	1.92004535	0.988661558	0	0	0	0	3
304	569	0	2.33910621	101555.675	101554.5	101553.154	101555.822	1.93913241	0.988661558	0	0	0	0	3
305	571	0	2.34680064	101555.671	101554.535	101553.154	101555.822	1.9621694	0.988661558	0	0	0	0	3
306	573	0	2.35449507	101555.866	101554.577	101553.244	101555.866	1.98501941	0.988661558	0	0	0	0	3
307	575	0	2.3621895	101555.554	101554.613	101553.244	101555.866	2.00154585	0.988661558	0	0	0	0	3
308	577	0	2.36988393	101555.626	101554.647	101553.244	101555.866	2.02089042	0.988661558	0	0	0	0	3
309	578	0	2.37757836	101555.619	101554.684	101553.274	101555.866	2.03877086	0.988661558	0	0	0	0	3
310	580	0	2.38527278	101555.767	101554.722	101553.285	101555.866	2.05800433	0.988661558	0	0	0	0	3
311	582	0	2.39296721	101555.473	101554.752	101553.285	101555.866	2.06876127	0.988661558	0	0	0	0	3
312	584	0	2.40066164	101555.571	101554.787	101553.403	101555.866	2.08314303	0.988661558	0	0	0	0	3
313	586	0	2.40835607	101555.566	101554.82	101553.403	101555.866	2.0968439	0.988661558	0	0	0	0	3
314	587	0	2.4160505	101555.724	101554.854	101553.403	101555.866	2.10973496	0.988661558	0	0	0	0	3
315	589	0	2.42374493	101555.431	101554.885	101553.45	101555.866	2.12353526	0.988661558	0	0	0	0	3
