Iteration	CPUTime	PhysTime	Travels	Value	AvValue	MinValue	MaxValue	Delta	Criteria	PrevAvRefValue	Progress	CriteriaType	CriteriaVarType	CriteriaPercentage
1	12	0	0.00769442833	101324.861	101324.861	101324.861	101324.861	0	0	0	0	0	0	3
2	13	0	0.0153888567	101324.861	101324.861	101324.861	101324.861	0	0	0	0	0	0	3
3	15	0	0.023083285	101324.861	101324.861	101324.861	101324.861	0	0	0	0	0	0	3
4	17	0	0.0307777133	101324.861	101324.861	101324.861	101324.861	0	0	0	0	0	0	3
5	19	0	0.0384721417	101324.861	101324.861	101324.861	101324.861	0	0	0	0	0	0	3
6	20	0	0.04616657	101324.861	101324.861	101324.861	101324.861	0	0	0	0	0	0	3
7	22	0	0.0538609983	101324.861	101324.861	101324.861	101324.861	0	0	0	0	0	0	3
8	24	0	0.0615554267	101324.861	101324.861	101324.861	101324.861	0	0	0	0	0	0	3
9	25	0	0.069249855	101324.861	101324.861	101324.861	101324.861	2.60217348e-07	0	0	0	0	0	3
10	27	0	0.0769442833	101324.861	101324.861	101324.861	101324.861	4.9189839e-07	0	0	0	0	0	3
11	28	0	0.0846387117	101324.861	101324.861	101324.861	101324.861	6.05243258e-07	0	0	0	0	0	3
12	30	0	0.09233314	101324.861	101324.861	101324.861	101324.861	6.54981704e-07	0	0	0	0	0	3
13	32	0	0.100027568	101324.861	101324.861	101324.861	101324.861	7.29647581e-07	0	0	0	0	0	3
14	34	0	0.107721997	101324.861	101324.861	101324.861	101324.861	9.02509782e-07	0	0	0	0	0	3
15	35	0	0.115416425	101324.861	101324.861	101324.861	101324.861	1.1701195e-06	0	0	0	0	0	3
16	37	0	0.123110853	101324.861	101324.861	101324.861	101324.861	4.15713293e-06	0	0	0	0	0	3
17	39	0	0.130805282	101324.861	101324.861	101324.861	101324.861	1.14984141e-05	0	0	0	0	0	3
18	40	0	0.13849971	101324.861	101324.861	101324.861	101324.861	1.74474699e-05	0	0	0	0	0	3
19	42	0	0.146194138	101324.861	101324.861	101324.861	101324.861	2.13439635e-05	0	0	0	0	0	3
20	44	0	0.153888567	101324.861	101324.861	101324.861	101324.861	3.3620061e-05	0	0	0	0	0	3
21	46	0	0.161582995	101324.861	101324.861	101324.861	101324.861	3.51680064e-05	0	0	0	0	0	3
22	48	0	0.169277423	101324.859	101324.861	101324.859	101324.861	0.000116483483	0	0	0	0	0	3
23	50	0	0.176971852	101324.86	101324.861	101324.859	101324.861	0.000141083976	0	0	0	0	0	3
24	51	0	0.18466628	101324.861	101324.861	101324.859	101324.861	0.000144369653	0	0	0	0	0	3
25	53	0	0.192360708	101324.86	101324.861	101324.859	101324.861	0.000174065834	0	0	0	0	0	3
26	55	0	0.200055137	101324.859	101324.861	101324.859	101324.861	0.000231021448	0	0	0	0	0	3
27	57	0	0.207749565	101324.86	101324.861	101324.859	101324.861	0.000249331293	0	0	0	0	0	3
28	59	0	0.215443993	101324.859	101324.861	101324.859	101324.861	0.000296455255	0	0	0	0	0	3
29	60	0	0.223138422	101324.859	101324.861	101324.859	101324.861	0.000336971469	0	0	0	0	0	3
30	62	0	0.23083285	101324.852	101324.86	101324.852	101324.861	0.000609457857	0	0	0	0	0	3
31	64	0	0.238527278	101324.859	101324.86	101324.852	101324.861	0.000663484068	0	0	0	0	0	3
32	66	0	0.246221707	101324.853	101324.86	101324.852	101324.861	0.000875271595	0	0	0	0	0	3
33	68	0	0.253916135	101324.856	101324.86	101324.852	101324.861	0.000984611717	0	0	0	0	0	3
34	70	0	0.261610563	101324.855	101324.86	101324.852	101324.861	0.00113907033	0	0	0	0	0	3
35	71	0	0.269304992	101324.855	101324.86	101324.852	101324.861	0.00128649833	0	0	0	0	0	3
36	73	0	0.27699942	101324.852	101324.859	101324.852	101324.861	0.00148775998	0	0	0	0	0	3
37	75	0	0.284693848	101324.845	101324.859	101324.845	101324.861	0.00188025676	0	0	0	0	0	3
38	77	0	0.292388277	101324.852	101324.859	101324.845	101324.861	0.00205354681	0	0	0	0	0	3
39	79	0	0.300082705	101324.855	101324.859	101324.845	101324.861	0.00215018686	0	0	0	0	0	3
40	81	0	0.307777133	101324.792	101324.857	101324.792	101324.861	0.00381147687	0	0	0	0	0	3
41	83	0	0.315471562	101324.854	101324.857	101324.792	101324.861	0.00387870446	0	0	0	0	0	3
42	85	0	0.32316599	101324.836	101324.856	101324.792	101324.861	0.00438607538	0	0	0	0	0	3
43	87	0	0.330860418	101324.853	101324.856	101324.792	101324.861	0.00445601069	0	0	0	0	0	3
44	88	0	0.338554847	101324.846	101324.856	101324.792	101324.861	0.00468426866	0	0	0	0	0	3
45	90	0	0.346249275	101324.854	101324.856	101324.792	101324.861	0.00472519937	0	0	0	0	0	3
46	92	0	0.353943703	101324.842	101324.856	101324.792	101324.861	0.00503874947	0	0	0	0	0	3
47	94	0	0.361638132	101324.846	101324.856	101324.792	101324.861	0.0052440587	0	0	0	0	0	3
48	96	0	0.36933256	101324.842	101324.855	101324.792	101324.861	0.00553810553	0	0	0	0	0	3
49	98	0	0.377026988	101324.855	101324.855	101324.792	101324.861	0.00554813526	0	0	0	0	0	3
50	100	0	0.384721417	101324.831	101324.855	101324.792	101324.861	0.00603736246	0	0	0	0	0	3
51	102	0	0.392415845	101324.848	101324.855	101324.792	101324.861	0.00616599215	0	0	0	0	0	3
52	104	0	0.400110273	101324.853	101324.855	101324.792	101324.861	0.00620420411	0	0	0	0	0	3
53	105	0	0.407804702	101324.824	101324.854	101324.792	101324.861	0.00678646704	0	0	0	0	0	3
54	107	0	0.41549913	101324.853	101324.854	101324.792	101324.861	0.00679935951	0	0	0	0	0	3
55	109	0	0.423193558	101324.633	101324.85	101324.633	101324.861	0.0108173835	0	0	0	0	0	3
56	111	0	0.430887987	101324.852	101324.85	101324.633	101324.861	0.0108173835	0	0	0	0	0	3
57	113	0	0.438582415	101324.854	101324.85	101324.633	101324.861	0.0108173835	0	0	0	0	0	3
58	115	0	0.446276843	101324.835	101324.85	101324.633	101324.861	0.0109764856	0	0	0	0	0	3
59	117	0	0.453971272	101324.809	101324.849	101324.633	101324.861	0.0116652225	0	0	0	0	0	3
60	119	0	0.4616657	101324.861	101324.849	101324.633	101324.861	0.0116652225	0	0	0	0	0	3
61	121	0	0.469360128	101324.69	101324.847	101324.633	101324.861	0.0140787572	0	0	0	0	0	3
62	122	0	0.477054557	101324.848	101324.847	101324.633	101324.861	0.0140787572	0	0	0	0	0	3
63	124	0	0.484748985	101324.819	101324.846	101324.633	101324.861	0.0144880797	0	0	0	0	0	3
64	126	0	0.492443413	101324.854	101324.847	101324.633	101324.861	0.0144880797	0	0	0	0	0	3
65	128	0	0.500137842	101324.624	101324.843	101324.624	101324.861	0.0177848415	0	0	0	0	0	3
66	130	0	0.50783227	101324.853	101324.843	101324.624	101324.861	0.0179046201	0	0	0	0	0	3
67	132	0	0.515526698	101324.824	101324.842	101324.624	101324.861	0.0184790511	0	0	0	0	0	3
68	133	0	0.523221127	101324.861	101324.842	101324.624	101324.861	0.0184790511	0	0	0	0	0	3
69	135	0	0.530915555	101324.744	101324.841	101324.624	101324.861	0.0202788873	0	0	0	0	0	3
70	137	0	0.538609983	101324.836	101324.84	101324.624	101324.861	0.0206595813	0	0	0	0	0	3
71	139	0	0.546304412	101324.852	101324.84	101324.624	101324.861	0.0207980391	0	0	0	0	0	3
72	141	0	0.55399884	101324.849	101324.84	101324.624	101324.861	0.0209844501	0	0	0	0	0	3
73	142	0	0.561693268	101324.823	101324.839	101324.624	101324.861	0.0215617508	0	0	0	0	0	3
74	144	0	0.569387697	101324.856	101324.839	101324.624	101324.861	0.0216351452	0	0	0	0	0	3
75	146	0	0.577082125	101324.841	101324.839	101324.624	101324.861	0.0219462414	0	0	0	0	0	3
76	148	0	0.584776553	101324.85	101324.839	101324.624	101324.861	0.022116479	0	0	0	0	0	3
77	150	0	0.592470982	101324.652	101324.836	101324.624	101324.861	0.0253277219	0	0	0	0	0	3
78	152	0	0.60016541	101324.861	101324.836	101324.624	101324.861	0.025327549	0	0	0	0	0	3
79	154	0	0.607859838	101324.702	101324.833	101324.624	101324.861	0.0277737992	0	0	0	0	0	3
80	155	0	0.615554267	101324.861	101324.833	101324.624	101324.861	0.0277708122	0	0	0	0	0	3
81	157	0	0.623248695	101324.809	101324.832	101324.624	101324.861	0.0285601418	0	0	0	0	0	3
82	159	0	0.630943123	101324.849	101324.832	101324.624	101324.861	0.0287296563	0	0	0	0	0	3
83	161	0	0.638637552	101324.817	101324.831	101324.624	101324.861	0.0293912155	0	0	0	0	0	3
84	163	0	0.64633198	101324.855	101324.831	101324.624	101324.861	0.0294619151	0	0	0	0	0	3
85	165	0	0.654026408	101324.763	101324.83	101324.624	101324.861	0.0309695927	0	0	0	0	0	3
86	166	0	0.661720837	101324.861	101324.83	101324.624	101324.861	0.0308882772	0	0	0	0	0	3
87	168	0	0.669415265	101324.751	101324.828	101324.624	101324.861	0.0325256189	0	0	0	0	0	3
88	170	0	0.677109693	101324.855	101324.828	101324.624	101324.861	0.0326013919	0	0	0	0	0	3
89	172	0	0.684804122	101324.836	101324.828	101324.624	101324.861	0.032947507	0	0	0	0	0	3
90	174	0	0.69249855	101324.849	101324.828	101324.624	101324.861	0.0330520138	0	0	0	0	0	3
91	175	0	0.700192978	101324.835	101324.827	101324.624	101324.861	0.033410045	0	0	0	0	0	3
92	177	0	0.707887407	101324.85	101324.827	101324.624	101324.861	0.0335122488	0	0	0	0	0	3
93	179	0	0.715581835	101324.851	101324.827	101324.624	101324.861	0.0335934011	0	0	0	0	0	3
94	181	0	0.723276263	101324.861	101324.827	101324.624	101324.861	0.0333209148	0	0	0	0	0	3
95	183	0	0.730970692	101324.811	101324.826	101324.624	101324.861	0.0338843909	0	0	0	0	0	3
96	184	0	0.73866512	101324.851	101324.826	101324.624	101324.861	0.0337955189	0	0	0	0	0	3
97	186	0	0.746359548	101324.822	101324.826	101324.624	101324.861	0.0341629273	0	0	0	0	0	3
98	188	0	0.754053977	101324.854	101324.826	101324.624	101324.861	0.0340435878	0	0	0	0	0	3
99	190	0	0.761748405	101324.763	101324.824	101324.624	101324.861	0.0352998346	0	0	0	0	0	3
100	192	0	0.769442833	101324.85	101324.824	101324.624	101324.861	0.0351632382	0	0	0	0	0	3
101	196	0	0.777137262	101324.852	101324.824	101324.624	101324.861	0.0347797036	0	0	0	0	0	3
102	198	0	0.78483169	101324.861	101324.824	101324.624	101324.861	0.0346064135	0	0	0	0	0	3
103	199	0	0.792526118	101324.816	101324.824	101324.624	101324.861	0.0348259658	0	0	0	0	0	3
104	201	0	0.800220547	101324.841	101324.824	101324.624	101324.861	0.0333807219	0	0	0	0	0	3
105	203	0	0.807914975	101324.849	101324.825	101324.624	101324.861	0.0333134943	0	0	0	0	0	3
106	205	0	0.815609403	101324.851	101324.824	101324.624	101324.861	0.0328061234	0	0	0	0	0	3
107	206	0	0.823303832	101324.729	101324.823	101324.624	101324.861	0.033555923	0	0	0	0	0	3
108	208	0	0.83099826	101324.857	101324.823	101324.624	101324.861	0.033327665	0	0	0	0	0	3
109	210	0	0.838692688	101324.845	101324.823	101324.624	101324.861	0.0332867343	0	0	0	0	0	3
110	212	0	0.846387117	101324.861	101324.823	101324.624	101324.861	0.0329731842	0	0	0	0	0	3
111	214	0	0.854081545	101324.82	101324.823	101324.624	101324.861	0.0329771997	0	0	0	0	0	3
112	215	0	0.861775973	101324.844	101324.823	101324.624	101324.861	0.0327193419	0	0	0	0	0	3
113	217	0	0.869470402	101324.861	101324.823	101324.624	101324.861	0.0327093122	0	0	0	0	0	3
114	219	0	0.87716483	101324.819	101324.822	101324.624	101324.861	0.0324787838	0	0	0	0	0	3
115	221	0	0.884859258	101324.844	101324.823	101324.624	101324.861	0.0323501541	0	0	0	0	0	3
116	222	0	0.892553687	101324.861	101324.823	101324.624	101324.861	0.0323119421	0	0	0	0	0	3
117	224	0	0.900248115	101324.739	101324.821	101324.624	101324.861	0.0330856503	0	0	0	0	0	3
118	226	0	0.907942543	101324.852	101324.821	101324.624	101324.861	0.0330727578	0	0	0	0	0	3
119	228	0	0.915636972	101324.861	101324.822	101324.624	101324.861	0.0291509598	0	0	0	0	0	3
120	229	0	0.9233314	101324.822	101324.824	101324.624	101324.861	0.0291509598	0	0	0	0	0	3
121	231	0	0.931025828	101324.851	101324.824	101324.624	101324.861	0.0291509598	0	0	0	0	0	3
122	233	0	0.938720257	101324.845	101324.824	101324.624	101324.861	0.0288956318	0	0	0	0	0	3
123	235	0	0.946414685	101324.856	101324.825	101324.624	101324.861	0.0284013152	0	0	0	0	0	3
124	236	0	0.954109113	101324.853	101324.825	101324.624	101324.861	0.0284013152	0	0	0	0	0	3
125	238	0	0.961803542	101324.79	101324.824	101324.624	101324.861	0.0258198389	0	0	0	0	0	3
126	240	0	0.96949797	101324.861	101324.827	101324.624	101324.861	0.0258198389	0	0	0	0	0	3
127	242	0	0.977192398	101324.79	101324.826	101324.624	101324.861	0.025510587	0	0	0	0	0	3
128	243	0	0.984886827	101324.856	101324.827	101324.624	101324.861	0.025510587	0	0	0	0	0	3
129	245	0	0.992581255	101324.848	101324.826	101324.624	101324.861	0.0220872758	0	0	0	0	0	3
130	247	0	1.00027568	101324.861	101324.83	101324.652	101324.861	0.0219674972	0.00710630277	0	0	0	0	3
131	249	0	1.00797011	101324.803	101324.829	101324.652	101324.861	0.0213930662	0.00710630277	0	0	0	0	3
132	251	0	1.01566454	101324.861	101324.83	101324.652	101324.861	0.0213930662	0.00710630277	0	0	0	0	3
133	253	0	1.02335897	101324.804	101324.829	101324.652	101324.861	0.01959323	0.00710630277	0	0	0	0	3
134	255	0	1.0310534	101324.861	101324.831	101324.652	101324.861	0.019212536	0.00710630277	0	0	0	0	3
135	256	0	1.03874783	101324.776	101324.83	101324.652	101324.861	0.0190740782	0.00710630277	0	0	0	0	3
136	258	0	1.04644225	101324.861	101324.83	101324.652	101324.861	0.0188876672	0.00710630277	0	0	0	0	3
137	260	0	1.05413668	101324.833	101324.83	101324.652	101324.861	0.0183101063	0.00710630277	0	0	0	0	3
138	262	0	1.06183111	101324.855	101324.83	101324.652	101324.861	0.0182364802	0.00710630277	0	0	0	0	3
139	263	0	1.06952554	101324.856	101324.83	101324.652	101324.861	0.0179252707	0.00710630277	0	0	0	0	3
140	265	0	1.07721997	101324.861	101324.831	101324.652	101324.861	0.0177549833	0.00710630277	0	0	0	0	3
141	267	0	1.0849144	101324.833	101324.83	101324.652	101324.861	0.0145436908	0.00710630277	0	0	0	0	3
142	269	0	1.09260882	101324.861	101324.833	101324.702	101324.861	0.0145436908	0.00710630277	0	0	0	0	3
143	270	0	1.10030325	101324.786	101324.832	101324.702	101324.861	0.012497406	0.00710630277	0	0	0	0	3
144	272	0	1.10799768	101324.861	101324.835	101324.729	101324.861	0.0137814066	0.00710630277	0	0	0	0	3
145	274	0	1.11569211	101324.861	101324.835	101324.729	101324.861	0.0137814066	0.00710630277	0	0	0	0	3
146	276	0	1.12338654	101324.835	101324.835	101324.729	101324.861	0.0141871172	0.00710630277	0	0	0	0	3
147	277	0	1.13108097	101324.861	101324.835	101324.729	101324.861	0.0143645647	0.00710630277	0	0	0	0	3
148	279	0	1.13877539	101324.837	101324.836	101324.729	101324.861	0.0146703444	0.00710630277	0	0	0	0	3
149	282	0	1.14646982	101324.856	101324.836	101324.729	101324.861	0.0146784367	0.00710630277	0	0	0	0	3
150	283	0	1.15416425	101324.851	101324.837	101324.729	101324.861	0.016045726	0.00710630277	0	0	0	0	3
151	285	0	1.16185868	101324.858	101324.837	101324.729	101324.861	0.016045726	0.00710630277	0	0	0	0	3
152	287	0	1.16955311	101324.861	101324.839	101324.729	101324.861	0.0176931529	0.00710630277	0	0	0	0	3
153	288	0	1.17724754	101324.821	101324.838	101324.729	101324.861	0.0176931529	0.00710630277	0	0	0	0	3
154	290	0	1.18494196	101324.861	101324.839	101324.729	101324.861	0.0176931529	0.00710630277	0	0	0	0	3
155	292	0	1.19263639	101324.822	101324.838	101324.729	101324.861	0.0176931529	0.00710630277	0	0	0	0	3
156	295	0	1.20033082	101324.861	101324.839	101324.729	101324.861	0.0176931529	0.00710630277	0	0	0	0	3
157	296	0	1.20802525	101324.861	101324.839	101324.729	101324.861	0.0176935073	0.00710630277	0	0	0	0	3
158	298	0	1.21571968	101324.822	101324.838	101324.729	101324.861	0.0176935073	0.00710630277	0	0	0	0	3
159	300	0	1.22341411	101324.861	101324.838	101324.729	101324.861	0.0176935073	0.00710630277	0	0	0	0	3
160	302	0	1.23110853	101324.821	101324.838	101324.729	101324.861	0.0176935073	0.00710630277	0	0	0	0	3
161	303	0	1.23880296	101324.858	101324.839	101324.729	101324.861	0.0176935073	0.00710630277	0	0	0	0	3
162	305	0	1.24649739	101324.861	101324.839	101324.729	101324.861	0.018105015	0.00710630277	0	0	0	0	3
163	307	0	1.25419182	101324.822	101324.839	101324.729	101324.861	0.018105015	0.00710630277	0	0	0	0	3
164	309	0	1.26188625	101324.861	101324.84	101324.729	101324.861	0.0191074617	0.00710630277	0	0	0	0	3
165	312	0	1.26958068	101324.822	101324.84	101324.729	101324.861	0.0191074617	0.00710630277	0	0	0	0	3
166	313	0	1.2772751	101324.856	101324.84	101324.729	101324.861	0.0191074617	0.00710630277	0	0	0	0	3
167	315	0	1.28496953	101324.861	101324.84	101324.729	101324.861	0.0191074617	0.00710630277	0	0	0	0	3
168	317	0	1.29266396	101324.823	101324.84	101324.729	101324.861	0.0191074617	0.00710630277	0	0	0	0	3
169	319	0	1.30035839	101324.861	101324.84	101324.729	101324.861	0.0191606628	0.00710630277	0	0	0	0	3
170	320	0	1.30805282	101324.823	101324.84	101324.729	101324.861	0.0191606628	0.00710630277	0	0	0	0	3
171	322	0	1.31574725	101324.857	101324.84	101324.729	101324.861	0.0191606628	0.00710630277	0	0	0	0	3
172	324	0	1.32344167	101324.861	101324.842	101324.739	101324.861	0.0208805715	0.00710630277	0	0	0	0	3
173	326	0	1.3311361	101324.824	101324.841	101324.739	101324.861	0.0208805715	0.00710630277	0	0	0	0	3
174	328	0	1.33883053	101324.861	101324.842	101324.739	101324.861	0.0208805715	0.00710630277	0	0	0	0	3
175	330	0	1.34652496	101324.824	101324.841	101324.739	101324.861	0.0208805715	0.00710630277	0	0	0	0	3
176	332	0	1.35421939	101324.857	101324.842	101324.739	101324.861	0.0208805715	0.00710630277	0	0	0	0	3
177	333	0	1.36191382	101324.861	101324.842	101324.739	101324.861	0.020883579	0.00710630277	0	0	0	0	3
178	335	0	1.36960824	101324.825	101324.841	101324.739	101324.861	0.020883579	0.00710630277	0	0	0	0	3
179	337	0	1.37730267	101324.861	101324.842	101324.739	101324.861	0.020975086	0.00710630277	0	0	0	0	3
180	339	0	1.3849971	101324.825	101324.842	101324.739	101324.861	0.020975086	0.00710630277	0	0	0	0	3
181	340	0	1.39269153	101324.857	101324.842	101324.739	101324.861	0.020975086	0.00710630277	0	0	0	0	3
182	342	0	1.40038596	101324.861	101324.843	101324.776	101324.861	0.0220642209	0.00710630277	0	0	0	0	3
183	345	0	1.40808039	101324.825	101324.843	101324.776	101324.861	0.021949103	0.00710630277	0	0	0	0	3
184	347	0	1.41577481	101324.861	101324.843	101324.776	101324.861	0.0192753213	0.00710630277	0	0	0	0	3
185	348	0	1.42346924	101324.826	101324.843	101324.776	101324.861	0.0192753213	0.00710630277	0	0	0	0	3
186	350	0	1.43116367	101324.857	101324.843	101324.776	101324.861	0.0192753213	0.00710630277	0	0	0	0	3
187	352	0	1.4388581	101324.861	101324.843	101324.776	101324.861	0.0192753213	0.00710630277	0	0	0	0	3
188	353	0	1.44655253	101324.826	101324.843	101324.776	101324.861	0.0192753213	0.00710630277	0	0	0	0	3
189	356	0	1.45424696	101324.861	101324.843	101324.776	101324.861	0.0192753213	0.00710630277	0	0	0	0	3
190	358	0	1.46194138	101324.861	101324.844	101324.776	101324.861	0.0182774203	0.00710630277	0	0	0	0	3
191	360	0	1.46963581	101324.826	101324.844	101324.776	101324.861	0.0182774203	0.00710630277	0	0	0	0	3
192	361	0	1.47733024	101324.861	101324.845	101324.776	101324.861	0.0183818582	0.00710630277	0	0	0	0	3
193	363	0	1.48502467	101324.827	101324.844	101324.776	101324.861	0.0183818582	0.00710630277	0	0	0	0	3
194	365	0	1.4927191	101324.857	101324.844	101324.776	101324.861	0.0158139554	0.00710630277	0	0	0	0	3
195	367	0	1.50041353	101324.861	101324.844	101324.776	101324.861	0.0158139554	0.00710630277	0	0	0	0	3
196	368	0	1.50810795	101324.827	101324.845	101324.776	101324.861	0.0158856393	0.00710630277	0	0	0	0	3
197	371	0	1.51580238	101324.861	101324.845	101324.776	101324.861	0.0158856393	0.00710630277	0	0	0	0	3
198	373	0	1.52349681	101324.861	101324.846	101324.776	101324.861	0.0159892587	0.00710630277	0	0	0	0	3
199	374	0	1.53119124	101324.827	101324.845	101324.776	101324.861	0.0159892587	0.00710630277	0	0	0	0	3
200	376	0	1.53888567	101324.861	101324.847	101324.786	101324.861	0.0167788492	0.00710630277	0	0	0	0	3
201	380	0	1.5465801	101324.828	101324.846	101324.786	101324.861	0.0167788492	0.00710630277	0	0	0	0	3
202	382	0	1.55427452	101324.857	101324.846	101324.786	101324.861	0.0162960211	0.00710630277	0	0	0	0	3
203	384	0	1.56196895	101324.861	101324.846	101324.786	101324.861	0.0162960211	0.00710630277	0	0	0	0	3
204	385	0	1.56966338	101324.828	101324.846	101324.786	101324.861	0.0162380367	0.00710630277	0	0	0	0	3
205	387	0	1.57735781	101324.861	101324.846	101324.786	101324.861	0.0162380367	0.00710630277	0	0	0	0	3
206	389	0	1.58505224	101324.861	101324.846	101324.786	101324.861	0.0141847688	0.00710630277	0	0	0	0	3
207	391	0	1.59274667	101324.828	101324.846	101324.786	101324.861	0.0141847688	0.00710630277	0	0	0	0	3
208	392	0	1.60044109	101324.861	101324.847	101324.821	101324.861	0.0123437399	0.00710630277	0	0	0	0	3
209	394	0	1.60813552	101324.828	101324.847	101324.821	101324.861	0.0123437399	0.00710630277	0	0	0	0	3
210	396	0	1.61582995	101324.857	101324.847	101324.821	101324.861	0.0119380293	0.00710630277	0	0	0	0	3
211	398	0	1.62352438	101324.861	101324.847	101324.821	101324.861	0.0117605818	0.00710630277	0	0	0	0	3
212	400	0	1.63121881	101324.829	101324.846	101324.821	101324.861	0.011454802	0.00710630277	0	0	0	0	3
213	402	0	1.63891324	101324.861	101324.847	101324.821	101324.861	0.0114467098	0.00710630277	0	0	0	0	3
214	404	0	1.64660766	101324.861	101324.847	101324.821	101324.861	0.0101230163	0.00710630277	0	0	0	0	3
215	405	0	1.65430209	101324.829	101324.847	101324.821	101324.861	0.0101230163	0.00710630277	0	0	0	0	3
216	407	0	1.66199652	101324.861	101324.847	101324.821	101324.861	0.00899392797	0.00710630277	0	0	0	0	3
217	409	0	1.66969095	101324.861	101324.847	101324.821	101324.861	0.00899392797	0.00710630277	0	0	0	0	3
218	411	0	1.67738538	101324.83	101324.847	101324.821	101324.861	0.00899392797	0.00710630277	0	0	0	0	3
219	412	0	1.68507981	101324.861	101324.847	101324.821	101324.861	0.00899392797	0.00710630277	0	0	0	0	3
220	415	0	1.69277423	101324.861	101324.847	101324.821	101324.861	0.00910462983	0.00710630277	0	0	0	0	3
221	417	0	1.70046866	101324.83	101324.847	101324.821	101324.861	0.00910462983	0.00710630277	0	0	0	0	3
222	419	0	1.70816309	101324.861	101324.847	101324.821	101324.861	0.00910462983	0.00710630277	0	0	0	0	3
223	420	0	1.71585752	101324.861	101324.847	101324.821	101324.861	0.0092330684	0.00710630277	0	0	0	0	3
224	422	0	1.72355195	101324.83	101324.847	101324.821	101324.861	0.00906993082	0.00710630277	0	0	0	0	3
225	424	0	1.73124638	101324.861	101324.848	101324.822	101324.861	0.00909076804	0.00710630277	0	0	0	0	3
226	426	0	1.7389408	101324.861	101324.848	101324.822	101324.861	0.00903852312	0.00710630277	0	0	0	0	3
227	427	0	1.74663523	101324.831	101324.847	101324.822	101324.861	0.00903852312	0.00710630277	0	0	0	0	3
228	429	0	1.75432966	101324.861	101324.848	101324.822	101324.861	0.00810884725	0.00710630277	0	0	0	0	3
229	431	0	1.76202409	101324.861	101324.848	101324.822	101324.861	0.00810884725	0.00710630277	0	0	0	0	3
230	433	0	1.76971852	101324.831	101324.848	101324.823	101324.861	0.00817353901	0.00710630277	0	0	0	0	3
231	435	0	1.77741295	101324.861	101324.848	101324.823	101324.861	0.00824190213	0.00710630277	0	0	0	0	3
232	437	0	1.78510737	101324.861	101324.848	101324.823	101324.861	0.00822070298	0.00710630277	0	0	0	0	3
233	439	0	1.7928018	101324.831	101324.848	101324.823	101324.861	0.00835120636	0.00710630277	0	0	0	0	3
234	440	0	1.80049623	101324.861	101324.848	101324.823	101324.861	0.00835120636	0.00710630277	0	0	0	0	3
235	442	0	1.80819066	101324.861	101324.849	101324.824	101324.861	0.0088398826	0.00710630277	0	0	0	0	3
236	444	0	1.81588509	101324.832	101324.848	101324.824	101324.861	0.00763442306	0.00710630277	0	0	0	0	3
237	445	0	1.82357952	101324.861	101324.848	101324.824	101324.861	0.00763442306	0.00710630277	0	0	0	0	3
238	447	0	1.83127394	101324.861	101324.849	101324.824	101324.861	0.00782091379	0.00710630277	0	0	0	0	3
239	449	0	1.83896837	101324.832	101324.848	101324.824	101324.861	0.00782091379	0.00710630277	0	0	0	0	3
240	451	0	1.8466628	101324.861	101324.849	101324.825	101324.861	0.00767724169	0.00710630277	0	0	0	0	3
241	452	0	1.85435723	101324.861	101324.849	101324.825	101324.861	0.00774187944	0.00710630277	0	0	0	0	3
242	454	0	1.86205166	101324.832	101324.849	101324.825	101324.861	0.00774187944	0.00710630277	0	0	0	0	3
243	456	0	1.86974609	101324.861	101324.849	101324.825	101324.861	0.00756512275	0.00710630277	0	0	0	0	3
244	458	0	1.87744051	101324.861	101324.849	101324.825	101324.861	0.00756512275	0.00710630277	0	0	0	0	3
245	460	0	1.88513494	101324.832	101324.849	101324.825	101324.861	0.00767967686	0.00710630277	0	0	0	0	3
246	462	0	1.89282937	101324.861	101324.849	101324.825	101324.861	0.00634439845	0.00710630277	0	0	0	0	3
247	464	0	1.9005238	101324.861	101324.849	101324.825	101324.861	0.00634439845	0.00710630277	0	0	0	0	3
248	466	0	1.90821823	101324.833	101324.849	101324.826	101324.861	0.006455169	0.00710630277	0	0	0	0	3
249	468	0	1.91591266	101324.861	101324.849	101324.826	101324.861	0.006455169	0.00710630277	0	0	0	0	3
250	469	0	1.92360708	101324.861	101324.85	101324.826	101324.861	0.0069956603	0.00710630277	0	0	0	0	3
251	471	0	1.93130151	101324.833	101324.85	101324.826	101324.861	0.0069956603	0.00710630277	0	0	0	0	3
252	473	0	1.93899594	101324.861	101324.85	101324.826	101324.861	0.0069956603	0.00710630277	0	0	0	0	3
253	475	0	1.94669037	101324.861	101324.85	101324.826	101324.861	0.00704637275	0.00710630277	0	0	0	0	3
254	476	0	1.9543848	101324.833	101324.85	101324.826	101324.861	0.00648096559	0.00710630277	0	0	0	0	3
255	478	0	1.96207923	101324.861	101324.85	101324.826	101324.861	0.00648096559	0.00710630277	0	0	0	0	3
256	480	0	1.96977365	101324.861	101324.85	101324.827	101324.861	0.00594420309	0.00710630277	0	0	0	0	3
257	483	0	1.97746808	101324.834	101324.85	101324.827	101324.861	0.00594420309	0.00710630277	0	0	0	0	3
258	484	0	1.98516251	101324.861	101324.85	101324.827	101324.861	0.00590439839	0.00710630277	0	0	0	0	3
259	486	0	1.99285694	101324.861	101324.85	101324.827	101324.861	0.00596125498	0.00710630277	0	0	0	0	3
260	488	0	2.00055137	101324.829	101324.85	101324.827	101324.861	0.00558421065	0.00710630277	0	0	0	0	3
261	490	0	2.0082458	101324.861	101324.85	101324.827	101324.861	0.00561430251	0.00710630277	0	0	0	0	3
262	491	0	2.01594022	101324.861	101324.85	101324.827	101324.861	0.0052538684	0.00710630277	0	0	0	0	3
263	493	0	2.02363465	101324.829	101324.85	101324.827	101324.861	0.0052538684	0.00710630277	0	0	0	0	3
264	495	0	2.03132908	101324.861	101324.851	101324.828	101324.861	0.00453688309	0.00710630277	0	0	0	0	3
265	497	0	2.03902351	101324.861	101324.851	101324.828	101324.861	0.00453688309	0.00710630277	0	0	0	0	3
266	499	0	2.04671794	101324.83	101324.851	101324.828	101324.861	0.00456920109	0.00710630277	0	0	0	0	3
267	500	0	2.05441237	101324.861	101324.851	101324.828	101324.861	0.00462582805	0.00710630277	0	0	0	0	3
268	502	0	2.06210679	101324.861	101324.851	101324.828	101324.861	0.00462582805	0.00710630277	0	0	0	0	3
269	504	0	2.06980122	101324.83	101324.851	101324.828	101324.861	0.00465763701	0.00710630277	0	0	0	0	3
270	506	0	2.07749565	101324.861	101324.851	101324.828	101324.861	0.00465763701	0.00710630277	0	0	0	0	3
271	508	0	2.08519008	101324.861	101324.851	101324.828	101324.861	0.00465763701	0.00710630277	0	0	0	0	3
272	510	0	2.09288451	101324.83	101324.851	101324.828	101324.861	0.00418519678	0.00710630277	0	0	0	0	3
273	511	0	2.10057894	101324.861	101324.851	101324.828	101324.861	0.0041851968	0.00710630277	0	0	0	0	3
274	513	0	2.10827336	101324.861	101324.851	101324.829	101324.861	0.00468445699	0.00710630277	0	0	0	0	3
275	515	0	2.11596779	101324.831	101324.851	101324.829	101324.861	0.00468445699	0.00710630277	0	0	0	0	3
276	517	0	2.12366222	101324.861	101324.851	101324.829	101324.861	0.00468445699	0.00710630277	0	0	0	0	3
277	518	0	2.13135665	101324.861	101324.851	101324.829	101324.861	0.00467068667	0.00710630277	0	0	0	0	3
278	520	0	2.13905108	101324.831	101324.851	101324.829	101324.861	0.00467068667	0.00710630277	0	0	0	0	3
279	522	0	2.14674551	101324.861	101324.851	101324.829	101324.861	0.00467068667	0.00710630277	0	0	0	0	3
280	524	0	2.15443993	101324.861	101324.851	101324.829	101324.861	0.004651086	0.00710630277	0	0	0	0	3
281	526	0	2.16213436	101324.831	101324.851	101324.829	101324.861	0.004651086	0.00710630277	0	0	0	0	3
282	527	0	2.16982879	101324.861	101324.851	101324.829	101324.861	0.00452333831	0.00710630277	0	0	0	0	3
283	529	0	2.17752322	101324.861	101324.851	101324.829	101324.861	0.00454241749	0.00710630277	0	0	0	0	3
284	531	0	2.18521765	101324.831	101324.851	101324.829	101324.861	0.00442288206	0.00710630277	0	0	0	0	3
285	533	0	2.19291208	101324.861	101324.851	101324.829	101324.861	0.00442288206	0.00710630277	0	0	0	0	3
286	535	0	2.2006065	101324.861	101324.851	101324.829	101324.861	0.0044383769	0.00710630277	0	0	0	0	3
287	536	0	2.20830093	101324.831	101324.851	101324.829	101324.861	0.00430432997	0.00710630277	0	0	0	0	3
288	538	0	2.21599536	101324.859	101324.851	101324.829	101324.861	0.00430432997	0.00710630277	0	0	0	0	3
289	540	0	2.22368979	101324.861	101324.851	101324.829	101324.861	0.00411937358	0.00710630277	0	0	0	0	3
290	542	0	2.23138422	101324.832	101324.851	101324.829	101324.861	0.00411937358	0.00710630277	0	0	0	0	3
291	544	0	2.23907865	101324.858	101324.851	101324.829	101324.861	0.00411937358	0.00710630277	0	0	0	0	3
292	546	0	2.24677307	101324.861	101324.851	101324.829	101324.861	0.00351810793	0.00710630277	0	0	0	0	3
293	547	0	2.2544675	101324.861	101324.851	101324.829	101324.861	0.00351810793	0.00710630277	0	0	0	0	3
294	549	0	2.26216193	101324.832	101324.851	101324.829	101324.861	0.00338155686	0.00710630277	0	0	0	0	3
295	551	0	2.26985636	101324.861	101324.851	101324.829	101324.861	0.00331319375	0.00710630277	0	0	0	0	3
296	553	0	2.27755079	101324.861	101324.851	101324.829	101324.861	0.00331319375	0.00710630277	0	0	0	0	3
297	554	0	2.28524522	101324.832	101324.851	101324.829	101324.861	0.00318269036	0.00710630277	0	0	0	0	3
298	556	0	2.29293964	101324.858	101324.851	101324.829	101324.861	0.00318269036	0.00710630277	0	0	0	0	3
299	558	0	2.30063407	101324.861	101324.851	101324.829	101324.861	0.002987826	0.00710630277	0	0	0	0	3
300	560	0	2.3083285	101324.861	101324.851	101324.829	101324.861	0.002987826	0.00710630277	0	0	0	0	3
301	564	0	2.31602293	101324.832	101324.851	101324.829	101324.861	0.002987826	0.00710630277	0	0	0	0	3
302	566	0	2.32371736	101324.861	101324.851	101324.829	101324.861	0.0028637745	0.00710630277	0	0	0	0	3
303	567	0	2.33141179	101324.861	101324.851	101324.829	101324.861	0.0028637745	0.00710630277	0	0	0	0	3
304	569	0	2.33910621	101324.861	101324.852	101324.829	101324.861	0.00307860655	0.00710630277	0	0	0	0	3
305	571	0	2.34680064	101324.832	101324.851	101324.829	101324.861	0.00307860655	0.00710630277	0	0	0	0	3
306	573	0	2.35449507	101324.861	101324.851	101324.829	101324.861	0.00307860655	0.00710630277	0	0	0	0	3
307	575	0	2.3621895	101324.861	101324.852	101324.829	101324.861	0.00252501294	0.00710630277	0	0	0	0	3
308	577	0	2.36988393	101324.861	101324.852	101324.829	101324.861	0.00252501294	0.00710630277	0	0	0	0	3
309	578	0	2.37757836	101324.832	101324.851	101324.829	101324.861	0.00241045884	0.00710630277	0	0	0	0	3
310	580	0	2.38527278	101324.861	101324.852	101324.829	101324.861	0.00235087244	0.00710630277	0	0	0	0	3
311	582	0	2.39296721	101324.861	101324.852	101324.829	101324.861	0.00235087244	0.00710630277	0	0	0	0	3
312	584	0	2.40066164	101324.861	101324.852	101324.829	101324.861	0.00224010191	0.00710630277	0	0	0	0	3
313	586	0	2.40835607	101324.832	101324.852	101324.829	101324.861	0.00224010191	0.00710630277	0	0	0	0	3
314	587	0	2.4160505	101324.861	101324.852	101324.829	101324.861	0.00206757708	0.00710630277	0	0	0	0	3
315	589	0	2.42374493	101324.861	101324.852	101324.829	101324.861	0.00206757708	0.00710630277	0	0	0	0	3
