Iteration	CPUTime	PhysTime	Travels	Value	AvValue	MinValue	MaxValue	Delta	Criteria	PrevAvRefValue	Progress	CriteriaType	CriteriaVarType	CriteriaPercentage
1	12	0	0.00769442833	293.15	293.15	293.15	293.15	0	0	0	0	0	0	3
2	13	0	0.0153888567	293.15	293.15	293.15	293.15	4.24847713e-10	0	0	0	0	0	3
3	15	0	0.023083285	293.15	293.15	293.15	293.15	1.16489218e-09	0	0	0	0	0	3
4	17	0	0.0307777133	293.15	293.15	293.15	293.15	2.6213911e-09	0	0	0	0	0	3
5	19	0	0.0384721417	293.15	293.15	293.15	293.15	3.83255383e-09	0	0	0	0	0	3
6	20	0	0.04616657	293.15	293.15	293.15	293.15	5.61129809e-09	0	0	0	0	0	3
7	22	0	0.0538609983	293.15	293.15	293.15	293.15	7.73684405e-09	0	0	0	0	0	3
8	24	0	0.0615554267	293.15	293.15	293.15	293.15	1.05898721e-08	0	0	0	0	0	3
9	25	0	0.069249855	293.15	293.15	293.15	293.15	1.38663268e-08	0	0	0	0	0	3
10	27	0	0.0769442833	293.15	293.15	293.15	293.15	1.77037691e-08	0	0	0	0	0	3
11	28	0	0.0846387117	293.15	293.15	293.15	293.15	2.27154828e-08	0	0	0	0	0	3
12	30	0	0.09233314	293.15	293.15	293.15	293.15	2.86423187e-08	0	0	0	0	0	3
13	32	0	0.100027568	293.15	293.15	293.15	293.15	3.51461722e-08	0	0	0	0	0	3
14	34	0	0.107721997	293.15	293.15	293.15	293.15	4.19963158e-08	0	0	0	0	0	3
15	35	0	0.115416425	293.15	293.15	293.15	293.15	4.90130674e-08	0	0	0	0	0	3
16	37	0	0.123110853	293.15	293.15	293.15	293.15	5.67940788e-08	0	0	0	0	0	3
17	39	0	0.130805282	293.15	293.15	293.15	293.15	6.52670451e-08	0	0	0	0	0	3
18	40	0	0.13849971	293.15	293.15	293.15	293.15	7.43553414e-08	0	0	0	0	0	3
19	42	0	0.146194138	293.15	293.15	293.15	293.15	8.40655048e-08	0	0	0	0	0	3
20	44	0	0.153888567	293.15	293.15	293.15	293.15	9.44073122e-08	0	0	0	0	0	3
21	46	0	0.161582995	293.15	293.15	293.15	293.15	1.06863638e-07	0	0	0	0	0	3
22	48	0	0.169277423	293.15	293.15	293.15	293.15	1.21611777e-07	0	0	0	0	0	3
23	50	0	0.176971852	293.15	293.15	293.15	293.15	1.38832263e-07	0	0	0	0	0	3
24	51	0	0.18466628	293.150001	293.15	293.15	293.150001	1.58697389e-07	0	0	0	0	0	3
25	53	0	0.192360708	293.150001	293.15	293.15	293.150001	1.81265079e-07	0	0	0	0	0	3
26	55	0	0.200055137	293.150001	293.15	293.15	293.150001	2.09480561e-07	0	0	0	0	0	3
27	57	0	0.207749565	293.150001	293.15	293.15	293.150001	2.42833323e-07	0	0	0	0	0	3
28	59	0	0.215443993	293.150001	293.15	293.15	293.150001	2.80607424e-07	0	0	0	0	0	3
29	60	0	0.223138422	293.150001	293.15	293.15	293.150001	3.22136998e-07	0	0	0	0	0	3
30	62	0	0.23083285	293.150002	293.15	293.15	293.150002	3.66952236e-07	0	0	0	0	0	3
31	64	0	0.238527278	293.150002	293.15	293.15	293.150002	4.18425202e-07	0	0	0	0	0	3
32	66	0	0.246221707	293.150002	293.15	293.15	293.150002	4.76284754e-07	0	0	0	0	0	3
33	68	0	0.253916135	293.150003	293.150001	293.15	293.150003	5.40226665e-07	0	0	0	0	0	3
34	70	0	0.261610563	293.150003	293.150001	293.15	293.150003	6.10059487e-07	0	0	0	0	0	3
35	71	0	0.269304992	293.150003	293.150001	293.15	293.150003	6.85634234e-07	0	0	0	0	0	3
36	73	0	0.27699942	293.150004	293.150001	293.15	293.150004	7.72686974e-07	0	0	0	0	0	3
37	75	0	0.284693848	293.150004	293.150001	293.15	293.150004	8.70844246e-07	0	0	0	0	0	3
38	77	0	0.292388277	293.150005	293.150001	293.15	293.150005	9.79832294e-07	0	0	0	0	0	3
39	79	0	0.300082705	293.150006	293.150001	293.15	293.150006	1.09940538e-06	0	0	0	0	0	3
40	81	0	0.307777133	293.150006	293.150001	293.15	293.150006	1.22930101e-06	0	0	0	0	0	3
41	83	0	0.315471562	293.150007	293.150001	293.15	293.150007	1.37807353e-06	0	0	0	0	0	3
42	85	0	0.32316599	293.150008	293.150002	293.15	293.150008	1.54479261e-06	0	0	0	0	0	3
43	87	0	0.330860418	293.150009	293.150002	293.15	293.150009	1.72807074e-06	0	0	0	0	0	3
44	88	0	0.338554847	293.15001	293.150002	293.15	293.15001	1.92668654e-06	0	0	0	0	0	3
45	90	0	0.346249275	293.150012	293.150002	293.15	293.150012	2.13990637e-06	0	0	0	0	0	3
46	92	0	0.353943703	293.150013	293.150002	293.15	293.150013	2.36743455e-06	0	0	0	0	0	3
47	94	0	0.361638132	293.150014	293.150003	293.15	293.150014	2.60900163e-06	0	0	0	0	0	3
48	96	0	0.36933256	293.150015	293.150003	293.15	293.150015	2.86418106e-06	0	0	0	0	0	3
49	98	0	0.377026988	293.150016	293.150003	293.15	293.150016	3.13231988e-06	0	0	0	0	0	3
50	100	0	0.384721417	293.150017	293.150003	293.15	293.150017	3.41264183e-06	0	0	0	0	0	3
51	102	0	0.392415845	293.150018	293.150004	293.15	293.150018	3.7043053e-06	0	0	0	0	0	3
52	104	0	0.400110273	293.150019	293.150004	293.15	293.150019	4.00638146e-06	0	0	0	0	0	3
53	105	0	0.407804702	293.150021	293.150004	293.15	293.150021	4.31800805e-06	0	0	0	0	0	3
54	107	0	0.41549913	293.150022	293.150005	293.15	293.150022	4.63835221e-06	0	0	0	0	0	3
55	109	0	0.423193558	293.150023	293.150005	293.15	293.150023	4.9665536e-06	0	0	0	0	0	3
56	111	0	0.430887987	293.150024	293.150005	293.15	293.150024	5.30171849e-06	0	0	0	0	0	3
57	113	0	0.438582415	293.150025	293.150006	293.15	293.150025	5.64299398e-06	0	0	0	0	0	3
58	115	0	0.446276843	293.150026	293.150006	293.15	293.150026	5.98956177e-06	0	0	0	0	0	3
59	117	0	0.453971272	293.150027	293.150006	293.15	293.150027	6.34069426e-06	0	0	0	0	0	3
60	119	0	0.4616657	293.150028	293.150007	293.15	293.150028	6.69571727e-06	0	0	0	0	0	3
61	121	0	0.469360128	293.150029	293.150007	293.15	293.150029	7.05405728e-06	0	0	0	0	0	3
62	122	0	0.477054557	293.150029	293.150007	293.15	293.150029	7.41523445e-06	0	0	0	0	0	3
63	124	0	0.484748985	293.15003	293.150008	293.15	293.15003	7.77882354e-06	0	0	0	0	0	3
64	126	0	0.492443413	293.150031	293.150008	293.15	293.150031	8.14441802e-06	0	0	0	0	0	3
65	128	0	0.500137842	293.150032	293.150008	293.15	293.150032	8.51168284e-06	0	0	0	0	0	3
66	130	0	0.50783227	293.150033	293.150009	293.15	293.150033	9.01649918e-06	0	0	0	0	0	3
67	132	0	0.515526698	293.150034	293.15001	293.15	293.150034	9.53345801e-06	0	0	0	0	0	3
68	133	0	0.523221127	293.150034	293.15001	293.15	293.150034	1.00619351e-05	0	0	0	0	0	3
69	135	0	0.530915555	293.150035	293.150011	293.15	293.150035	1.06026431e-05	0	0	0	0	0	3
70	137	0	0.538609983	293.150036	293.150011	293.15	293.150036	1.11546291e-05	0	0	0	0	0	3
71	139	0	0.546304412	293.150037	293.150012	293.15	293.150037	1.17178824e-05	0	0	0	0	0	3
72	141	0	0.55399884	293.150037	293.150012	293.15	293.150037	1.2291888e-05	0	0	0	0	0	3
73	142	0	0.561693268	293.150038	293.150013	293.15	293.150038	1.28767234e-05	0	0	0	0	0	3
74	144	0	0.569387697	293.150039	293.150013	293.15	293.150039	1.3472112e-05	0	0	0	0	0	3
75	146	0	0.577082125	293.15004	293.150014	293.15	293.15004	1.40772878e-05	0	0	0	0	0	3
76	148	0	0.584776553	293.15004	293.150015	293.15	293.15004	1.46923203e-05	0	0	0	0	0	3
77	150	0	0.592470982	293.150041	293.150015	293.15	293.150041	1.53174933e-05	0	0	0	0	0	3
78	152	0	0.60016541	293.150042	293.150016	293.15	293.150042	1.59529998e-05	0	0	0	0	0	3
79	154	0	0.607859838	293.150043	293.150017	293.15	293.150043	1.65989372e-05	0	0	0	0	0	3
80	155	0	0.615554267	293.150043	293.150017	293.15	293.150043	1.72545705e-05	0	0	0	0	0	3
81	157	0	0.623248695	293.150044	293.150018	293.15	293.150044	1.79196486e-05	0	0	0	0	0	3
82	159	0	0.630943123	293.150045	293.150019	293.15	293.150045	1.85940624e-05	0	0	0	0	0	3
83	161	0	0.638637552	293.150045	293.150019	293.15	293.150045	1.92776673e-05	0	0	0	0	0	3
84	163	0	0.64633198	293.150046	293.15002	293.15	293.150046	1.99702985e-05	0	0	0	0	0	3
85	165	0	0.654026408	293.150047	293.150021	293.15	293.150047	2.06703912e-05	0	0	0	0	0	3
86	166	0	0.661720837	293.150047	293.150021	293.15	293.150047	2.1377199e-05	0	0	0	0	0	3
87	168	0	0.669415265	293.150048	293.150022	293.15	293.150048	2.20903796e-05	0	0	0	0	0	3
88	170	0	0.677109693	293.150049	293.150023	293.150001	293.150049	2.28095406e-05	0	0	0	0	0	3
89	172	0	0.684804122	293.150049	293.150024	293.150001	293.150049	2.35345102e-05	0	0	0	0	0	3
90	174	0	0.69249855	293.15005	293.150024	293.150001	293.15005	2.42621472e-05	0	0	0	0	0	3
91	175	0	0.700192978	293.15005	293.150025	293.150001	293.15005	2.49916238e-05	0	0	0	0	0	3
92	177	0	0.707887407	293.150051	293.150026	293.150001	293.150051	2.57235795e-05	0	0	0	0	0	3
93	179	0	0.715581835	293.150052	293.150027	293.150001	293.150052	2.64586934e-05	0	0	0	0	0	3
94	181	0	0.723276263	293.150052	293.150028	293.150002	293.150052	2.71974727e-05	0	0	0	0	0	3
95	183	0	0.730970692	293.150053	293.150028	293.150002	293.150053	2.79365179e-05	0	0	0	0	0	3
96	184	0	0.73866512	293.150054	293.150029	293.150002	293.150054	2.86742723e-05	0	0	0	0	0	3
97	186	0	0.746359548	293.150054	293.15003	293.150003	293.150054	2.94107801e-05	0	0	0	0	0	3
98	188	0	0.754053977	293.150055	293.150031	293.150003	293.150055	3.01460576e-05	0	0	0	0	0	3
99	190	0	0.761748405	293.150056	293.150032	293.150003	293.150056	3.08799988e-05	0	0	0	0	0	3
100	192	0	0.769442833	293.150056	293.150032	293.150004	293.150056	3.16066343e-05	0	0	0	0	0	3
101	196	0	0.777137262	293.150057	293.150033	293.150004	293.150057	3.23228559e-05	0	0	0	0	0	3
102	198	0	0.78483169	293.150057	293.150034	293.150005	293.150057	3.30285887e-05	0	0	0	0	0	3
103	199	0	0.792526118	293.150058	293.150035	293.150006	293.150058	3.37237003e-05	0	0	0	0	0	3
104	201	0	0.800220547	293.150059	293.150036	293.150006	293.150059	3.44080815e-05	0	0	0	0	0	3
105	203	0	0.807914975	293.150059	293.150036	293.150007	293.150059	3.5072871e-05	0	0	0	0	0	3
106	205	0	0.815609403	293.15006	293.150037	293.150008	293.15006	3.57131247e-05	0	0	0	0	0	3
107	206	0	0.823303832	293.15006	293.150038	293.150009	293.15006	3.63299687e-05	0	0	0	0	0	3
108	208	0	0.83099826	293.150061	293.150039	293.15001	293.150061	3.69247408e-05	0	0	0	0	0	3
109	210	0	0.838692688	293.150062	293.15004	293.150012	293.150062	3.74982402e-05	0	0	0	0	0	3
110	212	0	0.846387117	293.150062	293.15004	293.150013	293.150062	3.80505529e-05	0	0	0	0	0	3
111	214	0	0.854081545	293.150063	293.150041	293.150014	293.150063	3.85814361e-05	0	0	0	0	0	3
112	215	0	0.861775973	293.150063	293.150042	293.150015	293.150063	3.90908247e-05	0	0	0	0	0	3
113	217	0	0.869470402	293.150064	293.150043	293.150016	293.150064	3.95790277e-05	0	0	0	0	0	3
114	219	0	0.87716483	293.150065	293.150043	293.150017	293.150065	4.00466504e-05	0	0	0	0	0	3
115	221	0	0.884859258	293.150065	293.150044	293.150018	293.150065	4.04944873e-05	0	0	0	0	0	3
116	222	0	0.892553687	293.150066	293.150045	293.150019	293.150066	4.09235495e-05	0	0	0	0	0	3
117	224	0	0.900248115	293.150066	293.150046	293.150021	293.150066	4.13348684e-05	0	0	0	0	0	3
118	226	0	0.907942543	293.150067	293.150046	293.150022	293.150067	4.17294402e-05	0	0	0	0	0	3
119	228	0	0.915636972	293.150068	293.150047	293.150023	293.150068	4.21083441e-05	0	0	0	0	0	3
120	229	0	0.9233314	293.150068	293.150048	293.150024	293.150068	4.24727876e-05	0	0	0	0	0	3
121	231	0	0.931025828	293.150069	293.150048	293.150025	293.150069	4.28239995e-05	0	0	0	0	0	3
122	233	0	0.938720257	293.150069	293.150049	293.150026	293.150069	4.31632178e-05	0	0	0	0	0	3
123	235	0	0.946414685	293.15007	293.15005	293.150027	293.15007	4.32072202e-05	0	0	0	0	0	3
124	236	0	0.954109113	293.15007	293.15005	293.150028	293.15007	4.28565767e-05	0	0	0	0	0	3
125	238	0	0.961803542	293.150071	293.150051	293.150029	293.150071	4.2530149e-05	0	0	0	0	0	3
126	240	0	0.96949797	293.150072	293.150052	293.150029	293.150072	4.22255797e-05	0	0	0	0	0	3
127	242	0	0.977192398	293.150072	293.150052	293.15003	293.150072	4.19423014e-05	0	0	0	0	0	3
128	243	0	0.984886827	293.150073	293.150053	293.150031	293.150073	4.16776971e-05	0	0	0	0	0	3
129	245	0	0.992581255	293.150073	293.150054	293.150032	293.150073	4.143121e-05	0	0	0	0	0	3
130	247	0	1.00027568	293.150074	293.150054	293.150033	293.150074	4.12014756e-05	2.93150074e-06	0	0	0	0	3
131	249	0	1.00797011	293.150075	293.150055	293.150034	293.150075	4.09850738e-05	2.93150075e-06	0	0	0	0	3
132	251	0	1.01566454	293.150075	293.150056	293.150034	293.150075	4.07829409e-05	2.93150075e-06	0	0	0	0	3
133	253	0	1.02335897	293.150076	293.150056	293.150035	293.150076	4.05933052e-05	2.93150076e-06	0	0	0	0	3
134	255	0	1.0310534	293.150076	293.150057	293.150036	293.150076	4.041388e-05	2.93150076e-06	0	0	0	0	3
135	256	0	1.03874783	293.150077	293.150058	293.150037	293.150077	4.0244364e-05	2.93150077e-06	0	0	0	0	3
136	258	0	1.04644225	293.150078	293.150058	293.150037	293.150078	4.0082513e-05	2.93150078e-06	0	0	0	0	3
137	260	0	1.05413668	293.150078	293.150059	293.150038	293.150078	3.9930479e-05	2.93150078e-06	0	0	0	0	3
138	262	0	1.06183111	293.150079	293.150059	293.150039	293.150079	3.97878445e-05	2.93150079e-06	0	0	0	0	3
139	263	0	1.06952554	293.150079	293.15006	293.15004	293.150079	3.96508516e-05	2.93150079e-06	0	0	0	0	3
140	265	0	1.07721997	293.15008	293.150061	293.15004	293.15008	3.95186311e-05	2.9315008e-06	0	0	0	0	3
141	267	0	1.0849144	293.150081	293.150061	293.150041	293.150081	3.93900459e-05	2.93150081e-06	0	0	0	0	3
142	269	0	1.09260882	293.150081	293.150062	293.150042	293.150081	3.92629932e-05	2.93150081e-06	0	0	0	0	3
143	270	0	1.10030325	293.150082	293.150063	293.150043	293.150082	3.91414711e-05	2.93150082e-06	0	0	0	0	3
144	272	0	1.10799768	293.150082	293.150063	293.150043	293.150082	3.90292562e-05	2.93150082e-06	0	0	0	0	3
145	274	0	1.11569211	293.150083	293.150064	293.150044	293.150083	3.89259442e-05	2.93150083e-06	0	0	0	0	3
146	276	0	1.12338654	293.150083	293.150064	293.150045	293.150083	3.88319364e-05	2.93150083e-06	0	0	0	0	3
147	277	0	1.13108097	293.150084	293.150065	293.150045	293.150084	3.87446306e-05	2.93150084e-06	0	0	0	0	3
148	279	0	1.13877539	293.150085	293.150066	293.150046	293.150085	3.86644658e-05	2.93150085e-06	0	0	0	0	3
149	282	0	1.14646982	293.150085	293.150066	293.150047	293.150085	3.85862322e-05	2.93150085e-06	0	0	0	0	3
150	283	0	1.15416425	293.150086	293.150067	293.150047	293.150086	3.85115434e-05	2.93150086e-06	0	0	0	0	3
151	285	0	1.16185868	293.150086	293.150067	293.150048	293.150086	3.84359337e-05	2.93150086e-06	0	0	0	0	3
152	287	0	1.16955311	293.150087	293.150068	293.150049	293.150087	3.83627312e-05	2.93150087e-06	0	0	0	0	3
153	288	0	1.17724754	293.150087	293.150069	293.150049	293.150087	3.8284588e-05	2.93150087e-06	0	0	0	0	3
154	290	0	1.18494196	293.150088	293.150069	293.15005	293.150088	3.82084879e-05	2.93150088e-06	0	0	0	0	3
155	292	0	1.19263639	293.150089	293.15007	293.15005	293.150089	3.81344032e-05	2.93150089e-06	0	0	0	0	3
156	295	0	1.20033082	293.150089	293.15007	293.150051	293.150089	3.80603274e-05	2.93150089e-06	0	0	0	0	3
157	296	0	1.20802525	293.15009	293.150071	293.150052	293.15009	3.79876326e-05	2.9315009e-06	0	0	0	0	3
158	298	0	1.21571968	293.15009	293.150072	293.150052	293.15009	3.79177679e-05	2.9315009e-06	0	0	0	0	3
159	300	0	1.22341411	293.150091	293.150072	293.150053	293.150091	3.78518158e-05	2.93150091e-06	0	0	0	0	3
160	302	0	1.23110853	293.150091	293.150073	293.150054	293.150091	3.77877545e-05	2.93150091e-06	0	0	0	0	3
161	303	0	1.23880296	293.150092	293.150073	293.150054	293.150092	3.77297309e-05	2.93150092e-06	0	0	0	0	3
162	305	0	1.24649739	293.150093	293.150074	293.150055	293.150093	3.76728415e-05	2.93150093e-06	0	0	0	0	3
163	307	0	1.25419182	293.150093	293.150075	293.150056	293.150093	3.76188789e-05	2.93150093e-06	0	0	0	0	3
164	309	0	1.26188625	293.150094	293.150075	293.150056	293.150094	3.75660699e-05	2.93150094e-06	0	0	0	0	3
165	312	0	1.26958068	293.150094	293.150076	293.150057	293.150094	3.75116812e-05	2.93150094e-06	0	0	0	0	3
166	313	0	1.2772751	293.150095	293.150076	293.150057	293.150095	3.74569303e-05	2.93150095e-06	0	0	0	0	3
167	315	0	1.28496953	293.150095	293.150077	293.150058	293.150095	3.74029521e-05	2.93150095e-06	0	0	0	0	3
168	317	0	1.29266396	293.150096	293.150077	293.150059	293.150096	3.734834e-05	2.93150096e-06	0	0	0	0	3
169	319	0	1.30035839	293.150096	293.150078	293.150059	293.150096	3.72900338e-05	2.93150096e-06	0	0	0	0	3
170	320	0	1.30805282	293.150097	293.150079	293.15006	293.150097	3.72284126e-05	2.93150097e-06	0	0	0	0	3
171	322	0	1.31574725	293.150098	293.150079	293.15006	293.150098	3.71637893e-05	2.93150098e-06	0	0	0	0	3
172	324	0	1.32344167	293.150098	293.15008	293.150061	293.150098	3.70936868e-05	2.93150098e-06	0	0	0	0	3
173	326	0	1.3311361	293.150099	293.15008	293.150062	293.150099	3.7020672e-05	2.93150099e-06	0	0	0	0	3
174	328	0	1.33883053	293.150099	293.150081	293.150062	293.150099	3.69444592e-05	2.93150099e-06	0	0	0	0	3
175	330	0	1.34652496	293.1501	293.150082	293.150063	293.1501	3.68674578e-05	2.931501e-06	0	0	0	0	3
176	332	0	1.35421939	293.1501	293.150082	293.150063	293.1501	3.67893416e-05	2.931501e-06	0	0	0	0	3
177	333	0	1.36191382	293.150101	293.150083	293.150064	293.150101	3.67081339e-05	2.93150101e-06	0	0	0	0	3
178	335	0	1.36960824	293.150101	293.150083	293.150065	293.150101	3.66307098e-05	2.93150101e-06	0	0	0	0	3
179	337	0	1.37730267	293.150102	293.150084	293.150065	293.150102	3.65524538e-05	2.93150102e-06	0	0	0	0	3
180	339	0	1.3849971	293.150102	293.150084	293.150066	293.150102	3.64710624e-05	2.93150102e-06	0	0	0	0	3
181	340	0	1.39269153	293.150103	293.150085	293.150066	293.150103	3.63910344e-05	2.93150103e-06	0	0	0	0	3
182	342	0	1.40038596	293.150103	293.150086	293.150067	293.150103	3.63140207e-05	2.93150103e-06	0	0	0	0	3
183	345	0	1.40808039	293.150104	293.150086	293.150068	293.150104	3.6237446e-05	2.93150104e-06	0	0	0	0	3
184	347	0	1.41577481	293.150104	293.150087	293.150068	293.150104	3.61646257e-05	2.93150104e-06	0	0	0	0	3
185	348	0	1.42346924	293.150105	293.150087	293.150069	293.150105	3.60923199e-05	2.93150105e-06	0	0	0	0	3
186	350	0	1.43116367	293.150105	293.150088	293.150069	293.150105	3.60203054e-05	2.93150105e-06	0	0	0	0	3
187	352	0	1.4388581	293.150106	293.150088	293.15007	293.150106	3.59487204e-05	2.93150106e-06	0	0	0	0	3
188	353	0	1.44655253	293.150106	293.150089	293.15007	293.150106	3.58726583e-05	2.93150106e-06	0	0	0	0	3
189	356	0	1.45424696	293.150107	293.150089	293.150071	293.150107	3.57909456e-05	2.93150107e-06	0	0	0	0	3
190	358	0	1.46194138	293.150107	293.15009	293.150072	293.150107	3.57078626e-05	2.93150107e-06	0	0	0	0	3
191	360	0	1.46963581	293.150108	293.150091	293.150072	293.150108	3.56185694e-05	2.93150108e-06	0	0	0	0	3
192	361	0	1.47733024	293.150108	293.150091	293.150073	293.150108	3.55235283e-05	2.93150108e-06	0	0	0	0	3
193	363	0	1.48502467	293.150109	293.150092	293.150073	293.150109	3.54235034e-05	2.93150109e-06	0	0	0	0	3
194	365	0	1.4927191	293.150109	293.150092	293.150074	293.150109	3.53160196e-05	2.93150109e-06	0	0	0	0	3
195	367	0	1.50041353	293.15011	293.150093	293.150075	293.15011	3.52071853e-05	2.9315011e-06	0	0	0	0	3
196	368	0	1.50810795	293.15011	293.150093	293.150075	293.15011	3.50921534e-05	2.9315011e-06	0	0	0	0	3
197	371	0	1.51580238	293.150111	293.150094	293.150076	293.150111	3.49748287e-05	2.93150111e-06	0	0	0	0	3
198	373	0	1.52349681	293.150111	293.150094	293.150076	293.150111	3.48563719e-05	2.93150111e-06	0	0	0	0	3
199	374	0	1.53119124	293.150112	293.150095	293.150077	293.150112	3.4736736e-05	2.93150112e-06	0	0	0	0	3
200	376	0	1.53888567	293.150112	293.150096	293.150078	293.150112	3.46160989e-05	2.93150112e-06	0	0	0	0	3
201	380	0	1.5465801	293.150113	293.150096	293.150078	293.150113	3.44933737e-05	2.93150113e-06	0	0	0	0	3
202	382	0	1.55427452	293.150113	293.150097	293.150079	293.150113	3.43663286e-05	2.93150113e-06	0	0	0	0	3
203	384	0	1.56196895	293.150114	293.150097	293.150079	293.150114	3.42413791e-05	2.93150114e-06	0	0	0	0	3
204	385	0	1.56966338	293.150114	293.150098	293.15008	293.150114	3.41141858e-05	2.93150114e-06	0	0	0	0	3
205	387	0	1.57735781	293.150115	293.150098	293.150081	293.150115	3.39832444e-05	2.93150115e-06	0	0	0	0	3
206	389	0	1.58505224	293.150115	293.150099	293.150081	293.150115	3.38526368e-05	2.93150115e-06	0	0	0	0	3
207	391	0	1.59274667	293.150115	293.150099	293.150082	293.150115	3.37214237e-05	2.93150115e-06	0	0	0	0	3
208	392	0	1.60044109	293.150116	293.1501	293.150082	293.150116	3.35864834e-05	2.93150116e-06	0	0	0	0	3
209	394	0	1.60813552	293.150116	293.1501	293.150083	293.150116	3.34508978e-05	2.93150116e-06	0	0	0	0	3
210	396	0	1.61582995	293.150117	293.150101	293.150083	293.150117	3.33133206e-05	2.93150117e-06	0	0	0	0	3
211	398	0	1.62352438	293.150117	293.150101	293.150084	293.150117	3.31717364e-05	2.93150117e-06	0	0	0	0	3
212	400	0	1.63121881	293.150118	293.150102	293.150085	293.150118	3.30308312e-05	2.93150118e-06	0	0	0	0	3
213	402	0	1.63891324	293.150118	293.150102	293.150085	293.150118	3.28919735e-05	2.93150118e-06	0	0	0	0	3
214	404	0	1.64660766	293.150118	293.150103	293.150086	293.150118	3.27497763e-05	2.93150118e-06	0	0	0	0	3
215	405	0	1.65430209	293.150119	293.150103	293.150086	293.150119	3.26075873e-05	2.93150119e-06	0	0	0	0	3
216	407	0	1.66199652	293.150119	293.150104	293.150087	293.150119	3.246404e-05	2.93150119e-06	0	0	0	0	3
217	409	0	1.66969095	293.15012	293.150104	293.150087	293.15012	3.23219713e-05	2.9315012e-06	0	0	0	0	3
218	411	0	1.67738538	293.15012	293.150105	293.150088	293.15012	3.21757257e-05	2.9315012e-06	0	0	0	0	3
219	412	0	1.68507981	293.150121	293.150105	293.150089	293.150121	3.20289636e-05	2.93150121e-06	0	0	0	0	3
220	415	0	1.69277423	293.150121	293.150106	293.150089	293.150121	3.1881826e-05	2.93150121e-06	0	0	0	0	3
221	417	0	1.70046866	293.150121	293.150106	293.15009	293.150121	3.17336818e-05	2.93150121e-06	0	0	0	0	3
222	419	0	1.70816309	293.150122	293.150107	293.15009	293.150122	3.15844915e-05	2.93150122e-06	0	0	0	0	3
223	420	0	1.71585752	293.150122	293.150107	293.150091	293.150122	3.14340281e-05	2.93150122e-06	0	0	0	0	3
224	422	0	1.72355195	293.150123	293.150108	293.150091	293.150123	3.12848853e-05	2.93150123e-06	0	0	0	0	3
225	424	0	1.73124638	293.150123	293.150108	293.150092	293.150123	3.11370139e-05	2.93150123e-06	0	0	0	0	3
226	426	0	1.7389408	293.150124	293.150109	293.150093	293.150124	3.09856946e-05	2.93150124e-06	0	0	0	0	3
227	427	0	1.74663523	293.150124	293.150109	293.150093	293.150124	3.08351084e-05	2.93150124e-06	0	0	0	0	3
228	429	0	1.75432966	293.150124	293.15011	293.150094	293.150124	3.06843739e-05	2.93150124e-06	0	0	0	0	3
229	431	0	1.76202409	293.150125	293.15011	293.150094	293.150125	3.05355665e-05	2.93150125e-06	0	0	0	0	3
230	433	0	1.76971852	293.150125	293.150111	293.150095	293.150125	3.0389697e-05	2.93150125e-06	0	0	0	0	3
231	435	0	1.77741295	293.150126	293.150111	293.150095	293.150126	3.02435251e-05	2.93150126e-06	0	0	0	0	3
232	437	0	1.78510737	293.150126	293.150112	293.150096	293.150126	3.00976894e-05	2.93150126e-06	0	0	0	0	3
233	439	0	1.7928018	293.150126	293.150112	293.150096	293.150126	2.99550576e-05	2.93150126e-06	0	0	0	0	3
234	440	0	1.80049623	293.150127	293.150113	293.150097	293.150127	2.98141643e-05	2.93150127e-06	0	0	0	0	3
235	442	0	1.80819066	293.150127	293.150113	293.150098	293.150127	2.96741174e-05	2.93150127e-06	0	0	0	0	3
236	444	0	1.81588509	293.150128	293.150114	293.150098	293.150128	2.95375227e-05	2.93150128e-06	0	0	0	0	3
237	445	0	1.82357952	293.150128	293.150114	293.150099	293.150128	2.94004683e-05	2.93150128e-06	0	0	0	0	3
238	447	0	1.83127394	293.150128	293.150115	293.150099	293.150128	2.92633429e-05	2.93150128e-06	0	0	0	0	3
239	449	0	1.83896837	293.150129	293.150115	293.1501	293.150129	2.91295845e-05	2.93150129e-06	0	0	0	0	3
240	451	0	1.8466628	293.150129	293.150115	293.1501	293.150129	2.89949076e-05	2.93150129e-06	0	0	0	0	3
241	452	0	1.85435723	293.15013	293.150116	293.150101	293.15013	2.88601879e-05	2.9315013e-06	0	0	0	0	3
242	454	0	1.86205166	293.15013	293.150116	293.150101	293.15013	2.87196796e-05	2.9315013e-06	0	0	0	0	3
243	456	0	1.86974609	293.15013	293.150117	293.150102	293.15013	2.85809295e-05	2.9315013e-06	0	0	0	0	3
244	458	0	1.87744051	293.150131	293.150117	293.150102	293.150131	2.84440527e-05	2.93150131e-06	0	0	0	0	3
245	460	0	1.88513494	293.150131	293.150118	293.150103	293.150131	2.83060424e-05	2.93150131e-06	0	0	0	0	3
246	462	0	1.89282937	293.150131	293.150118	293.150103	293.150131	2.81651251e-05	2.93150131e-06	0	0	0	0	3
247	464	0	1.9005238	293.150132	293.150119	293.150104	293.150132	2.80247946e-05	2.93150132e-06	0	0	0	0	3
248	466	0	1.90821823	293.150132	293.150119	293.150104	293.150132	2.78801556e-05	2.93150132e-06	0	0	0	0	3
249	468	0	1.91591266	293.150133	293.150119	293.150105	293.150133	2.77377835e-05	2.93150133e-06	0	0	0	0	3
250	469	0	1.92360708	293.150133	293.15012	293.150105	293.150133	2.7591732e-05	2.93150133e-06	0	0	0	0	3
251	471	0	1.93130151	293.150133	293.15012	293.150106	293.150133	2.74458254e-05	2.93150133e-06	0	0	0	0	3
252	473	0	1.93899594	293.150134	293.150121	293.150106	293.150134	2.72974322e-05	2.93150134e-06	0	0	0	0	3
253	475	0	1.94669037	293.150134	293.150121	293.150107	293.150134	2.71522733e-05	2.93150134e-06	0	0	0	0	3
254	476	0	1.9543848	293.150134	293.150122	293.150107	293.150134	2.70075017e-05	2.93150134e-06	0	0	0	0	3
255	478	0	1.96207923	293.150135	293.150122	293.150108	293.150135	2.68645845e-05	2.93150135e-06	0	0	0	0	3
256	480	0	1.96977365	293.150135	293.150122	293.150108	293.150135	2.67273516e-05	2.93150135e-06	0	0	0	0	3
257	483	0	1.97746808	293.150135	293.150123	293.150109	293.150135	2.65896882e-05	2.93150135e-06	0	0	0	0	3
258	484	0	1.98516251	293.150136	293.150123	293.150109	293.150136	2.64552363e-05	2.93150136e-06	0	0	0	0	3
259	486	0	1.99285694	293.150136	293.150124	293.15011	293.150136	2.63223383e-05	2.93150136e-06	0	0	0	0	3
260	488	0	2.00055137	293.150136	293.150124	293.15011	293.150136	2.6189985e-05	2.93150136e-06	0	0	0	0	3
261	490	0	2.0082458	293.150137	293.150124	293.150111	293.150137	2.60618306e-05	2.93150137e-06	0	0	0	0	3
262	491	0	2.01594022	293.150137	293.150125	293.150111	293.150137	2.59323039e-05	2.93150137e-06	0	0	0	0	3
263	493	0	2.02363465	293.150138	293.150125	293.150112	293.150138	2.5804523e-05	2.93150138e-06	0	0	0	0	3
264	495	0	2.03132908	293.150138	293.150126	293.150112	293.150138	2.5678818e-05	2.93150138e-06	0	0	0	0	3
265	497	0	2.03902351	293.150138	293.150126	293.150113	293.150138	2.55527437e-05	2.93150138e-06	0	0	0	0	3
266	499	0	2.04671794	293.150139	293.150126	293.150113	293.150139	2.54287492e-05	2.93150139e-06	0	0	0	0	3
267	500	0	2.05441237	293.150139	293.150127	293.150114	293.150139	2.53022785e-05	2.93150139e-06	0	0	0	0	3
268	502	0	2.06210679	293.150139	293.150127	293.150114	293.150139	2.51737841e-05	2.93150139e-06	0	0	0	0	3
269	504	0	2.06980122	293.15014	293.150128	293.150115	293.15014	2.50480988e-05	2.9315014e-06	0	0	0	0	3
270	506	0	2.07749565	293.15014	293.150128	293.150115	293.15014	2.49220532e-05	2.9315014e-06	0	0	0	0	3
271	508	0	2.08519008	293.15014	293.150128	293.150115	293.15014	2.47967064e-05	2.9315014e-06	0	0	0	0	3
272	510	0	2.09288451	293.150141	293.150129	293.150116	293.150141	2.46745647e-05	2.93150141e-06	0	0	0	0	3
273	511	0	2.10057894	293.150141	293.150129	293.150116	293.150141	2.45542467e-05	2.93150141e-06	0	0	0	0	3
274	513	0	2.10827336	293.150141	293.15013	293.150117	293.150141	2.44368466e-05	2.93150141e-06	0	0	0	0	3
275	515	0	2.11596779	293.150142	293.15013	293.150117	293.150142	2.43247375e-05	2.93150142e-06	0	0	0	0	3
276	517	0	2.12366222	293.150142	293.15013	293.150118	293.150142	2.42127754e-05	2.93150142e-06	0	0	0	0	3
277	518	0	2.13135665	293.150142	293.150131	293.150118	293.150142	2.40974979e-05	2.93150142e-06	0	0	0	0	3
278	520	0	2.13905108	293.150142	293.150131	293.150118	293.150142	2.39816786e-05	2.93150142e-06	0	0	0	0	3
279	522	0	2.14674551	293.150143	293.150131	293.150119	293.150143	2.38654832e-05	2.93150143e-06	0	0	0	0	3
280	524	0	2.15443993	293.150143	293.150132	293.150119	293.150143	2.37511491e-05	2.93150143e-06	0	0	0	0	3
281	526	0	2.16213436	293.150143	293.150132	293.15012	293.150143	2.36333914e-05	2.93150143e-06	0	0	0	0	3
282	527	0	2.16982879	293.150144	293.150133	293.15012	293.150144	2.3520408e-05	2.93150144e-06	0	0	0	0	3
283	529	0	2.17752322	293.150144	293.150133	293.150121	293.150144	2.34057374e-05	2.93150144e-06	0	0	0	0	3
284	531	0	2.18521765	293.150144	293.150133	293.150121	293.150144	2.32918252e-05	2.93150144e-06	0	0	0	0	3
285	533	0	2.19291208	293.150145	293.150134	293.150121	293.150145	2.31815263e-05	2.93150145e-06	0	0	0	0	3
286	535	0	2.2006065	293.150145	293.150134	293.150122	293.150145	2.30706947e-05	2.93150145e-06	0	0	0	0	3
287	536	0	2.20830093	293.150145	293.150134	293.150122	293.150145	2.29578085e-05	2.93150145e-06	0	0	0	0	3
288	538	0	2.21599536	293.150146	293.150135	293.150123	293.150146	2.28462974e-05	2.93150146e-06	0	0	0	0	3
289	540	0	2.22368979	293.150146	293.150135	293.150123	293.150146	2.2734932e-05	2.93150146e-06	0	0	0	0	3
290	542	0	2.23138422	293.150146	293.150135	293.150124	293.150146	2.26262241e-05	2.93150146e-06	0	0	0	0	3
291	544	0	2.23907865	293.150146	293.150136	293.150124	293.150146	2.25174475e-05	2.93150146e-06	0	0	0	0	3
292	546	0	2.24677307	293.150147	293.150136	293.150124	293.150147	2.24096609e-05	2.93150147e-06	0	0	0	0	3
293	547	0	2.2544675	293.150147	293.150137	293.150125	293.150147	2.2301359e-05	2.93150147e-06	0	0	0	0	3
294	549	0	2.26216193	293.150147	293.150137	293.150125	293.150147	2.21895089e-05	2.93150147e-06	0	0	0	0	3
295	551	0	2.26985636	293.150148	293.150137	293.150126	293.150148	2.20770125e-05	2.93150148e-06	0	0	0	0	3
296	553	0	2.27755079	293.150148	293.150138	293.150126	293.150148	2.19656945e-05	2.93150148e-06	0	0	0	0	3
297	554	0	2.28524522	293.150148	293.150138	293.150126	293.150148	2.18557242e-05	2.93150148e-06	0	0	0	0	3
298	556	0	2.29293964	293.150149	293.150138	293.150127	293.150149	2.17452355e-05	2.93150149e-06	0	0	0	0	3
299	558	0	2.30063407	293.150149	293.150139	293.150127	293.150149	2.1629977e-05	2.93150149e-06	0	0	0	0	3
300	560	0	2.3083285	293.150149	293.150139	293.150128	293.150149	2.15139894e-05	2.93150149e-06	0	0	0	0	3
301	564	0	2.31602293	293.150149	293.150139	293.150128	293.150149	2.13978773e-05	2.93150149e-06	0	0	0	0	3
302	566	0	2.32371736	293.15015	293.15014	293.150128	293.15015	2.12852736e-05	2.9315015e-06	0	0	0	0	3
303	567	0	2.33141179	293.15015	293.15014	293.150129	293.15015	2.11725911e-05	2.9315015e-06	0	0	0	0	3
304	569	0	2.33910621	293.15015	293.15014	293.150129	293.15015	2.10653666e-05	2.9315015e-06	0	0	0	0	3
305	571	0	2.34680064	293.150151	293.150141	293.15013	293.150151	2.09580423e-05	2.93150151e-06	0	0	0	0	3
306	573	0	2.35449507	293.150151	293.150141	293.15013	293.150151	2.08547787e-05	2.93150151e-06	0	0	0	0	3
307	575	0	2.3621895	293.150151	293.150141	293.15013	293.150151	2.07511654e-05	2.93150151e-06	0	0	0	0	3
308	577	0	2.36988393	293.150151	293.150142	293.150131	293.150151	2.06484717e-05	2.93150151e-06	0	0	0	0	3
309	578	0	2.37757836	293.150152	293.150142	293.150131	293.150152	2.05476944e-05	2.93150152e-06	0	0	0	0	3
310	580	0	2.38527278	293.150152	293.150142	293.150131	293.150152	2.04493972e-05	2.93150152e-06	0	0	0	0	3
311	582	0	2.39296721	293.150152	293.150143	293.150132	293.150152	2.03492274e-05	2.93150152e-06	0	0	0	0	3
312	584	0	2.40066164	293.150152	293.150143	293.150132	293.150152	2.02492124e-05	2.93150152e-06	0	0	0	0	3
313	586	0	2.40835607	293.150153	293.150143	293.150133	293.150153	2.01495455e-05	2.93150153e-06	0	0	0	0	3
314	587	0	2.4160505	293.150153	293.150143	293.150133	293.150153	2.0053269e-05	2.93150153e-06	0	0	0	0	3
315	589	0	2.42374493	293.150153	293.150144	293.150133	293.150153	1.99564454e-05	2.93150153e-06	0	0	0	0	3
