Iteration	CPUTime	PhysTime	Travels	Value	AvValue	MinValue	MaxValue	Delta	Criteria	PrevAvRefValue	Progress	CriteriaType	CriteriaVarType	CriteriaPercentage
1	12	0	0.00769442833	0.000603114274	0.000603114274	0.000603114274	0.000603114274	0	0	0	0	0	0	3
2	13	0	0.0153888567	4.37099517e-08	0.000301578992	4.37099517e-08	0.000603114274	0.000301535282	0	0	0	0	0	3
3	15	0	0.023083285	-7.69495016e-08	0.000201027011	-7.69495016e-08	0.000603114274	0.000402087262	0	0	0	0	0	3
4	17	0	0.0307777133	1.35113094e-08	0.000150773636	-7.69495016e-08	0.000603114274	0.000452340637	0	0	0	0	0	3
5	19	0	0.0384721417	3.37878081e-09	0.000120619585	-7.69495016e-08	0.000603114274	0.000482494689	0	0	0	0	0	3
6	20	0	0.04616657	-1.30895428e-09	0.000100516103	-7.69495016e-08	0.000603114274	0.000502598171	0	0	0	0	0	3
7	22	0	0.0538609983	-1.71945191e-08	8.6154203e-05	-7.69495016e-08	0.000603114274	0.000516960071	0	0	0	0	0	3
8	24	0	0.0615554267	8.43315813e-08	7.5395469e-05	-7.69495016e-08	0.000603114274	0.000527718805	0	0	0	0	0	3
9	25	0	0.069249855	-2.81923883e-06	6.67049459e-05	-2.81923883e-06	0.000603114274	0.000536409328	0	0	0	0	0	3
10	27	0	0.0769442833	-2.41299133e-06	5.97931522e-05	-2.81923883e-06	0.000603114274	0.000543321121	0	0	0	0	0	3
11	28	0	0.0846387117	-2.9491493e-06	5.40893066e-05	-2.9491493e-06	0.000603114274	0.000549024967	0	0	0	0	0	3
12	30	0	0.09233314	-2.68558787e-06	4.93580654e-05	-2.9491493e-06	0.000603114274	0.000553756208	0	0	0	0	0	3
13	32	0	0.100027568	-4.09356749e-06	4.52464013e-05	-4.09356749e-06	0.000603114274	0.000557867872	0	0	0	0	0	3
14	34	0	0.107721997	-3.82248381e-06	4.1741481e-05	-4.09356749e-06	0.000603114274	0.000561372793	0	0	0	0	0	3
15	35	0	0.115416425	-7.84214743e-06	3.84359057e-05	-7.84214743e-06	0.000603114274	0.000564678368	0	0	0	0	0	3
16	37	0	0.123110853	-4.59486099e-06	3.57464828e-05	-7.84214743e-06	0.000603114274	0.000567367791	0	0	0	0	0	3
17	39	0	0.130805282	-6.4241964e-06	3.32658546e-05	-7.84214743e-06	0.000603114274	0.000569848419	0	0	0	0	0	3
18	40	0	0.13849971	-9.38119516e-06	3.08965741e-05	-9.38119516e-06	0.000603114274	0.0005722177	0	0	0	0	0	3
19	42	0	0.146194138	-1.18274424e-06	2.92081889e-05	-9.38119516e-06	0.000603114274	0.000573906085	0	0	0	0	0	3
20	44	0	0.153888567	-1.50205526e-05	2.69967518e-05	-1.50205526e-05	0.000603114274	0.000576117522	0	0	0	0	0	3
21	46	0	0.161582995	-9.1831501e-06	2.52738994e-05	-1.50205526e-05	0.000603114274	0.000577840374	0	0	0	0	0	3
22	48	0	0.169277423	-8.1560197e-06	2.37543576e-05	-1.50205526e-05	0.000603114274	0.000579359916	0	0	0	0	0	3
23	50	0	0.176971852	-1.12551764e-05	2.22322039e-05	-1.50205526e-05	0.000603114274	0.00058088207	0	0	0	0	0	3
24	51	0	0.18466628	-1.2456773e-05	2.07868299e-05	-1.50205526e-05	0.000603114274	0.000582327444	0	0	0	0	0	3
25	53	0	0.192360708	-4.46398401e-06	1.97767973e-05	-1.50205526e-05	0.000603114274	0.000583337476	0	0	0	0	0	3
26	55	0	0.200055137	-2.7739929e-06	1.89094593e-05	-1.50205526e-05	0.000603114274	0.000584204814	0	0	0	0	0	3
27	57	0	0.207749565	-3.85752451e-07	1.81948218e-05	-1.50205526e-05	0.000603114274	0.000584919452	0	0	0	0	0	3
28	59	0	0.215443993	-1.27319529e-05	1.70902941e-05	-1.50205526e-05	0.000603114274	0.000586023979	0	0	0	0	0	3
29	60	0	0.223138422	-1.08388143e-05	1.61272214e-05	-1.50205526e-05	0.000603114274	0.000586987052	0	0	0	0	0	3
30	62	0	0.23083285	1.54660535e-05	1.61051825e-05	-1.50205526e-05	0.000603114274	0.000587009091	0	0	0	0	0	3
31	64	0	0.238527278	-1.05390657e-06	1.55516635e-05	-1.50205526e-05	0.000603114274	0.00058756261	0	0	0	0	0	3
32	66	0	0.246221707	-2.21385488e-05	1.43738443e-05	-2.21385488e-05	0.000603114274	0.000588740429	0	0	0	0	0	3
33	68	0	0.253916135	-1.20899879e-05	1.357191e-05	-2.21385488e-05	0.000603114274	0.000589542364	0	0	0	0	0	3
34	70	0	0.261610563	2.78283064e-06	1.32545842e-05	-2.21385488e-05	0.000603114274	0.000589859689	0	0	0	0	0	3
35	71	0	0.269304992	-2.37551674e-06	1.28080099e-05	-2.21385488e-05	0.000603114274	0.000590306264	0	0	0	0	0	3
36	73	0	0.27699942	-1.49065423e-05	1.20381612e-05	-2.21385488e-05	0.000603114274	0.000591076112	0	0	0	0	0	3
37	75	0	0.284693848	-2.83191697e-05	1.09474225e-05	-2.83191697e-05	0.000603114274	0.000592166851	0	0	0	0	0	3
38	77	0	0.292388277	-6.53366619e-06	1.04873939e-05	-2.83191697e-05	0.000603114274	0.00059262688	0	0	0	0	0	3
39	79	0	0.300082705	-1.08696295e-05	9.93977788e-06	-2.83191697e-05	0.000603114274	0.000593174496	0	0	0	0	0	3
40	81	0	0.307777133	2.79346362e-06	9.76112003e-06	-2.83191697e-05	0.000603114274	0.000593353154	0	0	0	0	0	3
41	83	0	0.315471562	-2.31715415e-06	9.46652797e-06	-2.83191697e-05	0.000603114274	0.000593647746	0	0	0	0	0	3
42	85	0	0.32316599	-5.91206441e-06	9.10037101e-06	-2.83191697e-05	0.000603114274	0.000594013903	0	0	0	0	0	3
43	87	0	0.330860418	-5.67243953e-06	8.75681728e-06	-2.83191697e-05	0.000603114274	0.000594357456	0	0	0	0	0	3
44	88	0	0.338554847	1.50129306e-05	8.89900167e-06	-2.83191697e-05	0.000603114274	0.000594357456	0	0	0	0	0	3
45	90	0	0.346249275	-2.43432234e-05	8.16028556e-06	-2.83191697e-05	0.000603114274	0.000594953988	0	0	0	0	0	3
46	92	0	0.353943703	1.92811191e-05	8.40204281e-06	-2.83191697e-05	0.000603114274	0.000594953988	0	0	0	0	0	3
47	94	0	0.361638132	-1.08311784e-05	7.99282534e-06	-2.83191697e-05	0.000603114274	0.000595121448	0	0	0	0	0	3
48	96	0	0.36933256	-1.03919049e-05	7.60981012e-06	-2.83191697e-05	0.000603114274	0.000595504463	0	0	0	0	0	3
49	98	0	0.377026988	1.78704914e-05	7.81921178e-06	-2.83191697e-05	0.000603114274	0.000595504463	0	0	0	0	0	3
50	100	0	0.384721417	-2.31278278e-05	7.20027099e-06	-2.83191697e-05	0.000603114274	0.000595914003	0	0	0	0	0	3
51	102	0	0.392415845	-9.8393288e-06	6.86616119e-06	-2.83191697e-05	0.000603114274	0.000596248112	0	0	0	0	0	3
52	104	0	0.400110273	-1.54376603e-05	6.43724155e-06	-2.83191697e-05	0.000603114274	0.000596677032	0	0	0	0	0	3
53	105	0	0.407804702	6.97847895e-06	6.44745357e-06	-2.83191697e-05	0.000603114274	0.000596677032	0	0	0	0	0	3
54	107	0	0.41549913	7.59313578e-06	6.46866991e-06	-2.83191697e-05	0.000603114274	0.000596677032	0	0	0	0	0	3
55	109	0	0.423193558	-1.36363773e-05	6.1031236e-06	-2.83191697e-05	0.000603114274	0.00059701115	0	0	0	0	0	3
56	111	0	0.430887987	-8.43834965e-06	5.84345443e-06	-2.83191697e-05	0.000603114274	0.000597270819	0	0	0	0	0	3
57	113	0	0.438582415	-7.34082104e-06	5.61215136e-06	-2.83191697e-05	0.000603114274	0.000597502122	0	0	0	0	0	3
58	115	0	0.446276843	1.51624554e-05	5.77681177e-06	-2.83191697e-05	0.000603114274	0.000597502122	0	0	0	0	0	3
59	117	0	0.453971272	-1.70286099e-05	5.3902792e-06	-2.83191697e-05	0.000603114274	0.000597723994	0	0	0	0	0	3
60	119	0	0.4616657	-4.16224312e-06	5.23107049e-06	-2.83191697e-05	0.000603114274	0.000597883203	0	0	0	0	0	3
61	121	0	0.469360128	1.20635794e-05	5.34307884e-06	-2.83191697e-05	0.000603114274	0.000597883203	0	0	0	0	0	3
62	122	0	0.477054557	6.67570536e-06	5.36457281e-06	-2.83191697e-05	0.000603114274	0.000597883203	0	0	0	0	0	3
63	124	0	0.484748985	-5.61761607e-06	5.19025236e-06	-2.83191697e-05	0.000603114274	0.000597924021	0	0	0	0	0	3
64	126	0	0.492443413	4.21091197e-06	5.17495016e-06	-2.83191697e-05	0.000603114274	0.000597939323	0	0	0	0	0	3
65	128	0	0.500137842	3.13269035e-05	5.57728791e-06	-2.83191697e-05	0.000603114274	0.000597939323	0	0	0	0	0	3
66	130	0	0.50783227	3.87792807e-07	-3.69542718e-06	-2.83191697e-05	3.13269035e-05	5.96460732e-05	0	0	0	0	0	3
67	132	0	0.515526698	-1.07634482e-05	-3.86169116e-06	-2.83191697e-05	3.13269035e-05	5.96460732e-05	0	0	0	0	0	3
68	133	0	0.523221127	-1.59762194e-05	-4.10629531e-06	-2.83191697e-05	3.13269035e-05	5.96460732e-05	0	0	0	0	0	3
69	135	0	0.530915555	-1.55807112e-05	-4.34620642e-06	-2.83191697e-05	3.13269035e-05	5.96460732e-05	0	0	0	0	0	3
70	137	0	0.538609983	4.91152288e-06	-4.27069651e-06	-2.83191697e-05	3.13269035e-05	5.96460732e-05	0	0	0	0	0	3
71	139	0	0.546304412	-1.95656055e-05	-4.57168569e-06	-2.83191697e-05	3.13269035e-05	5.96460732e-05	0	0	0	0	0	3
72	141	0	0.55399884	3.69795881e-06	-4.51452949e-06	-2.83191697e-05	3.13269035e-05	5.96460732e-05	0	0	0	0	0	3
73	142	0	0.561693268	-2.09757768e-05	-4.83853115e-06	-2.83191697e-05	3.13269035e-05	5.96460732e-05	0	0	0	0	0	3
74	144	0	0.569387697	3.67483583e-05	-4.22979889e-06	-2.83191697e-05	3.67483583e-05	6.46316834e-05	0	0	0	0	0	3
75	146	0	0.577082125	-2.43554122e-05	-4.5673746e-06	-2.83191697e-05	3.67483583e-05	5.89278378e-05	0	0	0	0	0	3
76	148	0	0.584776553	2.96920397e-06	-4.47632301e-06	-2.83191697e-05	3.67483583e-05	5.41965966e-05	0	0	0	0	0	3
77	150	0	0.592470982	-1.55098999e-05	-4.67362012e-06	-2.83191697e-05	3.67483583e-05	5.00849325e-05	0	0	0	0	0	3
78	152	0	0.60016541	1.38848099e-05	-4.3970297e-06	-2.83191697e-05	3.67483583e-05	4.65800121e-05	0	0	0	0	0	3
79	154	0	0.607859838	-6.89567585e-06	-4.44430957e-06	-2.83191697e-05	3.67483583e-05	4.32744369e-05	0	0	0	0	0	3
80	155	0	0.615554267	3.21209978e-05	-3.82949195e-06	-2.83191697e-05	3.67483583e-05	4.0585014e-05	0	0	0	0	0	3
81	157	0	0.623248695	-1.44330832e-05	-3.98084922e-06	-2.83191697e-05	3.67483583e-05	3.81043858e-05	0	0	0	0	0	3
82	159	0	0.630943123	2.98671623e-06	-3.83606595e-06	-2.83191697e-05	3.67483583e-05	3.57351052e-05	0	0	0	0	0	3
83	161	0	0.638637552	-1.76575232e-05	-3.96339407e-06	-2.83191697e-05	3.67483583e-05	3.40467201e-05	0	0	0	0	0	3
84	163	0	0.64633198	1.0828424e-05	-3.77860687e-06	-2.83191697e-05	3.67483583e-05	3.1835283e-05	0	0	0	0	0	3
85	165	0	0.654026408	2.00510655e-07	-3.54443666e-06	-2.83191697e-05	3.67483583e-05	3.01124305e-05	0	0	0	0	0	3
86	166	0	0.661720837	2.18104767e-07	-3.39980197e-06	-2.83191697e-05	3.67483583e-05	2.85928887e-05	0	0	0	0	0	3
87	168	0	0.669415265	1.24601358e-05	-3.08263035e-06	-2.83191697e-05	3.67483583e-05	2.70707351e-05	0	0	0	0	0	3
88	170	0	0.677109693	-2.64193009e-06	-2.95011887e-06	-2.83191697e-05	3.67483583e-05	2.56253611e-05	0	0	0	0	0	3
89	172	0	0.684804122	-2.26678876e-05	-3.10721294e-06	-2.83191697e-05	3.67483583e-05	2.46153285e-05	0	0	0	0	0	3
90	174	0	0.69249855	-7.2468744e-06	-3.15002664e-06	-2.83191697e-05	3.67483583e-05	2.37479904e-05	0	0	0	0	0	3
91	175	0	0.700192978	-1.32677107e-05	-3.31146845e-06	-2.83191697e-05	3.67483583e-05	2.30333529e-05	0	0	0	0	0	3
92	177	0	0.707887407	1.79489925e-05	-3.02939545e-06	-2.83191697e-05	3.67483583e-05	2.19288253e-05	0	0	0	0	0	3
93	179	0	0.715581835	-1.62821146e-05	-3.08401332e-06	-2.83191697e-05	3.67483583e-05	2.09657526e-05	0	0	0	0	0	3
94	181	0	0.723276263	2.06483651e-05	-2.59959518e-06	-2.83191697e-05	3.67483583e-05	2.09437136e-05	0	0	0	0	0	3
95	183	0	0.730970692	-2.93886859e-05	-3.28966809e-06	-2.93886859e-05	3.67483583e-05	2.03901946e-05	0	0	0	0	0	3
96	184	0	0.73866512	-4.18539479e-06	-3.33784483e-06	-2.93886859e-05	3.67483583e-05	1.92123755e-05	0	0	0	0	0	3
97	186	0	0.746359548	-1.62536045e-05	-3.24730723e-06	-2.93886859e-05	3.67483583e-05	1.84104412e-05	0	0	0	0	0	3
98	188	0	0.754053977	6.32744095e-06	-2.96396217e-06	-2.93886859e-05	3.67483583e-05	1.80931153e-05	0	0	0	0	0	3
99	190	0	0.761748405	7.59506011e-06	-2.88992787e-06	-2.93886859e-05	3.67483583e-05	1.7646541e-05	0	0	0	0	0	3
100	192	0	0.769442833	1.24842656e-05	-2.66131583e-06	-2.93886859e-05	3.67483583e-05	1.68766923e-05	0	0	0	0	0	3
101	196	0	0.777137262	-1.06010593e-05	-2.59507763e-06	-2.93886859e-05	3.67483583e-05	1.57859537e-05	0	0	0	0	0	3
102	198	0	0.78483169	1.97304161e-05	-1.85585323e-06	-2.93886859e-05	3.67483583e-05	1.5325925e-05	0	0	0	0	0	3
103	199	0	0.792526118	-1.89501171e-05	-2.04687556e-06	-2.93886859e-05	3.67483583e-05	1.4778309e-05	0	0	0	0	0	3
104	201	0	0.800220547	1.40845782e-06	-1.85798191e-06	-2.93886859e-05	3.67483583e-05	1.45996512e-05	0	0	0	0	0	3
105	203	0	0.807914975	-1.63430091e-05	-2.15238918e-06	-2.93886859e-05	3.67483583e-05	1.43050591e-05	0	0	0	0	0	3
106	205	0	0.815609403	2.45324309e-05	-1.73931864e-06	-2.93886859e-05	3.67483583e-05	1.39389022e-05	0	0	0	0	0	3
107	206	0	0.823303832	-7.59802939e-06	-1.76525656e-06	-2.93886859e-05	3.67483583e-05	1.37375328e-05	0	0	0	0	0	3
108	208	0	0.83099826	1.12641206e-06	-1.66065884e-06	-2.93886859e-05	3.67483583e-05	1.37375328e-05	0	0	0	0	0	3
109	210	0	0.838692688	-6.72862169e-06	-1.99514426e-06	-2.93886859e-05	3.67483583e-05	1.3240574e-05	0	0	0	0	0	3
110	212	0	0.846387117	4.38504602e-06	-1.55317089e-06	-2.93886859e-05	3.67483583e-05	1.3240574e-05	0	0	0	0	0	3
111	214	0	0.854081545	2.35314117e-05	-1.48778177e-06	-2.93886859e-05	3.67483583e-05	1.28313565e-05	0	0	0	0	0	3
112	215	0	0.861775973	1.88517052e-06	-1.29214563e-06	-2.93886859e-05	3.67483583e-05	1.26577429e-05	0	0	0	0	0	3
113	217	0	0.869470402	-1.97654375e-05	-1.43635383e-06	-2.93886859e-05	3.67483583e-05	1.26577429e-05	0	0	0	0	0	3
114	219	0	0.87716483	1.55713956e-05	-1.47172453e-06	-2.93886859e-05	3.67483583e-05	1.20388021e-05	0	0	0	0	0	3
115	221	0	0.884859258	4.64704639e-06	-1.04441878e-06	-2.93886859e-05	3.67483583e-05	1.17046923e-05	0	0	0	0	0	3
116	222	0	0.892553687	3.0208854e-07	-8.8839697e-07	-2.93886859e-05	3.67483583e-05	1.13072011e-05	0	0	0	0	0	3
117	224	0	0.900248115	-2.37664422e-06	-6.87458261e-07	-2.93886859e-05	3.67483583e-05	1.13072011e-05	0	0	0	0	0	3
118	226	0	0.907942543	-1.71914107e-05	-1.05930272e-06	-2.93886859e-05	3.67483583e-05	1.13072011e-05	0	0	0	0	0	3
119	228	0	0.915636972	1.03673581e-05	-1.01662237e-06	-2.93886859e-05	3.67483583e-05	1.09416548e-05	0	0	0	0	0	3
120	229	0	0.9233314	-1.69786369e-05	-1.06804175e-06	-2.93886859e-05	3.67483583e-05	1.06819856e-05	0	0	0	0	0	3
121	231	0	0.931025828	1.03253402e-06	-9.22335851e-07	-2.93886859e-05	3.67483583e-05	1.06153429e-05	0	0	0	0	0	3
122	233	0	0.938720257	-1.54608323e-05	-1.0472591e-06	-2.93886859e-05	3.67483583e-05	1.06153429e-05	0	0	0	0	0	3
123	235	0	0.946414685	3.37575895e-06	-1.22859289e-06	-2.93886859e-05	3.67483583e-05	1.04158191e-05	0	0	0	0	0	3
124	236	0	0.954109113	8.68612343e-06	-8.32981612e-07	-2.93886859e-05	3.67483583e-05	1.04158191e-05	0	0	0	0	0	3
125	238	0	0.961803542	-1.38635864e-05	-9.82233048e-07	-2.93886859e-05	3.67483583e-05	1.04158191e-05	0	0	0	0	0	3
126	240	0	0.96949797	-1.25617019e-05	-1.36108353e-06	-2.93886859e-05	3.67483583e-05	1.04158191e-05	0	0	0	0	0	3
127	242	0	0.977192398	-7.18156181e-06	-1.57427226e-06	-2.93886859e-05	3.67483583e-05	1.04158191e-05	0	0	0	0	0	3
128	243	0	0.984886827	8.76153854e-06	-1.35305449e-06	-2.93886859e-05	3.67483583e-05	1.04158191e-05	0	0	0	0	0	3
129	245	0	0.992581255	-1.03035103e-05	-1.5763533e-06	-2.93886859e-05	3.67483583e-05	1.04158191e-05	0	0	0	0	0	3
130	247	0	1.00027568	7.96605289e-06	-1.935751e-06	-2.93886859e-05	3.67483583e-05	4.15107289e-06	0.19977655	0	0	0	0	3
131	249	0	1.00797011	-1.23294032e-05	-2.13140017e-06	-2.93886859e-05	3.67483583e-05	4.15107289e-06	0.204317027	0	0	0	0	3
132	251	0	1.01566454	-2.71203181e-06	-2.00753222e-06	-2.93886859e-05	3.67483583e-05	4.15107289e-06	0.199775833	0	0	0	0	3
133	253	0	1.02335897	-8.49894984e-06	-1.89249731e-06	-2.93886859e-05	3.67483583e-05	4.15107289e-06	0.204316416	0	0	0	0	3
134	255	0	1.0310534	2.38757761e-06	-1.6160621e-06	-2.93886859e-05	3.67483583e-05	4.15107289e-06	0.199773863	0	0	0	0	3
135	256	0	1.03874783	-8.08905857e-06	-1.81607104e-06	-2.93886859e-05	3.67483583e-05	4.15107289e-06	0.204316907	0	0	0	0	3
136	258	0	1.04644225	8.23534207e-07	-1.50239197e-06	-2.93886859e-05	3.67483583e-05	4.15107289e-06	0.197546308	0	0	0	0	3
137	260	0	1.05413668	1.62190228e-06	-1.5343313e-06	-2.93886859e-05	3.67483583e-05	4.15107289e-06	0.204318454	0	0	0	0	3
138	262	0	1.06183111	1.75978902e-06	-1.18455336e-06	-2.93886859e-05	3.67483583e-05	3.98616185e-06	0.202045731	0	0	0	0	3
139	263	0	1.06952554	-1.54338812e-05	-1.98735705e-06	-2.93886859e-05	3.21209978e-05	3.98616185e-06	0.20197497	0	0	0	0	3
140	265	0	1.07721997	4.87222171e-06	-1.53770114e-06	-2.93886859e-05	3.21209978e-05	3.98616185e-06	0.20204265	0	0	0	0	3
141	267	0	1.0849144	-1.94960938e-05	-1.88332111e-06	-2.93886859e-05	3.21209978e-05	3.98616185e-06	0.204306256	0	0	0	0	3
142	269	0	1.09260882	-2.83052491e-06	-1.6882538e-06	-2.93886859e-05	3.21209978e-05	3.75685131e-06	0.202040336	0	0	0	0	3
143	270	0	1.10030325	-1.49482537e-05	-2.13183939e-06	-2.93886859e-05	3.21209978e-05	3.75685131e-06	0.204306323	0	0	0	0	3
144	272	0	1.10799768	7.43887791e-06	-1.9113078e-06	-2.93886859e-05	3.21209978e-05	3.29339096e-06	0.197526677	0	0	0	0	3
145	274	0	1.11569211	6.61032234e-06	-2.30377973e-06	-2.93886859e-05	2.45324309e-05	3.29339096e-06	0.20430887	0	0	0	0	3
146	276	0	1.12338654	-2.19614052e-06	-2.11551907e-06	-2.93886859e-05	2.45324309e-05	3.27593581e-06	0.20430872	0	0	0	0	3
147	277	0	1.13108097	-5.71020428e-06	-2.24931785e-06	-2.93886859e-05	2.45324309e-05	3.27593581e-06	0.202048183	0	0	0	0	3
148	279	0	1.13877539	-2.14308651e-05	-2.30736926e-06	-2.93886859e-05	2.45324309e-05	3.09114861e-06	0.204305009	0	0	0	0	3
149	282	0	1.14646982	-6.86450265e-06	-2.57956813e-06	-2.93886859e-05	2.45324309e-05	2.8569784e-06	0.202038476	0	0	0	0	3
150	283	0	1.15416425	-1.04999869e-05	-2.74419117e-06	-2.93886859e-05	2.45324309e-05	2.71234371e-06	0.201941803	0	0	0	0	3
151	285	0	1.16185868	1.17946114e-05	-2.56609107e-06	-2.93886859e-05	2.45324309e-05	2.65038657e-06	0.202252006	0	0	0	0	3
152	287	0	1.16955311	-2.58888426e-05	-3.15607535e-06	-2.93886859e-05	2.45324309e-05	2.65038657e-06	0.204528218	0	0	0	0	3
153	288	0	1.17724754	-3.18152088e-06	-3.16437675e-06	-2.93886859e-05	2.45324309e-05	2.65038657e-06	0.204529035	0	0	0	0	3
154	290	0	1.18494196	6.92665984e-07	-2.80498362e-06	-2.93886859e-05	2.45324309e-05	2.65038657e-06	0.202261287	0	0	0	0	3
155	292	0	1.19263639	-2.30551726e-05	-3.04818821e-06	-2.93886859e-05	2.45324309e-05	2.65038657e-06	0.204525844	0	0	0	0	3
156	295	0	1.20033082	4.44087194e-06	-2.77574847e-06	-2.93886859e-05	2.45324309e-05	2.65038657e-06	0.20225343	0	0	0	0	3
157	296	0	1.20802525	-1.46576723e-05	-3.27738947e-06	-2.93886859e-05	2.45324309e-05	2.65038657e-06	0.204525997	0	0	0	0	3
158	298	0	1.21571968	2.09463808e-06	-2.9946702e-06	-2.93886859e-05	2.45324309e-05	2.65038657e-06	0.204528168	0	0	0	0	3
159	300	0	1.22341411	-6.88332643e-06	-3.41823469e-06	-2.93886859e-05	2.45324309e-05	2.73077642e-06	0.202260499	0	0	0	0	3
160	302	0	1.23110853	-1.04540126e-05	-3.12693202e-06	-2.58888426e-05	2.45324309e-05	2.73077642e-06	0.204526026	0	0	0	0	3
161	303	0	1.23880296	2.19945428e-06	-3.02870357e-06	-2.58888426e-05	2.45324309e-05	2.73077642e-06	0.202252173	0	0	0	0	3
162	305	0	1.24649739	-1.10341579e-05	-2.94840439e-06	-2.58888426e-05	2.45324309e-05	2.73077642e-06	0.204525772	0	0	0	0	3
163	307	0	1.25419182	-3.0027113e-06	-3.0919452e-06	-2.58888426e-05	2.45324309e-05	2.73077642e-06	0.204527812	0	0	0	0	3
164	309	0	1.26188625	-1.21158094e-05	-3.39518934e-06	-2.58888426e-05	2.45324309e-05	2.73077642e-06	0.202258806	0	0	0	0	3
165	312	0	1.26958068	-1.70002714e-05	-3.8487976e-06	-2.58888426e-05	2.45324309e-05	3.16133934e-06	0.204525595	0	0	0	0	3
166	313	0	1.2772751	6.69393414e-06	-3.58272078e-06	-2.58888426e-05	2.45324309e-05	3.16133934e-06	0.202250974	0	0	0	0	3
167	315	0	1.28496953	-1.39752913e-05	-4.10127013e-06	-2.58888426e-05	2.45324309e-05	3.41381187e-06	0.204525415	0	0	0	0	3
168	317	0	1.29266396	3.22064644e-06	-3.76018146e-06	-2.58888426e-05	2.45324309e-05	3.41381187e-06	0.204527425	0	0	0	0	3
169	319	0	1.30035839	-6.57191104e-06	-3.88295636e-06	-2.58888426e-05	2.45324309e-05	3.41381187e-06	0.202258089	0	0	0	0	3
170	320	0	1.30805282	-1.81838365e-05	-3.91127678e-06	-2.58888426e-05	2.45324309e-05	3.41381187e-06	0.204525322	0	0	0	0	3
171	322	0	1.31574725	-3.08955051e-07	-4.29345195e-06	-2.58888426e-05	2.35314117e-05	3.60599369e-06	0.202250754	0	0	0	0	3
172	324	0	1.32344167	-1.1276378e-05	-4.35004193e-06	-2.58888426e-05	2.35314117e-05	3.66258367e-06	0.204525152	0	0	0	0	3
173	326	0	1.3311361	-9.82218276e-07	-4.3824824e-06	-2.58888426e-05	2.35314117e-05	3.69502414e-06	0.204527134	0	0	0	0	3
174	328	0	1.33883053	-4.26281185e-07	-4.28552331e-06	-2.58888426e-05	2.35314117e-05	3.69502414e-06	0.202257732	0	0	0	0	3
175	330	0	1.34652496	-1.56460396e-05	-4.59369386e-06	-2.58888426e-05	2.35314117e-05	3.9062356e-06	0.204525063	0	0	0	0	3
176	332	0	1.35421939	-3.74129396e-06	-5.01327395e-06	-2.58888426e-05	1.55713956e-05	4.32581569e-06	0.202250424	0	0	0	0	3
177	333	0	1.36191382	-1.02337325e-05	-5.19971861e-06	-2.58888426e-05	1.55713956e-05	4.51226035e-06	0.204524868	0	0	0	0	3
178	335	0	1.36960824	-6.83815686e-07	-4.9061552e-06	-2.58888426e-05	1.55713956e-05	4.51226035e-06	0.2045268	0	0	0	0	3
179	337	0	1.37730267	-5.53955179e-06	-5.230939e-06	-2.58888426e-05	1.17946114e-05	4.54348074e-06	0.202257417	0	0	0	0	3
180	339	0	1.3849971	-1.59053754e-05	-5.54713011e-06	-2.58888426e-05	1.17946114e-05	4.85967185e-06	0.204524753	0	0	0	0	3
181	340	0	1.39269153	2.07818463e-07	-5.54858042e-06	-2.58888426e-05	1.17946114e-05	4.86112215e-06	0.202250261	0	0	0	0	3
182	342	0	1.40038596	-1.06053765e-05	-5.6751763e-06	-2.58888426e-05	1.17946114e-05	4.84219468e-06	0.204524584	0	0	0	0	3
183	345	0	1.40808039	-1.4982531e-06	-5.4337431e-06	-2.58888426e-05	1.17946114e-05	4.84219468e-06	0.204526492	0	0	0	0	3
184	347	0	1.41577481	-1.10939288e-05	-5.76391675e-06	-2.58888426e-05	1.17946114e-05	4.93093514e-06	0.202257186	0	0	0	0	3
185	348	0	1.42346924	-1.46419954e-05	-5.72796842e-06	-2.58888426e-05	1.17946114e-05	4.93093514e-06	0.204524497	0	0	0	0	3
186	350	0	1.43116367	3.94031123e-07	-5.73779154e-06	-2.58888426e-05	1.17946114e-05	4.93093514e-06	0.202249851	0	0	0	0	3
187	352	0	1.4388581	-2.66257143e-05	-5.90955895e-06	-2.66257143e-05	1.17946114e-05	5.07657734e-06	0.204524341	0	0	0	0	3
188	353	0	1.44655253	4.11992079e-06	-5.89811031e-06	-2.66257143e-05	1.17946114e-05	5.07657734e-06	0.20452619	0	0	0	0	3
189	356	0	1.45424696	1.60834046e-06	-6.00699928e-06	-2.66257143e-05	1.17946114e-05	5.02476623e-06	0.202256481	0	0	0	0	3
190	358	0	1.46194138	-2.50930767e-05	-6.17976067e-06	-2.66257143e-05	1.17946114e-05	4.9952073e-06	0.204524252	0	0	0	0	3
191	360	0	1.46963581	1.24960989e-06	-5.96727895e-06	-2.66257143e-05	1.17946114e-05	4.9952073e-06	0.204526074	0	0	0	0	3
192	361	0	1.47733024	1.45931907e-06	-5.83434232e-06	-2.66257143e-05	1.17946114e-05	4.9952073e-06	0.202258242	0	0	0	0	3
193	363	0	1.48502467	-1.74824238e-05	-6.23809558e-06	-2.66257143e-05	1.17946114e-05	5.05354222e-06	0.204524161	0	0	0	0	3
194	365	0	1.4927191	-2.13476588e-06	-6.11242259e-06	-2.66257143e-05	1.17946114e-05	5.05354222e-06	0.202249578	0	0	0	0	3
195	367	0	1.50041353	-2.04197024e-05	-6.54912652e-06	-2.66257143e-05	1.17946114e-05	5.36457316e-06	0.204524004	0	0	0	0	3
196	368	0	1.50810795	-5.4193218e-07	-6.36778081e-06	-2.66257143e-05	1.17946114e-05	5.36457316e-06	0.20452583	0	0	0	0	3
197	371	0	1.51580238	1.88666166e-07	-6.32315469e-06	-2.66257143e-05	1.17946114e-05	5.36457316e-06	0.202255513	0	0	0	0	3
198	373	0	1.52349681	-1.38273414e-05	-6.40512994e-06	-2.66257143e-05	1.17946114e-05	5.36457316e-06	0.204523955	0	0	0	0	3
199	374	0	1.53119124	-5.0648237e-06	-6.51978227e-06	-2.66257143e-05	1.17946114e-05	5.36457316e-06	0.204525775	0	0	0	0	3
200	376	0	1.53888567	-8.68960518e-06	-6.52902145e-06	-2.66257143e-05	1.17946114e-05	5.36457316e-06	0.202257558	0	0	0	0	3
201	380	0	1.5465801	-1.37059344e-05	-6.75255174e-06	-2.66257143e-05	1.17946114e-05	5.56799837e-06	0.204523927	0	0	0	0	3
202	382	0	1.55427452	-2.39002726e-06	-6.81427373e-06	-2.66257143e-05	1.17946114e-05	5.62972037e-06	0.202249264	0	0	0	0	3
203	384	0	1.56196895	-7.760561e-06	-6.96074065e-06	-2.66257143e-05	1.17946114e-05	5.42303951e-06	0.204523794	0	0	0	0	3
204	385	0	1.56966338	-5.95724392e-06	-6.81494623e-06	-2.66257143e-05	1.17946114e-05	5.42303951e-06	0.204525605	0	0	0	0	3
205	387	0	1.57735781	-1.03872915e-05	-7.04970797e-06	-2.66257143e-05	1.17946114e-05	5.36145418e-06	0.202255487	0	0	0	0	3
206	389	0	1.58505224	-1.48682617e-05	-6.97851056e-06	-2.66257143e-05	1.17946114e-05	5.36145418e-06	0.204523761	0	0	0	0	3
207	391	0	1.59274667	1.05344716e-05	-6.77289523e-06	-2.66257143e-05	1.17946114e-05	5.13840018e-06	0.204525522	0	0	0	0	3
208	392	0	1.60044109	-1.14652487e-05	-6.71931053e-06	-2.66257143e-05	1.17946114e-05	5.13840018e-06	0.202257437	0	0	0	0	3
209	394	0	1.60813552	-1.77038106e-05	-7.10612113e-06	-2.66257143e-05	1.17946114e-05	4.99060206e-06	0.204523685	0	0	0	0	3
210	396	0	1.61582995	-3.97130693e-06	-7.26891542e-06	-2.66257143e-05	1.17946114e-05	5.15339636e-06	0.202248926	0	0	0	0	3
211	398	0	1.62352438	-1.01777722e-05	-7.39170976e-06	-2.66257143e-05	1.17946114e-05	5.14239191e-06	0.204523481	0	0	0	0	3
212	400	0	1.63121881	1.86892218e-06	-7.27510781e-06	-2.66257143e-05	1.17946114e-05	5.0843405e-06	0.204525204	0	0	0	0	3
213	402	0	1.63891324	-6.87483161e-06	-7.05116883e-06	-2.66257143e-05	1.17946114e-05	4.82561869e-06	0.202254587	0	0	0	0	3
214	404	0	1.64660766	-1.63750035e-05	-7.19748423e-06	-2.66257143e-05	1.17946114e-05	4.82561869e-06	0.204523355	0	0	0	0	3
215	405	0	1.65430209	5.80624719e-06	-6.94661909e-06	-2.66257143e-05	1.17946114e-05	4.82561869e-06	0.204525047	0	0	0	0	3
216	407	0	1.66199652	-4.11419446e-06	-7.19136995e-06	-2.66257143e-05	1.05344716e-05	4.61596128e-06	0.202255982	0	0	0	0	3
217	409	0	1.66969095	-1.96783494e-05	-7.0958239e-06	-2.66257143e-05	1.05344716e-05	4.61596128e-06	0.204523243	0	0	0	0	3
218	411	0	1.67738538	-1.32995158e-06	-7.06733822e-06	-2.66257143e-05	1.05344716e-05	4.61596128e-06	0.204524921	0	0	0	0	3
219	412	0	1.68507981	-1.84641759e-06	-7.10640104e-06	-2.66257143e-05	1.05344716e-05	4.61596128e-06	0.202255713	0	0	0	0	3
220	415	0	1.69277423	-1.46491377e-05	-6.97707743e-06	-2.66257143e-05	1.05344716e-05	4.61596128e-06	0.20452314	0	0	0	0	3
221	417	0	1.70046866	-9.87478324e-06	-7.19731828e-06	-2.66257143e-05	1.05344716e-05	4.44330536e-06	0.204524822	0	0	0	0	3
222	419	0	1.70816309	3.84046539e-06	-6.91273154e-06	-2.66257143e-05	1.05344716e-05	4.44330536e-06	0.202255096	0	0	0	0	3
223	420	0	1.71585752	-1.17620343e-05	-7.12591112e-06	-2.66257143e-05	1.05344716e-05	4.44330536e-06	0.204523062	0	0	0	0	3
224	422	0	1.72355195	-2.28313912e-06	-7.05513901e-06	-2.66257143e-05	1.05344716e-05	4.44330536e-06	0.204524734	0	0	0	0	3
225	424	0	1.73124638	-9.5836415e-06	-7.04174868e-06	-2.66257143e-05	1.05344716e-05	4.44330536e-06	0.202254701	0	0	0	0	3
226	426	0	1.7389408	-1.04234785e-05	-7.23594765e-06	-2.66257143e-05	1.05344716e-05	4.44330536e-06	0.204522966	0	0	0	0	3
227	427	0	1.74663523	4.49164113e-06	-6.9970892e-06	-2.66257143e-05	1.05344716e-05	4.29976456e-06	0.204524606	0	0	0	0	3
228	429	0	1.75432966	1.61510203e-06	-6.92604592e-06	-2.66257143e-05	1.05344716e-05	3.99652041e-06	0.20225447	0	0	0	0	3
229	431	0	1.76202409	-1.72830177e-05	-7.00554143e-06	-2.66257143e-05	1.05344716e-05	3.80898898e-06	0.204522892	0	0	0	0	3
230	433	0	1.76971852	-9.09657796e-07	-6.75799353e-06	-2.66257143e-05	1.05344716e-05	3.80898898e-06	0.204524513	0	0	0	0	3
231	435	0	1.77741295	7.04405293e-07	-6.85014013e-06	-2.66257143e-05	1.05344716e-05	3.6315283e-06	0.202254428	0	0	0	0	3
232	437	0	1.78510737	-1.93745325e-05	-6.93320538e-06	-2.66257143e-05	1.05344716e-05	3.6315283e-06	0.204522823	0	0	0	0	3
233	439	0	1.7928018	6.09861839e-06	-6.88892889e-06	-2.66257143e-05	1.05344716e-05	3.50875339e-06	0.204524433	0	0	0	0	3
234	440	0	1.80049623	3.31232731e-06	-6.73686368e-06	-2.66257143e-05	1.05344716e-05	3.48043297e-06	0.202254388	0	0	0	0	3
235	442	0	1.80819066	-2.41651454e-05	-6.82888382e-06	-2.66257143e-05	1.05344716e-05	3.10618644e-06	0.204522793	0	0	0	0	3
236	444	0	1.81588509	-4.08625053e-06	-6.88699606e-06	-2.66257143e-05	1.05344716e-05	3.10618644e-06	0.204524321	0	0	0	0	3
237	445	0	1.82357952	6.41734903e-06	-6.61478487e-06	-2.66257143e-05	1.05344716e-05	3.10618644e-06	0.202254394	0	0	0	0	3
238	447	0	1.83127394	-1.72953827e-05	-6.86575663e-06	-2.66257143e-05	1.05344716e-05	3.10618644e-06	0.204522747	0	0	0	0	3
239	449	0	1.83896837	-1.48920792e-06	-6.88210935e-06	-2.66257143e-05	1.05344716e-05	2.7980159e-06	0.204524223	0	0	0	0	3
240	451	0	1.8466628	1.95329874e-06	-6.6113503e-06	-2.66257143e-05	1.05344716e-05	2.48555456e-06	0.202254383	0	0	0	0	3
241	452	0	1.85435723	-1.80839669e-05	-6.83200681e-06	-2.66257143e-05	1.05344716e-05	2.48555456e-06	0.204522676	0	0	0	0	3
242	454	0	1.86205166	1.19616254e-07	-6.67272452e-06	-2.66257143e-05	1.05344716e-05	2.48555456e-06	0.204524098	0	0	0	0	3
243	456	0	1.86974609	-1.72739216e-06	-6.68877954e-06	-2.66257143e-05	1.05344716e-05	2.16077076e-06	0.202254269	0	0	0	0	3
244	458	0	1.87744051	-2.34534484e-05	-6.96437795e-06	-2.66257143e-05	1.05344716e-05	1.95796665e-06	0.204522557	0	0	0	0	3
245	460	0	1.88513494	-7.15129084e-06	-6.82969973e-06	-2.66257143e-05	1.05344716e-05	1.95796665e-06	0.204523948	0	0	0	0	3
246	462	0	1.89282937	1.10245855e-05	-6.66328793e-06	-2.66257143e-05	1.10245855e-05	1.95796665e-06	0.202254015	0	0	0	0	3
247	464	0	1.9005238	-2.19218725e-05	-6.83738786e-06	-2.66257143e-05	1.10245855e-05	1.95796665e-06	0.204522456	0	0	0	0	3
248	466	0	1.90821823	3.83446213e-06	-6.75534609e-06	-2.66257143e-05	1.10245855e-05	1.66374134e-06	0.204523824	0	0	0	0	3
249	468	0	1.91591266	-4.77393554e-06	-6.65811543e-06	-2.66257143e-05	1.10245855e-05	1.66374134e-06	0.202253852	0	0	0	0	3
250	469	0	1.92360708	-1.96768514e-05	-6.73557475e-06	-2.66257143e-05	1.10245855e-05	1.65391822e-06	0.204522374	0	0	0	0	3
251	471	0	1.93130151	8.24524498e-06	-6.61478684e-06	-2.66257143e-05	1.10245855e-05	1.55736744e-06	0.2045237	0	0	0	0	3
252	473	0	1.93899594	-2.13564725e-06	-6.23801658e-06	-2.50930767e-05	1.10245855e-05	1.55736744e-06	0.202253507	0	0	0	0	3
253	475	0	1.94669037	-2.04804413e-05	-6.61648369e-06	-2.50930767e-05	1.10245855e-05	1.55736744e-06	0.204522282	0	0	0	0	3
254	476	0	1.9543848	1.85013117e-06	-6.61276383e-06	-2.50930767e-05	1.10245855e-05	1.55736744e-06	0.204523551	0	0	0	0	3
255	478	0	1.96207923	4.799631e-06	-6.15287602e-06	-2.41651454e-05	1.10245855e-05	1.55736744e-06	0.202253032	0	0	0	0	3
256	480	0	1.96977365	-2.02032137e-05	-6.48291946e-06	-2.41651454e-05	1.10245855e-05	1.55736744e-06	0.204522156	0	0	0	0	3
257	483	0	1.97746808	-1.46973202e-06	-6.52798179e-06	-2.41651454e-05	1.10245855e-05	1.27928717e-06	0.204523348	0	0	0	0	3
258	484	0	1.98516251	-2.06714815e-06	-6.2908237e-06	-2.41651454e-05	1.10245855e-05	1.27928717e-06	0.202252343	0	0	0	0	3
259	486	0	1.99285694	-1.53795736e-05	-6.49458997e-06	-2.41651454e-05	1.10245855e-05	1.23883373e-06	0.204521946	0	0	0	0	3
260	488	0	2.00055137	8.89580555e-06	-6.04358216e-06	-2.41651454e-05	1.10245855e-05	1.3481276e-06	0.204514233	0	0	0	0	3
261	490	0	2.0082458	-5.95309467e-06	-6.12683081e-06	-2.41651454e-05	1.10245855e-05	1.3481276e-06	0.202242572	0	0	0	0	3
262	491	0	2.01594022	-1.90642599e-05	-6.42302968e-06	-2.41651454e-05	1.10245855e-05	1.3481276e-06	0.204559325	0	0	0	0	3
263	493	0	2.02363465	-4.67479743e-06	-6.28222131e-06	-2.41651454e-05	1.10245855e-05	1.3481276e-06	0.204560807	0	0	0	0	3
264	495	0	2.03132908	4.63544009e-06	-6.13298648e-06	-2.41651454e-05	1.10245855e-05	1.3481276e-06	0.202287508	0	0	0	0	3
265	497	0	2.03902351	-2.08483923e-05	-6.32004474e-06	-2.41651454e-05	1.10245855e-05	1.3481276e-06	0.204559329	0	0	0	0	3
266	499	0	2.04671794	8.25004562e-07	-6.09649184e-06	-2.41651454e-05	1.10245855e-05	1.3481276e-06	0.204560802	0	0	0	0	3
267	500	0	2.05441237	-6.42414172e-06	-6.15855514e-06	-2.41651454e-05	1.10245855e-05	1.3481276e-06	0.202286551	0	0	0	0	3
268	502	0	2.06210679	-1.69360258e-05	-6.29971613e-06	-2.41651454e-05	1.10245855e-05	1.3481276e-06	0.20455932	0	0	0	0	3
269	504	0	2.06980122	6.45923796e-06	-6.10869333e-06	-2.41651454e-05	1.10245855e-05	1.3481276e-06	0.204560771	0	0	0	0	3
270	506	0	2.07749565	-5.18485315e-06	-6.02865582e-06	-2.41651454e-05	1.10245855e-05	1.36305394e-06	0.202285959	0	0	0	0	3
271	508	0	2.08519008	-2.30392835e-05	-6.15436385e-06	-2.41651454e-05	1.10245855e-05	1.36305394e-06	0.204559323	0	0	0	0	3
272	510	0	2.09288451	6.31251874e-06	-6.21931697e-06	-2.41651454e-05	1.10245855e-05	1.36305394e-06	0.204560779	0	0	0	0	3
273	511	0	2.10057894	-6.53519735e-06	-6.14347002e-06	-2.41651454e-05	1.10245855e-05	1.36305394e-06	0.202285564	0	0	0	0	3
274	513	0	2.10827336	-1.47845917e-05	-6.09855896e-06	-2.41651454e-05	1.10245855e-05	1.36305394e-06	0.204559386	0	0	0	0	3
275	515	0	2.11596779	1.42049559e-05	-5.81892415e-06	-2.41651454e-05	1.42049559e-05	1.5727856e-06	0.204560828	0	0	0	0	3
276	517	0	2.12366222	6.64676496e-08	-5.66132046e-06	-2.41651454e-05	1.42049559e-05	1.61378735e-06	0.202285326	0	0	0	0	3
277	518	0	2.13135665	-2.29832854e-05	-6.04366212e-06	-2.41651454e-05	1.42049559e-05	1.57462719e-06	0.204559443	0	0	0	0	3
278	520	0	2.13905108	4.57172833e-07	-5.93086205e-06	-2.41651454e-05	1.42049559e-05	1.57462719e-06	0.204560866	0	0	0	0	3
279	522	0	2.14674551	1.23151422e-05	-5.48947519e-06	-2.41651454e-05	1.42049559e-05	1.74647246e-06	0.202285121	0	0	0	0	3
280	524	0	2.15443993	-1.55976281e-05	-5.81876558e-06	-2.41651454e-05	1.42049559e-05	1.74647246e-06	0.204559442	0	0	0	0	3
281	526	0	2.16213436	-1.95492476e-06	-5.78554605e-06	-2.41651454e-05	1.42049559e-05	1.74647246e-06	0.204560857	0	0	0	0	3
282	527	0	2.16982879	-1.0956132e-05	-5.65135809e-06	-2.41651454e-05	1.42049559e-05	1.74647246e-06	0.202284942	0	0	0	0	3
283	529	0	2.17752322	-2.13779226e-05	-5.95978841e-06	-2.41651454e-05	1.42049559e-05	1.74647246e-06	0.204559384	0	0	0	0	3
284	531	0	2.18521765	1.34931929e-05	-5.72379441e-06	-2.41651454e-05	1.42049559e-05	1.74647246e-06	0.204560768	0	0	0	0	3
285	533	0	2.19291208	1.00741109e-06	-5.48292442e-06	-2.41651454e-05	1.42049559e-05	1.75302322e-06	0.202284482	0	0	0	0	3
286	535	0	2.2006065	-1.40360193e-05	-5.54694344e-06	-2.41651454e-05	1.42049559e-05	1.75302322e-06	0.204559307	0	0	0	0	3
287	536	0	2.20830093	-2.30138418e-06	-5.64143343e-06	-2.41651454e-05	1.42049559e-05	1.75302322e-06	0.204560687	0	0	0	0	3
288	538	0	2.21599536	-1.13965031e-06	-5.47801214e-06	-2.41651454e-05	1.42049559e-05	1.75793551e-06	0.202283984	0	0	0	0	3
289	540	0	2.22368979	-1.54062648e-05	-5.67990638e-06	-2.41651454e-05	1.42049559e-05	1.75793551e-06	0.204559224	0	0	0	0	3
290	542	0	2.23138422	-2.61785145e-06	-5.57274038e-06	-2.41651454e-05	1.42049559e-05	1.75793551e-06	0.204560607	0	0	0	0	3
291	544	0	2.23907865	-1.06839477e-06	-5.42881602e-06	-2.41651454e-05	1.42049559e-05	1.57672541e-06	0.202283449	0	0	0	0	3
292	546	0	2.24677307	-1.19626152e-05	-5.68195842e-06	-2.41651454e-05	1.42049559e-05	1.57672541e-06	0.204559206	0	0	0	0	3
293	547	0	2.2544675	5.51476516e-06	-5.62196361e-06	-2.41651454e-05	1.42049559e-05	1.57672541e-06	0.204560573	0	0	0	0	3
294	549	0	2.26216193	-6.9356319e-06	-5.46277305e-06	-2.41651454e-05	1.42049559e-05	1.53556193e-06	0.204560766	0	0	0	0	3
295	551	0	2.26985636	-1.46484343e-05	-5.67413885e-06	-2.41651454e-05	1.42049559e-05	1.53556193e-06	0.202287064	0	0	0	0	3
296	553	0	2.27755079	-9.55681286e-06	-5.83200374e-06	-2.41651454e-05	1.42049559e-05	1.53556193e-06	0.204559224	0	0	0	0	3
297	554	0	2.28524522	5.19874976e-06	-5.45395324e-06	-2.41651454e-05	1.42049559e-05	1.53556193e-06	0.204560576	0	0	0	0	3
298	556	0	2.29293964	-3.02851651e-06	-5.5943707e-06	-2.41651454e-05	1.42049559e-05	1.53556193e-06	0.202283452	0	0	0	0	3
299	558	0	2.30063407	-1.39335411e-05	-5.85969176e-06	-2.41651454e-05	1.42049559e-05	1.53556193e-06	0.204559197	0	0	0	0	3
300	560	0	2.3083285	-3.28125597e-06	-5.53840115e-06	-2.34534484e-05	1.42049559e-05	1.53556193e-06	0.204560529	0	0	0	0	3
301	564	0	2.31602293	-3.08477736e-06	-5.52299387e-06	-2.34534484e-05	1.42049559e-05	1.53556193e-06	0.204560729	0	0	0	0	3
302	566	0	2.32371736	8.02070562e-06	-5.49832685e-06	-2.34534484e-05	1.42049559e-05	1.53556193e-06	0.202286202	0	0	0	0	3
303	567	0	2.33141179	-8.22383062e-06	-5.35876451e-06	-2.34534484e-05	1.42049559e-05	1.60561344e-06	0.20455925	0	0	0	0	3
304	569	0	2.33910621	-1.20588111e-05	-5.52137379e-06	-2.34534484e-05	1.42049559e-05	1.60561344e-06	0.204560594	0	0	0	0	3
305	571	0	2.34680064	-4.53058073e-06	-5.62112578e-06	-2.34534484e-05	1.42049559e-05	1.60561344e-06	0.204560783	0	0	0	0	3
306	573	0	2.35449507	4.60220808e-06	-5.2721077e-06	-2.34534484e-05	1.42049559e-05	1.69227025e-06	0.202286434	0	0	0	0	3
307	575	0	2.3621895	-1.92505115e-05	-5.57010967e-06	-2.34534484e-05	1.42049559e-05	1.69227025e-06	0.204559284	0	0	0	0	3
308	577	0	2.36988393	-7.09755949e-06	-5.65272763e-06	-2.34534484e-05	1.42049559e-05	1.69227025e-06	0.204560599	0	0	0	0	3
309	578	0	2.37757836	5.07055883e-06	-5.21389675e-06	-2.30392835e-05	1.42049559e-05	1.62349112e-06	0.20456077	0	0	0	0	3
310	580	0	2.38527278	-4.96422862e-07	-5.11151416e-06	-2.30392835e-05	1.42049559e-05	1.7258737e-06	0.202286391	0	0	0	0	3
311	582	0	2.39296721	-1.30426692e-05	-5.48177962e-06	-2.30392835e-05	1.42049559e-05	1.7258737e-06	0.204559266	0	0	0	0	3
312	584	0	2.40066164	-4.85740027e-06	-5.21924928e-06	-2.30392835e-05	1.42049559e-05	1.64383193e-06	0.204560596	0	0	0	0	3
313	586	0	2.40835607	-9.3231768e-06	-5.42167449e-06	-2.30392835e-05	1.42049559e-05	1.62406059e-06	0.204560784	0	0	0	0	3
314	587	0	2.4160505	-7.3530625e-06	-5.46135337e-06	-2.30392835e-05	1.42049559e-05	1.62406059e-06	0.202286367	0	0	0	0	3
315	589	0	2.42374493	-1.24391746e-05	-5.35000449e-06	-2.30392835e-05	1.42049559e-05	1.50496953e-06	0.20455925	0	0	0	0	3
