Iteration	CPUTime	PhysTime	Travels	Value	AvValue	MinValue	MaxValue	Delta	Criteria	PrevAvRefValue	Progress	CriteriaType	CriteriaVarType	CriteriaPercentage
1	12	0	0.00769442833	101912.169	101912.169	101912.169	101912.169	0	0	0	0	0	0	3
2	13	0	0.0153888567	101151.684	101531.926	101151.684	101912.169	380.242445	0	0	0	0	0	3
3	15	0	0.023083285	101099.385	101387.746	101099.385	101912.169	524.422978	0	0	0	0	0	3
4	17	0	0.0307777133	100995.706	101289.736	100995.706	101912.169	622.432903	0	0	0	0	0	3
5	19	0	0.0384721417	101092.711	101250.331	100995.706	101912.169	661.837947	0	0	0	0	0	3
6	20	0	0.04616657	101034.348	101214.334	100995.706	101912.169	697.835048	0	0	0	0	0	3
7	22	0	0.0538609983	101075.558	101194.509	100995.706	101912.169	717.660106	0	0	0	0	0	3
8	24	0	0.0615554267	101060.992	101177.819	100995.706	101912.169	734.349697	0	0	0	0	0	3
9	25	0	0.069249855	101083.088	101167.294	100995.706	101912.169	744.875404	0	0	0	0	0	3
10	27	0	0.0769442833	101078.736	101158.438	100995.706	101912.169	753.73112	0	0	0	0	0	3
11	28	0	0.0846387117	101113.251	101154.33	100995.706	101912.169	757.838985	0	0	0	0	0	3
12	30	0	0.09233314	101117.737	101151.281	100995.706	101912.169	760.888421	0	0	0	0	0	3
13	32	0	0.100027568	101128.772	101149.549	100995.706	101912.169	762.619814	0	0	0	0	0	3
14	34	0	0.107721997	101128.687	101148.059	100995.706	101912.169	764.109944	0	0	0	0	0	3
15	35	0	0.115416425	101130.551	101146.892	100995.706	101912.169	765.277172	0	0	0	0	0	3
16	37	0	0.123110853	101136.905	101146.268	100995.706	101912.169	765.901365	0	0	0	0	0	3
17	39	0	0.130805282	101134.986	101145.604	100995.706	101912.169	766.564965	0	0	0	0	0	3
18	40	0	0.13849971	101138.609	101145.215	100995.706	101912.169	766.953564	0	0	0	0	0	3
19	42	0	0.146194138	101139.581	101144.919	100995.706	101912.169	767.250096	0	0	0	0	0	3
20	44	0	0.153888567	101140.902	101144.718	100995.706	101912.169	767.450945	0	0	0	0	0	3
21	46	0	0.161582995	101142.472	101144.611	100995.706	101912.169	767.55791	0	0	0	0	0	3
22	48	0	0.169277423	101142.261	101144.504	100995.706	101912.169	767.664734	0	0	0	0	0	3
23	50	0	0.176971852	101143.546	101144.463	100995.706	101912.169	767.706388	0	0	0	0	0	3
24	51	0	0.18466628	101147.159	101144.575	100995.706	101912.169	767.706388	0	0	0	0	0	3
25	53	0	0.192360708	101146.485	101144.651	100995.706	101912.169	767.706388	0	0	0	0	0	3
26	55	0	0.200055137	101147.291	101144.753	100995.706	101912.169	767.706388	0	0	0	0	0	3
27	57	0	0.207749565	101148.917	101144.907	100995.706	101912.169	767.706388	0	0	0	0	0	3
28	59	0	0.215443993	101149.994	101145.089	100995.706	101912.169	767.706388	0	0	0	0	0	3
29	60	0	0.223138422	101153.687	101145.385	100995.706	101912.169	767.706388	0	0	0	0	0	3
30	62	0	0.23083285	101153.555	101145.658	100995.706	101912.169	767.706388	0	0	0	0	0	3
31	64	0	0.238527278	101156.558	101146.009	100995.706	101912.169	767.706388	0	0	0	0	0	3
32	66	0	0.246221707	101160.019	101146.447	100995.706	101912.169	767.706388	0	0	0	0	0	3
33	68	0	0.253916135	101167.041	101147.071	100995.706	101912.169	767.706388	0	0	0	0	0	3
34	70	0	0.261610563	101171.437	101147.788	100995.706	101912.169	767.706388	0	0	0	0	0	3
35	71	0	0.269304992	101178.4	101148.662	100995.706	101912.169	767.706388	0	0	0	0	0	3
36	73	0	0.27699942	101186.598	101149.716	100995.706	101912.169	767.706388	0	0	0	0	0	3
37	75	0	0.284693848	101198.023	101151.022	100995.706	101912.169	767.706388	0	0	0	0	0	3
38	77	0	0.292388277	101206.332	101152.477	100995.706	101912.169	767.706388	0	0	0	0	0	3
39	79	0	0.300082705	101217.518	101154.145	100995.706	101912.169	767.706388	0	0	0	0	0	3
40	81	0	0.307777133	101226.376	101155.951	100995.706	101912.169	767.706388	0	0	0	0	0	3
41	83	0	0.315471562	101236.141	101157.907	100995.706	101912.169	767.706388	0	0	0	0	0	3
42	85	0	0.32316599	101245.197	101159.985	100995.706	101912.169	767.706388	0	0	0	0	0	3
43	87	0	0.330860418	101251.391	101162.111	100995.706	101912.169	767.706388	0	0	0	0	0	3
44	88	0	0.338554847	101254.443	101164.209	100995.706	101912.169	767.706388	0	0	0	0	0	3
45	90	0	0.346249275	101254.166	101166.208	100995.706	101912.169	767.706388	0	0	0	0	0	3
46	92	0	0.353943703	101254.254	101168.122	100995.706	101912.169	767.706388	0	0	0	0	0	3
47	94	0	0.361638132	101253.392	101169.936	100995.706	101912.169	767.706388	0	0	0	0	0	3
48	96	0	0.36933256	101252.588	101171.658	100995.706	101912.169	767.706388	0	0	0	0	0	3
49	98	0	0.377026988	101249.213	101173.241	100995.706	101912.169	767.706388	0	0	0	0	0	3
50	100	0	0.384721417	101247.708	101174.73	100995.706	101912.169	767.706388	0	0	0	0	0	3
51	102	0	0.392415845	101245.92	101176.126	100995.706	101912.169	767.706388	0	0	0	0	0	3
52	104	0	0.400110273	101242.82	101177.409	100995.706	101912.169	767.706388	0	0	0	0	0	3
53	105	0	0.407804702	101239.072	101178.572	100995.706	101912.169	767.706388	0	0	0	0	0	3
54	107	0	0.41549913	101234.988	101179.617	100995.706	101912.169	767.706388	0	0	0	0	0	3
55	109	0	0.423193558	101229.988	101180.533	100995.706	101912.169	767.706388	0	0	0	0	0	3
56	111	0	0.430887987	101226.58	101181.355	100995.706	101912.169	767.706388	0	0	0	0	0	3
57	113	0	0.438582415	101224.115	101182.105	100995.706	101912.169	767.706388	0	0	0	0	0	3
58	115	0	0.446276843	101222.798	101182.807	100995.706	101912.169	767.706388	0	0	0	0	0	3
59	117	0	0.453971272	101221.595	101183.464	100995.706	101912.169	767.706388	0	0	0	0	0	3
60	119	0	0.4616657	101220.781	101184.086	100995.706	101912.169	767.706388	0	0	0	0	0	3
61	121	0	0.469360128	101221.009	101184.692	100995.706	101912.169	767.706388	0	0	0	0	0	3
62	122	0	0.477054557	101222.335	101185.299	100995.706	101912.169	767.706388	0	0	0	0	0	3
63	124	0	0.484748985	101224.685	101185.924	100995.706	101912.169	767.706388	0	0	0	0	0	3
64	126	0	0.492443413	101226.409	101186.557	100995.706	101912.169	767.706388	0	0	0	0	0	3
65	128	0	0.500137842	101228.614	101187.204	100995.706	101912.169	767.706388	0	0	0	0	0	3
66	130	0	0.50783227	101228.722	101176.689	100995.706	101254.443	258.736416	0	0	0	0	0	3
67	132	0	0.515526698	101229.795	101177.891	100995.706	101254.443	243.283411	0	0	0	0	0	3
68	133	0	0.523221127	101232.795	101179.943	100995.706	101254.443	145.273485	0	0	0	0	0	3
69	135	0	0.530915555	101235.17	101183.627	101034.348	101254.443	105.868441	0	0	0	0	0	3
70	137	0	0.538609983	101237.497	101185.855	101034.348	101254.443	69.8713401	0	0	0	0	0	3
71	139	0	0.546304412	101239.849	101189.016	101060.992	101254.443	50.0462826	0	0	0	0	0	3
72	141	0	0.55399884	101241.087	101191.563	101060.992	101254.443	47.1002736	0	0	0	0	0	3
73	142	0	0.561693268	101244.368	101194.384	101078.736	101254.443	49.9214348	0	0	0	0	0	3
74	144	0	0.569387697	101248.028	101196.922	101078.736	101254.443	52.45897	0	0	0	0	0	3
75	146	0	0.577082125	101251.041	101199.572	101113.251	101254.443	55.1098066	0	0	0	0	0	3
76	148	0	0.584776553	101253.246	101201.726	101117.737	101254.443	57.2635702	0	0	0	0	0	3
77	150	0	0.592470982	101255.344	101203.843	101128.687	101255.344	59.3805987	0	0	0	0	0	3
78	152	0	0.60016541	101256.747	101205.812	101128.687	101256.747	61.3494437	0	0	0	0	0	3
79	154	0	0.607859838	101258.686	101207.812	101130.551	101258.686	63.34942	0	0	0	0	0	3
80	155	0	0.615554267	101259.563	101209.797	101134.986	101259.563	65.3342234	0	0	0	0	0	3
81	157	0	0.623248695	101261.781	101211.718	101134.986	101261.781	67.2554028	0	0	0	0	0	3
82	159	0	0.630943123	101264.102	101213.704	101138.609	101264.102	69.2417947	0	0	0	0	0	3
83	161	0	0.638637552	101268.193	101215.698	101139.581	101268.193	71.2353902	0	0	0	0	0	3
84	163	0	0.64633198	101270.654	101217.714	101140.902	101270.654	73.251896	0	0	0	0	0	3
85	165	0	0.654026408	101273.506	101219.755	101142.261	101273.506	75.2919609	0	0	0	0	0	3
86	166	0	0.661720837	101275.993	101221.809	101142.261	101275.993	77.3461333	0	0	0	0	0	3
87	168	0	0.669415265	101279.644	101223.922	101143.546	101279.644	79.4597141	0	0	0	0	0	3
88	170	0	0.677109693	101284.099	101226.085	101146.485	101284.099	81.5096946	0	0	0	0	0	3
89	172	0	0.684804122	101289.172	101228.269	101146.485	101289.172	83.6180938	0	0	0	0	0	3
90	174	0	0.69249855	101292.311	101230.513	101147.291	101292.311	85.7600578	0	0	0	0	0	3
91	175	0	0.700192978	101294.909	101232.784	101148.917	101294.909	87.876884	0	0	0	0	0	3
92	177	0	0.707887407	101299.312	101235.098	101149.994	101299.312	90.0089884	0	0	0	0	0	3
93	179	0	0.715581835	101303.651	101237.462	101153.555	101303.651	92.076475	0	0	0	0	0	3
94	181	0	0.723276263	101305.513	101239.797	101153.555	101305.513	94.139951	0	0	0	0	0	3
95	183	0	0.730970692	101308.433	101242.18	101156.558	101308.433	96.1710743	0	0	0	0	0	3
96	184	0	0.73866512	101311.393	101244.562	101160.019	101311.393	98.1153561	0	0	0	0	0	3
97	186	0	0.746359548	101313.823	101246.929	101167.041	101313.823	99.8575262	0	0	0	0	0	3
98	188	0	0.754053977	101317.052	101249.236	101171.437	101317.052	101.448752	0	0	0	0	0	3
99	190	0	0.761748405	101319.969	101251.522	101178.4	101319.969	102.859209	0	0	0	0	0	3
100	192	0	0.769442833	101323.203	101253.749	101186.598	101323.203	104.033175	0	0	0	0	0	3
101	196	0	0.777137262	101324.973	101255.878	101198.023	101324.973	104.856435	0	0	0	0	0	3
102	198	0	0.78483169	101327.937	101257.877	101206.332	101327.937	105.399571	0	0	0	0	0	3
103	199	0	0.792526118	101329.616	101259.773	101217.518	101329.616	105.628531	0	0	0	0	0	3
104	201	0	0.800220547	101331.23	101261.523	101220.781	101331.23	105.572178	0	0	0	0	0	3
105	203	0	0.807914975	101334.056	101263.179	101220.781	101334.056	105.272923	0	0	0	0	0	3
106	205	0	0.815609403	101335.627	101264.71	101220.781	101335.627	104.725125	0	0	0	0	0	3
107	206	0	0.823303832	101338.309	101266.143	101220.781	101338.309	104.031882	0	0	0	0	0	3
108	208	0	0.83099826	101340.844	101267.519	101220.781	101340.844	103.30962	0	0	0	0	0	3
109	210	0	0.838692688	101340.826	101268.848	101220.781	101340.844	102.639547	0	0	0	0	0	3
110	212	0	0.846387117	101344.094	101270.231	101220.781	101344.094	102.109014	0	0	0	0	0	3
111	214	0	0.854081545	101346.871	101271.656	101220.781	101346.871	101.719638	0	0	0	0	0	3
112	215	0	0.861775973	101348.998	101273.127	101220.781	101348.998	101.468572	0	0	0	0	0	3
113	217	0	0.869470402	101349.887	101274.624	101220.781	101349.887	101.382722	0	0	0	0	0	3
114	219	0	0.87716483	101351.038	101276.19	101220.781	101351.038	101.459927	0	0	0	0	0	3
115	221	0	0.884859258	101352.847	101277.808	101220.781	101352.847	101.681578	0	0	0	0	0	3
116	222	0	0.892553687	101355.844	101279.499	101220.781	101355.844	102.810041	0	0	0	0	0	3
117	224	0	0.900248115	101357.962	101281.27	101220.781	101357.962	104.581469	0	0	0	0	0	3
118	226	0	0.907942543	101359.376	101283.121	101220.781	101359.376	106.432302	0	0	0	0	0	3
119	228	0	0.915636972	101360.128	101285.047	101220.781	101360.128	108.357531	0	0	0	0	0	3
120	229	0	0.9233314	101361.84	101287.075	101220.781	101361.84	110.386017	0	0	0	0	0	3
121	231	0	0.931025828	101362.893	101289.172	101220.781	101362.893	112.483141	0	0	0	0	0	3
122	233	0	0.938720257	101363.391	101291.315	101220.781	101363.391	114.625844	0	0	0	0	0	3
123	235	0	0.946414685	101366.185	101293.521	101220.781	101366.185	116.831786	0	0	0	0	0	3
124	236	0	0.954109113	101368.971	101295.788	101220.781	101368.971	119.099115	0	0	0	0	0	3
125	238	0	0.961803542	101367.152	101298.04	101221.009	101368.971	121.350983	0	0	0	0	0	3
126	240	0	0.96949797	101367.852	101300.299	101222.335	101368.971	123.61011	0	0	0	0	0	3
127	242	0	0.977192398	101371.176	101302.589	101224.685	101371.176	125.899971	0	0	0	0	0	3
128	243	0	0.984886827	101373.19	101304.874	101226.409	101373.19	128.184661	0	0	0	0	0	3
129	245	0	0.992581255	101372.362	101307.119	101228.614	101373.19	130.430085	0	0	0	0	0	3
130	247	0	1.00027568	101373.407	101309.347	101228.722	101373.407	132.657661	11.3310159	0	0	0	0	3
131	249	0	1.00797011	101373.603	101311.576	101229.795	101373.603	133.684884	11.3368935	0	0	0	0	3
132	251	0	1.01566454	101373.535	101313.787	101232.795	101373.603	133.843805	11.3368935	0	0	0	0	3
133	253	0	1.02335897	101374.12	101315.961	101235.17	101374.12	132.333991	11.3420711	0	0	0	0	3
134	255	0	1.0310534	101374.68	101318.108	101237.497	101374.68	132.25283	11.3310159	0	0	0	0	3
135	256	0	1.03874783	101376.46	101320.245	101239.849	101376.46	131.229173	11.3310159	0	0	0	0	3
136	258	0	1.04644225	101377.049	101322.356	101241.087	101377.049	130.793341	11.3310159	0	0	0	0	3
137	260	0	1.05413668	101378.983	101324.478	101244.368	101378.983	130.093655	11.3310159	0	0	0	0	3
138	262	0	1.06183111	101378.964	101326.548	101248.028	101378.983	129.626829	11.3310159	0	0	0	0	3
139	263	0	1.06952554	101380.615	101328.588	101251.041	101380.615	129.015802	11.3310159	0	0	0	0	3
140	265	0	1.07721997	101380.183	101330.575	101253.246	101380.615	127.369321	11.3310159	0	0	0	0	3
141	267	0	1.0849144	101379.054	101332.51	101255.344	101380.615	125.271689	11.3310159	0	0	0	0	3
142	269	0	1.09260882	101379.318	101334.418	101256.747	101380.615	123.867932	11.3310159	0	0	0	0	3
143	270	0	1.10030325	101381.06	101336.33	101258.686	101381.06	122.374639	11.3310159	0	0	0	0	3
144	272	0	1.10799768	101381.644	101338.222	101259.563	101381.644	122.081587	11.3310159	0	0	0	0	3
145	274	0	1.11569211	101382.242	101340.109	101261.781	101382.242	120.460501	11.3310159	0	0	0	0	3
146	276	0	1.12338654	101384.178	101341.992	101264.102	101384.178	120.076202	11.3310159	0	0	0	0	3
147	277	0	1.13108097	101385.342	101343.858	101268.193	101385.342	117.149363	11.3310159	0	0	0	0	3
148	279	0	1.13877539	101384.982	101345.654	101270.654	101385.342	114.688154	11.3310159	0	0	0	0	3
149	282	0	1.14646982	101385.225	101347.417	101273.506	101385.342	111.836195	11.3310159	0	0	0	0	3
150	283	0	1.15416425	101386.958	101349.162	101275.993	101386.958	110.965336	11.3310159	0	0	0	0	3
151	285	0	1.16185868	101385.994	101350.855	101279.644	101386.958	107.31462	11.3310159	0	0	0	0	3
152	287	0	1.16955311	101387.286	101352.511	101284.099	101387.286	103.187682	11.3310159	0	0	0	0	3
153	288	0	1.17724754	101389.189	101354.128	101289.172	101389.189	100.017141	11.3310159	0	0	0	0	3
154	290	0	1.18494196	101389.097	101355.665	101292.311	101389.189	96.878094	11.3310159	0	0	0	0	3
155	292	0	1.19263639	101389.524	101357.16	101294.909	101389.524	94.6152912	11.3310159	0	0	0	0	3
156	295	0	1.20033082	101389.313	101358.613	101299.312	101389.524	90.2118072	11.3310159	0	0	0	0	3
157	296	0	1.20802525	101390.695	101360.019	101303.651	101390.695	87.0430263	11.3310159	0	0	0	0	3
158	298	0	1.21571968	101390.38	101361.353	101305.513	101390.695	85.1810483	11.3310159	0	0	0	0	3
159	300	0	1.22341411	101391.233	101362.672	101308.433	101391.233	82.799893	11.3310159	0	0	0	0	3
160	302	0	1.23110853	101392.235	101363.961	101311.393	101392.235	80.8423308	11.3310159	0	0	0	0	3
161	303	0	1.23880296	101393.492	101365.224	101313.823	101393.492	79.6695789	11.3310159	0	0	0	0	3
162	305	0	1.24649739	101395.596	101366.482	101317.052	101395.596	78.5442944	11.3310159	0	0	0	0	3
163	307	0	1.25419182	101394.009	101367.666	101319.969	101395.596	75.627778	11.3310159	0	0	0	0	3
164	309	0	1.26188625	101393.455	101368.797	101323.203	101395.596	72.3939329	11.3310159	0	0	0	0	3
165	312	0	1.26958068	101394.435	101369.893	101324.973	101395.596	70.6237095	11.3310159	0	0	0	0	3
166	313	0	1.2772751	101395.125	101370.972	101327.937	101395.596	67.6592689	11.3310159	0	0	0	0	3
167	315	0	1.28496953	101396.962	101372.034	101329.616	101396.962	67.3460346	11.3310159	0	0	0	0	3
168	317	0	1.29266396	101396.501	101373.063	101331.23	101396.962	65.7323031	11.3310159	0	0	0	0	3
169	319	0	1.30035839	101396.091	101374.061	101334.056	101396.962	62.9066405	11.3310159	0	0	0	0	3
170	320	0	1.30805282	101397.525	101375.037	101335.627	101397.525	61.8976365	11.3310159	0	0	0	0	3
171	322	0	1.31574725	101398.504	101376.004	101338.309	101398.504	60.1951992	11.3310159	0	0	0	0	3
172	324	0	1.32344167	101399.477	101376.945	101340.826	101399.477	58.6509056	11.3310159	0	0	0	0	3
173	326	0	1.3311361	101401.183	101377.874	101340.826	101401.183	60.3570786	11.3310159	0	0	0	0	3
174	328	0	1.33883053	101402.337	101378.82	101344.094	101402.337	58.2426211	11.3310159	0	0	0	0	3
175	330	0	1.34652496	101402.576	101379.72	101346.871	101402.576	55.7050861	11.3310159	0	0	0	0	3
176	332	0	1.35421939	101404.756	101380.61	101348.998	101404.756	55.7582237	11.3310159	0	0	0	0	3
177	333	0	1.36191382	101406.133	101381.489	101349.887	101406.133	56.2461803	11.3310159	0	0	0	0	3
178	335	0	1.36960824	101406.32	101382.357	101351.038	101406.32	55.282481	11.3310159	0	0	0	0	3
179	337	0	1.37730267	101407.878	101383.232	101352.847	101407.878	55.0306993	11.3310159	0	0	0	0	3
180	339	0	1.3849971	101407.241	101384.069	101355.844	101407.878	52.0336054	11.3310159	0	0	0	0	3
181	340	0	1.39269153	101409.204	101384.89	101357.962	101409.204	51.2415858	11.3310159	0	0	0	0	3
182	342	0	1.40038596	101409.706	101385.686	101359.376	101409.706	50.3302513	11.3310159	0	0	0	0	3
183	345	0	1.40808039	101409.714	101386.46	101360.128	101409.714	49.5857811	11.3310159	0	0	0	0	3
184	347	0	1.41577481	101410.361	101387.233	101361.84	101410.361	48.5213976	11.3310159	0	0	0	0	3
185	348	0	1.42346924	101411.372	101387.995	101362.893	101411.372	48.4787668	11.3310159	0	0	0	0	3
186	350	0	1.43116367	101409.918	101388.718	101363.391	101411.372	47.98101	11.3310159	0	0	0	0	3
187	352	0	1.4388581	101410.24	101389.439	101366.185	101411.372	45.1871165	11.3310159	0	0	0	0	3
188	353	0	1.44655253	101410.926	101390.128	101367.152	101411.372	44.2197734	11.3310159	0	0	0	0	3
189	356	0	1.45424696	101409.462	101390.751	101367.152	101411.372	44.2197734	11.3310159	0	0	0	0	3
190	358	0	1.46194138	101409.349	101391.4	101367.852	101411.372	43.519415	11.3310159	0	0	0	0	3
191	360	0	1.46963581	101411.585	101392.073	101371.176	101411.585	40.4093768	11.3310159	0	0	0	0	3
192	361	0	1.47733024	101411.883	101392.699	101372.362	101411.883	39.5213531	11.3310159	0	0	0	0	3
193	363	0	1.48502467	101413.422	101393.318	101372.362	101413.422	41.0606488	11.3310159	0	0	0	0	3
194	365	0	1.4927191	101414.047	101393.959	101373.407	101414.047	40.6405124	11.3310159	0	0	0	0	3
195	367	0	1.50041353	101413.777	101394.58	101373.535	101414.047	40.5122029	11.3310159	0	0	0	0	3
196	368	0	1.50810795	101414.291	101395.206	101373.535	101414.291	40.7559542	11.3310159	0	0	0	0	3
197	371	0	1.51580238	101416.645	101395.869	101374.12	101416.645	42.524123	11.3310159	0	0	0	0	3
198	373	0	1.52349681	101418.234	101396.548	101374.68	101418.234	43.5535833	11.3310159	0	0	0	0	3
199	374	0	1.53119124	101417.837	101397.212	101376.46	101418.234	41.7737403	11.3310159	0	0	0	0	3
200	376	0	1.53888567	101418.271	101397.855	101377.049	101418.271	41.2221377	11.3310159	0	0	0	0	3
201	380	0	1.5465801	101418.403	101398.491	101378.964	101418.403	39.4397303	11.3310159	0	0	0	0	3
202	382	0	1.55427452	101420.942	101399.137	101378.964	101420.942	41.9788278	11.3310159	0	0	0	0	3
203	384	0	1.56196895	101421.504	101399.791	101379.054	101421.504	42.4505805	11.3310159	0	0	0	0	3
204	385	0	1.56966338	101421.366	101400.418	101379.054	101421.504	42.4505805	11.3310159	0	0	0	0	3
205	387	0	1.57735781	101421.256	101401.05	101379.054	101421.504	42.4505805	11.3310159	0	0	0	0	3
206	389	0	1.58505224	101423.671	101401.737	101379.318	101423.671	44.3531223	11.3310159	0	0	0	0	3
207	391	0	1.59274667	101424.549	101402.433	101381.06	101424.549	43.4881486	11.3310159	0	0	0	0	3
208	392	0	1.60044109	101425.226	101403.112	101381.644	101425.226	43.5818121	11.3310159	0	0	0	0	3
209	394	0	1.60813552	101424.308	101403.768	101382.242	101425.226	42.9843548	11.3310159	0	0	0	0	3
210	396	0	1.61582995	101426.439	101404.448	101384.178	101426.439	42.2607752	11.3310159	0	0	0	0	3
211	398	0	1.62352438	101428.371	101405.128	101384.982	101428.371	43.3891527	11.3310159	0	0	0	0	3
212	400	0	1.63121881	101428.622	101405.794	101384.982	101428.622	43.6400758	11.3310159	0	0	0	0	3
213	402	0	1.63891324	101429.837	101406.484	101385.225	101429.837	44.6127624	11.3310159	0	0	0	0	3
214	404	0	1.64660766	101430.019	101407.173	101385.994	101430.019	44.0250899	11.3310159	0	0	0	0	3
215	405	0	1.65430209	101430.239	101407.839	101385.994	101430.239	44.2449242	11.3310159	0	0	0	0	3
216	407	0	1.66199652	101429.943	101408.515	101387.286	101430.239	42.9528846	11.3310159	0	0	0	0	3
217	409	0	1.66969095	101430.21	101409.176	101389.097	101430.239	41.1420686	11.3310159	0	0	0	0	3
218	411	0	1.67738538	101430.984	101409.819	101389.097	101430.984	41.8865205	11.3310159	0	0	0	0	3
219	412	0	1.68507981	101431.178	101410.466	101389.313	101431.178	41.8643498	11.3310159	0	0	0	0	3
220	415	0	1.69277423	101431.43	101411.111	101389.313	101431.43	42.1172831	11.3310159	0	0	0	0	3
221	417	0	1.70046866	101431.6	101411.761	101390.38	101431.6	41.2201123	11.3310159	0	0	0	0	3
222	419	0	1.70816309	101432.113	101412.398	101390.38	101432.113	41.7327092	11.3310159	0	0	0	0	3
223	420	0	1.71585752	101432.965	101413.054	101391.233	101432.965	41.7321482	11.3310159	0	0	0	0	3
224	422	0	1.72355195	101432.546	101413.689	101392.235	101432.965	40.7303333	11.3310159	0	0	0	0	3
225	424	0	1.73124638	101433.133	101414.318	101393.455	101433.133	39.6777522	11.3310159	0	0	0	0	3
226	426	0	1.7389408	101433.305	101414.931	101393.455	101433.305	39.8502855	11.3310159	0	0	0	0	3
227	427	0	1.74663523	101434.976	101415.537	101393.455	101434.976	41.5212884	11.3310159	0	0	0	0	3
228	429	0	1.75432966	101434.722	101416.163	101393.455	101434.976	41.5212884	11.3310159	0	0	0	0	3
229	431	0	1.76202409	101435.509	101416.81	101394.435	101435.509	41.0736039	11.3310159	0	0	0	0	3
230	433	0	1.76971852	101436.461	101417.457	101395.125	101436.461	41.3354143	11.3310159	0	0	0	0	3
231	435	0	1.77741295	101434.76	101418.066	101396.091	101436.461	40.3698797	11.3310159	0	0	0	0	3
232	437	0	1.78510737	101435.148	101418.654	101396.091	101436.461	40.3698797	11.3310159	0	0	0	0	3
233	439	0	1.7928018	101437.416	101419.283	101396.091	101437.416	41.3249777	11.3310159	0	0	0	0	3
234	440	0	1.80049623	101436.83	101419.91	101397.525	101437.416	39.8907507	11.3310159	0	0	0	0	3
235	442	0	1.80819066	101435.082	101420.488	101398.504	101437.416	38.9115447	11.3310159	0	0	0	0	3
236	444	0	1.81588509	101436.795	101421.077	101399.477	101437.416	37.938711	11.3310159	0	0	0	0	3
237	445	0	1.82357952	101437.013	101421.654	101401.183	101437.416	36.232538	11.3310159	0	0	0	0	3
238	447	0	1.83127394	101437.142	101422.208	101402.337	101437.416	35.0790148	11.3310159	0	0	0	0	3
239	449	0	1.83896837	101437.961	101422.756	101402.576	101437.961	35.384489	11.3310159	0	0	0	0	3
240	451	0	1.8466628	101437.827	101423.298	101404.756	101437.961	33.2051435	11.3310159	0	0	0	0	3
241	452	0	1.85435723	101439.321	101423.83	101406.133	101439.321	33.1881348	11.3310159	0	0	0	0	3
242	454	0	1.86205166	101441.685	101424.377	101406.32	101441.685	35.3651165	11.3310159	0	0	0	0	3
243	456	0	1.86974609	101441.533	101424.919	101407.241	101441.685	34.4445983	11.3310159	0	0	0	0	3
244	458	0	1.87744051	101440.746	101425.424	101407.241	101441.685	34.4445983	11.3310159	0	0	0	0	3
245	460	0	1.88513494	101441.798	101425.956	101409.204	101441.798	32.5940747	11.3310159	0	0	0	0	3
246	462	0	1.89282937	101442.628	101426.47	101409.349	101442.628	33.27887	11.3310159	0	0	0	0	3
247	464	0	1.9005238	101444.126	101427	101409.349	101444.126	34.7761538	11.3310159	0	0	0	0	3
248	466	0	1.90821823	101445.691	101427.553	101409.349	101445.691	36.3415439	11.3310159	0	0	0	0	3
249	468	0	1.91591266	101444.501	101428.078	101409.349	101445.691	36.3415439	11.3310159	0	0	0	0	3
250	469	0	1.92360708	101446.231	101428.615	101409.349	101446.231	36.8812496	11.3310159	0	0	0	0	3
251	471	0	1.93130151	101446.779	101429.182	101409.349	101446.779	37.4298437	11.3310159	0	0	0	0	3
252	473	0	1.93899594	101447.999	101429.763	101409.349	101447.999	38.6500776	11.3310159	0	0	0	0	3
253	475	0	1.94669037	101448.441	101430.34	101409.349	101448.441	39.0913781	11.3310159	0	0	0	0	3
254	476	0	1.9543848	101449.274	101430.952	101409.349	101449.274	39.5525869	11.3310159	0	0	0	0	3
255	478	0	1.96207923	101448.739	101431.558	101411.585	101449.274	37.6884136	11.3310159	0	0	0	0	3
256	480	0	1.96977365	101448.997	101432.134	101411.883	101449.274	37.3909604	11.3310159	0	0	0	0	3
257	483	0	1.97746808	101448.925	101432.704	101413.422	101449.274	35.8516647	11.3310159	0	0	0	0	3
258	484	0	1.98516251	101448.445	101433.243	101413.777	101449.274	35.4973171	11.3310159	0	0	0	0	3
259	486	0	1.99285694	101449.483	101433.788	101413.777	101449.483	35.7061899	11.3310159	0	0	0	0	3
260	488	0	2.00055137	101449.673	101434.34	101414.291	101449.673	35.3815986	11.3310159	0	0	0	0	3
261	490	0	2.0082458	101449.433	101434.881	101416.645	101449.673	33.0280597	11.3310159	0	0	0	0	3
262	491	0	2.01594022	101448.927	101435.377	101417.837	101449.673	31.8359382	11.3310159	0	0	0	0	3
263	493	0	2.02363465	101449.237	101435.854	101417.837	101449.673	31.8359382	11.3310159	0	0	0	0	3
264	495	0	2.03132908	101449.525	101436.342	101418.271	101449.673	31.4015992	11.3310159	0	0	0	0	3
265	497	0	2.03902351	101449.52	101436.822	101418.403	101449.673	31.2692591	11.3310159	0	0	0	0	3
266	499	0	2.04671794	101449.501	101437.301	101420.942	101449.673	28.7301616	11.3310159	0	0	0	0	3
267	500	0	2.05441237	101447.486	101437.709	101421.256	101449.673	28.4170746	11.3310159	0	0	0	0	3
268	502	0	2.06210679	101449.685	101438.143	101421.256	101449.685	28.4298845	11.3310159	0	0	0	0	3
269	504	0	2.06980122	101450.459	101438.59	101421.256	101450.459	29.2031883	11.3310159	0	0	0	0	3
270	506	0	2.07749565	101449.655	101439.027	101423.671	101450.459	26.7873325	11.3310159	0	0	0	0	3
271	508	0	2.08519008	101448.936	101439.416	101424.308	101450.459	26.151031	11.3310159	0	0	0	0	3
272	510	0	2.09288451	101448.639	101439.787	101424.308	101450.459	26.151031	11.3310159	0	0	0	0	3
273	511	0	2.10057894	101448.165	101440.14	101424.308	101450.459	26.151031	11.3310159	0	0	0	0	3
274	513	0	2.10827336	101449.933	101440.534	101426.439	101450.459	24.0199374	11.3310159	0	0	0	0	3
275	515	0	2.11596779	101451.039	101440.912	101428.371	101451.039	22.6676837	11.3310159	0	0	0	0	3
276	517	0	2.12366222	101450.049	101441.246	101428.622	101451.039	22.4167607	11.3310159	0	0	0	0	3
277	518	0	2.13135665	101448.206	101441.547	101429.837	101451.039	21.2017637	11.3310159	0	0	0	0	3
278	520	0	2.13905108	101449.798	101441.854	101429.943	101451.039	21.0957658	11.3310159	0	0	0	0	3
279	522	0	2.14674551	101451.407	101442.183	101429.943	101451.407	21.463981	11.3310159	0	0	0	0	3
280	524	0	2.15443993	101453.637	101442.543	101429.943	101453.637	23.6936463	11.3310159	0	0	0	0	3
281	526	0	2.16213436	101452.523	101442.89	101430.21	101453.637	23.4270512	11.3310159	0	0	0	0	3
282	527	0	2.16982879	101450.199	101443.198	101430.984	101453.637	22.6534244	11.3310159	0	0	0	0	3
283	529	0	2.17752322	101451.38	101443.512	101431.178	101453.637	22.4594974	11.3310159	0	0	0	0	3
284	531	0	2.18521765	101451.91	101443.831	101431.43	101453.637	22.2065641	11.3310159	0	0	0	0	3
285	533	0	2.19291208	101452.935	101444.162	101431.6	101453.637	22.0370411	11.3310159	0	0	0	0	3
286	535	0	2.2006065	101452.643	101444.485	101432.113	101453.637	21.5244442	11.3310159	0	0	0	0	3
287	536	0	2.20830093	101451.503	101444.784	101432.546	101453.637	21.0913602	11.3310159	0	0	0	0	3
288	538	0	2.21599536	101452.107	101445.078	101432.546	101453.637	21.0913602	11.3310159	0	0	0	0	3
289	540	0	2.22368979	101452.005	101445.378	101433.133	101453.637	20.5042517	11.3310159	0	0	0	0	3
290	542	0	2.23138422	101453.21	101445.686	101433.305	101453.637	20.3317185	11.3310159	0	0	0	0	3
291	544	0	2.23907865	101452.369	101445.98	101434.722	101453.637	18.9146892	11.3310159	0	0	0	0	3
292	546	0	2.24677307	101454.599	101446.282	101434.722	101454.599	19.8764122	11.3310159	0	0	0	0	3
293	547	0	2.2544675	101454.972	101446.593	101434.76	101454.972	20.2118915	11.3310159	0	0	0	0	3
294	549	0	2.26216193	101453.15	101446.865	101434.76	101454.972	20.2118915	11.3310159	0	0	0	0	3
295	551	0	2.26985636	101451.886	101447.102	101434.76	101454.972	20.2118915	11.3310159	0	0	0	0	3
296	553	0	2.27755079	101452.751	101447.379	101435.082	101454.972	19.890038	11.3310159	0	0	0	0	3
297	554	0	2.28524522	101453.141	101447.655	101435.082	101454.972	19.890038	11.3310159	0	0	0	0	3
298	556	0	2.29293964	101453.567	101447.904	101435.082	101454.972	19.890038	11.3310159	0	0	0	0	3
299	558	0	2.30063407	101454.159	101448.17	101435.082	101454.972	19.890038	11.3310159	0	0	0	0	3
300	560	0	2.3083285	101453.589	101448.455	101436.795	101454.972	18.1767321	11.3310159	0	0	0	0	3
301	564	0	2.31602293	101454.616	101448.729	101437.013	101454.972	17.9587327	11.3310159	0	0	0	0	3
302	566	0	2.32371736	101456.248	101449.025	101437.142	101456.248	19.106425	11.3310159	0	0	0	0	3
303	567	0	2.33141179	101455.608	101449.309	101437.827	101456.248	18.4211075	11.3310159	0	0	0	0	3
304	569	0	2.33910621	101455.144	101449.574	101437.827	101456.248	18.4211075	11.3310159	0	0	0	0	3
305	571	0	2.34680064	101455.542	101449.846	101439.321	101456.248	16.9269326	11.3310159	0	0	0	0	3
306	573	0	2.35449507	101455.903	101450.101	101440.746	101456.248	15.5016146	11.3310159	0	0	0	0	3
307	575	0	2.3621895	101455.891	101450.32	101440.746	101456.248	15.5016146	11.3310159	0	0	0	0	3
308	577	0	2.36988393	101455.411	101450.533	101440.746	101456.248	15.5016146	11.3310159	0	0	0	0	3
309	578	0	2.37757836	101455.131	101450.755	101441.798	101456.248	14.4499202	11.3310159	0	0	0	0	3
310	580	0	2.38527278	101457.789	101451.001	101442.628	101457.789	15.1609059	11.3310159	0	0	0	0	3
311	582	0	2.39296721	101459.875	101451.266	101444.126	101459.875	15.7490245	11.3310159	0	0	0	0	3
312	584	0	2.40066164	101460.881	101451.524	101444.501	101460.881	16.3799128	11.3310159	0	0	0	0	3
313	586	0	2.40835607	101458.993	101451.729	101444.501	101460.881	16.3799128	11.3310159	0	0	0	0	3
314	587	0	2.4160505	101457.886	101451.934	101446.231	101460.881	14.6503127	11.3310159	0	0	0	0	3
315	589	0	2.42374493	101456.951	101452.099	101446.779	101460.881	14.1017186	11.3310159	0	0	0	0	3
