Iteration	CPUTime	PhysTime	Travels
1	13	0	0.00720309122
2	15	0	0.0144061824
3	17	0	0.0216092737
4	19	0	0.0288123649
5	20	0	0.0360154561
6	22	0	0.0432185473
7	24	0	0.0504216385
8	26	0	0.0576247297
9	27	0	0.064827821
10	29	0	0.0720309122
11	31	0	0.0792340034
12	33	0	0.0864370946
13	35	0	0.0936401858
14	37	0	0.100843277
15	39	0	0.108046368
16	41	0	0.115249459
17	43	0	0.122452551
18	45	0	0.129655642
19	47	0	0.136858733
20	49	0	0.144061824
21	51	0	0.151264916
22	53	0	0.158468007
23	55	0	0.165671098
24	57	0	0.172874189
25	59	0	0.18007728
26	61	0	0.187280372
27	63	0	0.194483463
28	65	0	0.201686554
29	67	0	0.208889645
30	69	0	0.216092737
31	72	0	0.223295828
32	74	0	0.230498919
33	76	0	0.23770201
34	78	0	0.244905101
35	80	0	0.252108193
36	83	0	0.259311284
37	85	0	0.266514375
38	87	0	0.273717466
39	89	0	0.280920557
40	91	0	0.288123649
41	94	0	0.29532674
42	96	0	0.302529831
43	98	0	0.309732922
44	100	0	0.316936014
45	103	0	0.324139105
46	105	0	0.331342196
47	107	0	0.338545287
48	110	0	0.345748378
49	112	0	0.35295147
50	114	0	0.360154561
51	116	0	0.367357652
52	118	0	0.374560743
53	121	0	0.381763835
54	123	0	0.388966926
55	125	0	0.396170017
56	127	0	0.403373108
57	129	0	0.410576199
58	132	0	0.417779291
59	134	0	0.424982382
60	136	0	0.432185473
61	138	0	0.439388564
62	141	0	0.446591655
63	143	0	0.453794747
64	145	0	0.460997838
65	147	0	0.468200929
66	149	0	0.47540402
67	152	0	0.482607112
68	154	0	0.489810203
69	156	0	0.497013294
70	158	0	0.504216385
71	160	0	0.511419476
72	162	0	0.518622568
73	164	0	0.525825659
74	167	0	0.53302875
75	169	0	0.540231841
76	171	0	0.547434933
77	173	0	0.554638024
78	175	0	0.561841115
79	177	0	0.569044206
80	179	0	0.576247297
81	182	0	0.583450389
82	184	0	0.59065348
83	186	0	0.597856571
84	188	0	0.605059662
85	190	0	0.612262754
86	192	0	0.619465845
87	194	0	0.626668936
88	197	0	0.633872027
89	199	0	0.641075118
90	201	0	0.64827821
91	203	0	0.655481301
92	205	0	0.662684392
93	208	0	0.669887483
94	210	0	0.677090574
95	212	0	0.684293666
96	214	0	0.691496757
97	216	0	0.698699848
98	218	0	0.705902939
99	220	0	0.713106031
100	223	0	0.720309122
101	227	0	0.727512213
102	230	0	0.734715304
103	232	0	0.741918395
104	234	0	0.749121487
105	236	0	0.756324578
106	238	0	0.763527669
107	240	0	0.77073076
108	242	0	0.777933852
109	244	0	0.785136943
110	246	0	0.792340034
111	249	0	0.799543125
112	251	0	0.806746216
113	253	0	0.813949308
114	255	0	0.821152399
115	257	0	0.82835549
116	259	0	0.835558581
117	261	0	0.842761672
118	263	0	0.849964764
119	265	0	0.857167855
120	268	0	0.864370946
121	270	0	0.871574037
122	272	0	0.878777129
123	274	0	0.88598022
124	276	0	0.893183311
125	278	0	0.900386402
126	280	0	0.907589493
127	282	0	0.914792585
128	285	0	0.921995676
129	287	0	0.929198767
130	289	0	0.936401858
131	291	0	0.94360495
132	293	0	0.950808041
133	295	0	0.958011132
134	298	0	0.965214223
135	300	0	0.972417314
136	302	0	0.979620406
137	304	0	0.986823497
138	306	0	0.994026588
139	308	0	1.00122968
140	310	0	1.00843277
141	312	0	1.01563586
142	314	0	1.02283895
143	316	0	1.03004204
144	318	0	1.03724514
145	320	0	1.04444823
146	322	0	1.05165132
147	325	0	1.05885441
148	327	0	1.0660575
149	329	0	1.07326059
150	331	0	1.08046368
151	333	0	1.08766677
152	335	0	1.09486987
153	337	0	1.10207296
154	339	0	1.10927605
155	341	0	1.11647914
156	343	0	1.12368223
157	345	0	1.13088532
158	347	0	1.13808841
159	349	0	1.1452915
160	351	0	1.15249459
161	353	0	1.15969769
162	356	0	1.16690078
163	358	0	1.17410387
164	360	0	1.18130696
165	362	0	1.18851005
166	365	0	1.19571314
167	367	0	1.20291623
168	369	0	1.21011932
169	371	0	1.21732242
170	373	0	1.22452551
171	375	0	1.2317286
172	377	0	1.23893169
173	379	0	1.24613478
174	381	0	1.25333787
175	383	0	1.26054096
176	386	0	1.26774405
177	388	0	1.27494715
178	390	0	1.28215024
179	392	0	1.28935333
180	394	0	1.29655642
181	397	0	1.30375951
182	399	0	1.3109626
183	401	0	1.31816569
184	403	0	1.32536878
185	405	0	1.33257188
186	408	0	1.33977497
187	410	0	1.34697806
188	413	0	1.35418115
189	415	0	1.36138424
190	417	0	1.36858733
191	419	0	1.37579042
192	421	0	1.38299351
193	423	0	1.39019661
194	425	0	1.3973997
195	428	0	1.40460279
196	430	0	1.41180588
197	432	0	1.41900897
198	434	0	1.42621206
199	436	0	1.43341515
200	439	0	1.44061824
201	444	0	1.44782133
202	446	0	1.45502443
203	448	0	1.46222752
204	450	0	1.46943061
205	452	0	1.4766337
206	454	0	1.48383679
207	456	0	1.49103988
208	458	0	1.49824297
209	460	0	1.50544606
210	462	0	1.51264916
211	464	0	1.51985225
212	466	0	1.52705534
213	469	0	1.53425843
214	471	0	1.54146152
215	473	0	1.54866461
216	476	0	1.5558677
217	478	0	1.56307079
218	480	0	1.57027389
219	482	0	1.57747698
220	485	0	1.58468007
221	487	0	1.59188316
222	489	0	1.59908625
223	491	0	1.60628934
224	493	0	1.61349243
225	496	0	1.62069552
226	498	0	1.62789862
227	500	0	1.63510171
228	502	0	1.6423048
229	504	0	1.64950789
230	506	0	1.65671098
231	509	0	1.66391407
232	511	0	1.67111716
233	513	0	1.67832025
234	516	0	1.68552334
235	518	0	1.69272644
236	520	0	1.69992953
237	522	0	1.70713262
238	524	0	1.71433571
239	526	0	1.7215388
240	528	0	1.72874189
241	531	0	1.73594498
242	534	0	1.74314807
243	536	0	1.75035117
244	538	0	1.75755426
245	540	0	1.76475735
246	543	0	1.77196044
247	545	0	1.77916353
248	547	0	1.78636662
249	549	0	1.79356971
250	552	0	1.8007728
251	554	0	1.8079759
252	556	0	1.81517899
253	558	0	1.82238208
254	560	0	1.82958517
255	563	0	1.83678826
256	565	0	1.84399135
257	567	0	1.85119444
258	569	0	1.85839753
259	571	0	1.86560063
260	573	0	1.87280372
261	575	0	1.88000681
262	578	0	1.8872099
263	580	0	1.89441299
264	583	0	1.90161608
265	585	0	1.90881917
266	587	0	1.91602226
267	590	0	1.92322536
268	592	0	1.93042845
269	594	0	1.93763154
270	596	0	1.94483463
271	598	0	1.95203772
272	601	0	1.95924081
273	603	0	1.9664439
274	605	0	1.97364699
275	607	0	1.98085008
276	609	0	1.98805318
277	611	0	1.99525627
278	613	0	2.00245936
279	616	0	2.00966245
280	618	0	2.01686554
281	620	0	2.02406863
282	622	0	2.03127172
283	624	0	2.03847481
284	627	0	2.04567791
285	629	0	2.052881
286	632	0	2.06008409
287	634	0	2.06728718
288	637	0	2.07449027
289	639	0	2.08169336
290	641	0	2.08889645
291	643	0	2.09609954
292	645	0	2.10330264
293	647	0	2.11050573
294	650	0	2.11770882
295	652	0	2.12491191
296	654	0	2.132115
297	656	0	2.13931809
298	658	0	2.14652118
299	660	0	2.15372427
300	663	0	2.16092737
301	668	0	2.16813046
302	670	0	2.17533355
303	672	0	2.18253664
304	674	0	2.18973973
305	676	0	2.19694282
306	678	0	2.20414591
307	680	0	2.211349
308	682	0	2.2185521
309	684	0	2.22575519
310	686	0	2.23295828
311	689	0	2.24016137
312	691	0	2.24736446
313	693	0	2.25456755
314	695	0	2.26177064
315	697	0	2.26897373
316	700	0	2.27617682
317	702	0	2.28337992
318	704	0	2.29058301
319	707	0	2.2977861
320	709	0	2.30498919
321	712	0	2.31219228
322	714	0	2.31939537
323	716	0	2.32659846
324	718	0	2.33380155
325	721	0	2.34100465
326	723	0	2.34820774
327	725	0	2.35541083
328	727	0	2.36261392
329	729	0	2.36981701
330	732	0	2.3770201
331	734	0	2.38422319
332	736	0	2.39142628
333	738	0	2.39862938
334	740	0	2.40583247
335	742	0	2.41303556
336	744	0	2.42023865
337	747	0	2.42744174
338	749	0	2.43464483
339	752	0	2.44184792
340	754	0	2.44905101
341	756	0	2.45625411
342	758	0	2.4634572
343	760	0	2.47066029
344	762	0	2.47786338
345	765	0	2.48506647
346	767	0	2.49226956
347	770	0	2.49947265
348	772	0	2.50667574
349	774	0	2.51387883
350	777	0	2.52108193
351	779	0	2.52828502
352	781	0	2.53548811
353	783	0	2.5426912
354	785	0	2.54989429
355	787	0	2.55709738
356	791	0	2.56430047
357	793	0	2.57150356
358	795	0	2.57870666
359	797	0	2.58590975
360	800	0	2.59311284
361	802	0	2.60031593
362	804	0	2.60751902
363	806	0	2.61472211
364	808	0	2.6219252
365	810	0	2.62912829
366	812	0	2.63633139
367	814	0	2.64353448
368	817	0	2.65073757
369	819	0	2.65794066
370	822	0	2.66514375
371	824	0	2.67234684
372	826	0	2.67954993
373	828	0	2.68675302
374	830	0	2.69395612
375	832	0	2.70115921
376	834	0	2.7083623
377	837	0	2.71556539
378	839	0	2.72276848
379	842	0	2.72997157
380	845	0	2.73717466
381	847	0	2.74437775
382	849	0	2.75158085
383	851	0	2.75878394
384	854	0	2.76598703
385	856	0	2.77319012
386	858	0	2.78039321
387	860	0	2.7875963
388	862	0	2.79479939
389	864	0	2.80200248
390	867	0	2.80920557
391	869	0	2.81640867
392	871	0	2.82361176
393	873	0	2.83081485
394	876	0	2.83801794
395	878	0	2.84522103
