Iteration	CPUTime	PhysTime	Travels	Value	AvValue	MinValue	MaxValue	Delta	Criteria	PrevAvRefValue	Progress	CriteriaType	CriteriaVarType	CriteriaPercentage
1	13	0	0.00720309122	2.86244119	2.86244119	2.86244119	2.86244119	0	0	0	0	0	0	3
2	15	0	0.0144061824	2.80294888	2.83269504	2.80294888	2.86244119	0.029746154	0	0	0	0	0	3
3	17	0	0.0216092737	2.74567396	2.80368801	2.74567396	2.86244119	0.0587531791	0	0	0	0	0	3
4	19	0	0.0288123649	2.69449492	2.77638974	2.69449492	2.86244119	0.0860514519	0	0	0	0	0	3
5	20	0	0.0360154561	2.64171487	2.74945476	2.64171487	2.86244119	0.112986425	0	0	0	0	0	3
6	22	0	0.0432185473	2.56366697	2.71849013	2.56366697	2.86244119	0.143951057	0	0	0	0	0	3
7	24	0	0.0504216385	2.48216131	2.68472887	2.48216131	2.86244119	0.177712317	0	0	0	0	0	3
8	26	0	0.0576247297	2.4037888	2.64961136	2.4037888	2.86244119	0.212829826	0	0	0	0	0	3
9	27	0	0.064827821	2.3285535	2.61393827	2.3285535	2.86244119	0.248502923	0	0	0	0	0	3
10	29	0	0.0720309122	2.25695412	2.57823985	2.25695412	2.86244119	0.284201338	0	0	0	0	0	3
11	31	0	0.0792340034	2.15994932	2.54021344	2.15994932	2.86244119	0.32222775	0	0	0	0	0	3
12	33	0	0.0864370946	2.07372694	2.50133956	2.07372694	2.86244119	0.361101625	0	0	0	0	0	3
13	35	0	0.0936401858	1.99600309	2.46246753	1.99600309	2.86244119	0.399973662	0	0	0	0	0	3
14	37	0	0.100843277	1.92659221	2.42419072	1.92659221	2.86244119	0.43825047	0	0	0	0	0	3
15	39	0	0.108046368	1.86538645	2.3869371	1.86538645	2.86244119	0.475504088	0	0	0	0	0	3
16	41	0	0.115249459	1.78886013	2.34955729	1.78886013	2.86244119	0.512883899	0	0	0	0	0	3
17	43	0	0.122452551	1.72575173	2.31286285	1.72575173	2.86244119	0.549578344	0	0	0	0	0	3
18	45	0	0.129655642	1.67293664	2.27731139	1.67293664	2.86244119	0.5851298	0	0	0	0	0	3
19	47	0	0.136858733	1.63561218	2.24353775	1.63561218	2.86244119	0.618903442	0	0	0	0	0	3
20	49	0	0.144061824	1.61475844	2.21209878	1.61475844	2.86244119	0.650342408	0	0	0	0	0	3
21	51	0	0.151264916	1.58724085	2.18234364	1.58724085	2.86244119	0.680097547	0	0	0	0	0	3
22	53	0	0.158468007	1.56183788	2.15413883	1.56183788	2.86244119	0.708302355	0	0	0	0	0	3
23	55	0	0.165671098	1.55474665	2.1280783	1.55474665	2.86244119	0.734362884	0	0	0	0	0	3
24	57	0	0.172874189	1.58729815	2.1055458	1.55474665	2.86244119	0.756895391	0	0	0	0	0	3
25	59	0	0.18007728	1.61469389	2.08591172	1.55474665	2.86244119	0.776529467	0	0	0	0	0	3
26	61	0	0.187280372	1.62077591	2.06802188	1.55474665	2.86244119	0.794419306	0	0	0	0	0	3
27	63	0	0.194483463	1.59798763	2.05061321	1.55474665	2.86244119	0.811827982	0	0	0	0	0	3
28	65	0	0.201686554	1.58656804	2.03404017	1.55474665	2.86244119	0.828401024	0	0	0	0	0	3
29	67	0	0.208889645	1.56952733	2.01802248	1.55474665	2.86244119	0.844418708	0	0	0	0	0	3
30	69	0	0.216092737	1.54094825	2.00212001	1.54094825	2.86244119	0.860321182	0	0	0	0	0	3
31	72	0	0.223295828	1.49292044	1.98569421	1.49292044	2.86244119	0.876746975	0	0	0	0	0	3
32	74	0	0.230498919	1.46790671	1.96951335	1.46790671	2.86244119	0.892927834	0	0	0	0	0	3
33	76	0	0.23770201	1.47633128	1.95456844	1.46790671	2.86244119	0.907872746	0	0	0	0	0	3
34	78	0	0.244905101	1.48051493	1.94062569	1.46790671	2.86244119	0.921815496	0	0	0	0	0	3
35	80	0	0.252108193	1.48377187	1.92757273	1.46790671	2.86244119	0.934868462	0	0	0	0	0	3
36	83	0	0.259311284	1.4842271	1.91525757	1.46790671	2.86244119	0.947183619	0	0	0	0	0	3
37	85	0	0.266514375	1.4844989	1.90361544	1.46790671	2.86244119	0.958825745	0	0	0	0	0	3
38	87	0	0.273717466	1.48599898	1.89262554	1.46790671	2.86244119	0.969815652	0	0	0	0	0	3
39	89	0	0.280920557	1.48738967	1.88223487	1.46790671	2.86244119	0.980206315	0	0	0	0	0	3
40	91	0	0.288123649	1.487131	1.87235728	1.46790671	2.86244119	0.990083912	0	0	0	0	0	3
41	94	0	0.29532674	1.48784212	1.86297886	1.46790671	2.86244119	0.99946233	0	0	0	0	0	3
42	96	0	0.302529831	1.48750798	1.85403908	1.46790671	2.86244119	1.00840211	0	0	0	0	0	3
43	98	0	0.309732922	1.48810435	1.84552897	1.46790671	2.86244119	1.01691222	0	0	0	0	0	3
44	100	0	0.316936014	1.48819206	1.83740767	1.46790671	2.86244119	1.02503352	0	0	0	0	0	3
45	103	0	0.324139105	1.48891163	1.82966332	1.46790671	2.86244119	1.03277787	0	0	0	0	0	3
46	105	0	0.331342196	1.48916868	1.82226126	1.46790671	2.86244119	1.04017993	0	0	0	0	0	3
47	107	0	0.338545287	1.48977153	1.81518701	1.46790671	2.86244119	1.04725418	0	0	0	0	0	3
48	110	0	0.345748378	1.49005535	1.80841343	1.46790671	2.86244119	1.05402776	0	0	0	0	0	3
49	112	0	0.35295147	1.49058203	1.80192708	1.46790671	2.86244119	1.06051411	0	0	0	0	0	3
50	114	0	0.360154561	1.49083121	1.79570516	1.46790671	2.86244119	1.06673603	0	0	0	0	0	3
51	116	0	0.367357652	1.49142389	1.78973886	1.46790671	2.86244119	1.07270233	0	0	0	0	0	3
52	118	0	0.374560743	1.49186574	1.78401053	1.46790671	2.86244119	1.07843066	0	0	0	0	0	3
53	121	0	0.381763835	1.49237732	1.77850802	1.46790671	2.86244119	1.08393317	0	0	0	0	0	3
54	123	0	0.388966926	1.49312426	1.77322313	1.46790671	2.86244119	1.08921805	0	0	0	0	0	3
55	125	0	0.396170017	1.49360778	1.76813922	1.46790671	2.86244119	1.09430197	0	0	0	0	0	3
56	127	0	0.403373108	1.49411329	1.7632459	1.46790671	2.86244119	1.09919529	0	0	0	0	0	3
57	129	0	0.410576199	1.49468625	1.75853433	1.46790671	2.86244119	1.10390686	0	0	0	0	0	3
58	132	0	0.417779291	1.49525514	1.75399503	1.46790671	2.86244119	1.10844616	0	0	0	0	0	3
59	134	0	0.424982382	1.49588188	1.74962023	1.46790671	2.86244119	1.11282096	0	0	0	0	0	3
60	136	0	0.432185473	1.49647897	1.74540121	1.46790671	2.86244119	1.11703998	0	0	0	0	0	3
61	138	0	0.439388564	1.49733785	1.7413346	1.46790671	2.86244119	1.12110659	0	0	0	0	0	3
62	141	0	0.446591655	1.49806215	1.73741085	1.46790671	2.86244119	1.12503034	0	0	0	0	0	3
63	143	0	0.453794747	1.49918216	1.73362944	1.46790671	2.86244119	1.12881175	0	0	0	0	0	3
64	145	0	0.460997838	1.49993003	1.72997789	1.46790671	2.86244119	1.1324633	0	0	0	0	0	3
65	147	0	0.468200929	1.50131011	1.72645992	1.46790671	2.86244119	1.13598127	0	0	0	0	0	3
66	149	0	0.47540402	1.5020066	1.72305911	1.46790671	2.86244119	1.13938208	0	0	0	0	0	3
67	152	0	0.482607112	1.50344912	1.71978135	1.46790671	2.86244119	1.14265984	0	0	0	0	0	3
68	154	0	0.489810203	1.50429999	1.71661251	1.46790671	2.86244119	1.14582868	0	0	0	0	0	3
69	156	0	0.497013294	1.50586589	1.71355821	1.46790671	2.86244119	1.14888298	0	0	0	0	0	3
70	158	0	0.504216385	1.50715543	1.7106096	1.46790671	2.86244119	1.15183159	0	0	0	0	0	3
71	160	0	0.511419476	1.50868278	1.69127019	1.46790671	2.80294888	1.14142484	0	0	0	0	0	3
72	162	0	0.518622568	1.51028339	1.67280354	1.46790671	2.74567396	1.13088447	0	0	0	0	0	3
73	164	0	0.525825659	1.51163113	1.65517436	1.46790671	2.69449492	1.12121538	0	0	0	0	0	3
74	167	0	0.53302875	1.51297381	1.63829549	1.46790671	2.64171487	1.11115928	0	0	0	0	0	3
75	169	0	0.540231841	1.51418923	1.62218798	1.46790671	2.56366697	1.09576026	0	0	0	0	0	3
76	171	0	0.547434933	1.51541093	1.60721289	1.46790671	2.48216131	1.0142546	0	0	0	0	0	3
77	173	0	0.554638024	1.51644053	1.59341688	1.46790671	2.4037888	0.935882084	0	0	0	0	0	3
78	175	0	0.561841115	1.51743498	1.58075468	1.46790671	2.3285535	0.860646783	0	0	0	0	0	3
79	177	0	0.569044206	1.51829444	1.56917955	1.46790671	2.25695412	0.789047402	0	0	0	0	0	3
80	179	0	0.576247297	1.51920821	1.55864033	1.46790671	2.15994932	0.692042605	0	0	0	0	0	3
81	182	0	0.583450389	1.51979814	1.54949531	1.46790671	2.07372694	0.605820225	0	0	0	0	0	3
82	184	0	0.59065348	1.52053255	1.54159253	1.46790671	1.99600309	0.528096376	0	0	0	0	0	3
83	186	0	0.597856571	1.52118835	1.53480946	1.46790671	1.92659221	0.458685502	0	0	0	0	0	3
84	188	0	0.605059662	1.52198315	1.52902933	1.46790671	1.86538645	0.397479733	0	0	0	0	0	3
85	190	0	0.612262754	1.52279344	1.52413515	1.46790671	1.78886013	0.320953415	0	0	0	0	0	3
86	192	0	0.619465845	1.52379419	1.52034849	1.46790671	1.72575173	0.257845012	0	0	0	0	0	3
87	194	0	0.626668936	1.52479666	1.51747771	1.46790671	1.67293664	0.205029931	0	0	0	0	0	3
88	197	0	0.633872027	1.52573447	1.51537482	1.46790671	1.63561218	0.167705465	0	0	0	0	0	3
89	199	0	0.641075118	1.52654007	1.51381664	1.46790671	1.62077591	0.152869195	0	0	0	0	0	3
90	201	0	0.64827821	1.52776531	1.51257389	1.46790671	1.62077591	0.152869195	0	0	0	0	0	3
91	203	0	0.655481301	1.52820064	1.51173045	1.46790671	1.62077591	0.152869195	0	0	0	0	0	3
92	205	0	0.662684392	1.52974953	1.51127205	1.46790671	1.62077591	0.152869195	0	0	0	0	0	3
93	208	0	0.669887483	1.5303806	1.51092396	1.46790671	1.62077591	0.152869195	0	0	0	0	0	3
94	210	0	0.677090574	1.53146361	1.51012633	1.46790671	1.62077591	0.152869195	0	0	0	0	0	3
95	212	0	0.684293666	1.53144354	1.50893704	1.46790671	1.62077591	0.152869195	0	0	0	0	0	3
96	214	0	0.691496757	1.53335595	1.50768818	1.46790671	1.59798763	0.130080914	0	0	0	0	0	3
97	216	0	0.698699848	1.53294595	1.50675901	1.46790671	1.58656804	0.118661329	0	0	0	0	0	3
98	218	0	0.705902939	1.53445549	1.50601455	1.46790671	1.56952733	0.101620613	0	0	0	0	0	3
99	220	0	0.713106031	1.53380204	1.50550419	1.46790671	1.54094825	0.073041537	0	0	0	0	0	3
100	223	0	0.720309122	1.53532887	1.50542391	1.46790671	1.53532887	0.0674221525	0	0	0	0	0	3
101	227	0	0.727512213	1.5344396	1.50601704	1.46790671	1.53532887	0.0674221525	0	0	0	0	0	3
102	230	0	0.734715304	1.53630843	1.50699421	1.47633128	1.53630843	0.0599771499	0	0	0	0	0	3
103	232	0	0.741918395	1.53534122	1.50783721	1.48051493	1.53630843	0.0557935002	0	0	0	0	0	3
104	234	0	0.749121487	1.53679776	1.50864125	1.48377187	1.53679776	0.053025888	0	0	0	0	0	3
105	236	0	0.756324578	1.53735417	1.50940671	1.4842271	1.53735417	0.0531270677	0	0	0	0	0	3
106	238	0	0.763527669	1.53614118	1.51014834	1.4844989	1.53735417	0.0528552678	0	0	0	0	0	3
107	240	0	0.77073076	1.53708119	1.51089951	1.48599898	1.53735417	0.0513551843	0	0	0	0	0	3
108	242	0	0.777933852	1.5364539	1.5116203	1.487131	1.53735417	0.0502231648	0	0	0	0	0	3
109	244	0	0.785136943	1.53771962	1.5123393	1.487131	1.53771962	0.0505886185	0	0	0	0	0	3
110	246	0	0.792340034	1.53640868	1.51304326	1.48750798	1.53771962	0.0502116356	0	0	0	0	0	3
111	249	0	0.799543125	1.53801223	1.51375998	1.48750798	1.53801223	0.0505042438	0	0	0	0	0	3
112	251	0	0.806746216	1.53736305	1.5144722	1.48810435	1.53801223	0.0499078744	0	0	0	0	0	3
113	253	0	0.813949308	1.53826501	1.51518878	1.48819206	1.53826501	0.0500729545	0	0	0	0	0	3
114	255	0	0.821152399	1.53816534	1.51590268	1.48891163	1.53826501	0.0493533798	0	0	0	0	0	3
115	257	0	0.82835549	1.53864384	1.51661314	1.48916868	1.53864384	0.0494751553	0	0	0	0	0	3
116	259	0	0.835558581	1.5383817	1.51731618	1.48977153	1.53864384	0.0488723103	0	0	0	0	0	3
117	261	0	0.842761672	1.53907551	1.51802053	1.49005535	1.53907551	0.049020156	0	0	0	0	0	3
118	263	0	0.849964764	1.53880305	1.51871692	1.49058203	1.53907551	0.0484934819	0	0	0	0	0	3
119	265	0	0.857167855	1.53974215	1.51941921	1.49083121	1.53974215	0.0489109327	0	0	0	0	0	3
120	268	0	0.864370946	1.53882746	1.52010487	1.49142389	1.53974215	0.0483182543	0	0	0	0	0	3
121	270	0	0.871574037	1.54046252	1.52080542	1.49186574	1.54046252	0.0485967873	0	0	0	0	0	3
122	272	0	0.878777129	1.5402981	1.52149731	1.49237732	1.54046252	0.0480852085	0	0	0	0	0	3
123	274	0	0.88598022	1.54110718	1.52219345	1.49312426	1.54110718	0.0479829168	0	0	0	0	0	3
124	276	0	0.893183311	1.54121295	1.52288043	1.49360778	1.54121295	0.0476051692	0	0	0	0	0	3
125	278	0	0.900386402	1.54203469	1.52357225	1.49411329	1.54203469	0.047921403	0	0	0	0	0	3
126	280	0	0.907589493	1.54113043	1.52424392	1.49468625	1.54203469	0.0473484432	0	0	0	0	0	3
127	282	0	0.914792585	1.54286519	1.52493219	1.49525514	1.54286519	0.0476100473	0	0	0	0	0	3
128	285	0	0.921995676	1.54237089	1.52560527	1.49588188	1.54286519	0.0469833084	0	0	0	0	0	3
129	287	0	0.929198767	1.54333852	1.52628323	1.49647897	1.54333852	0.0468595497	0	0	0	0	0	3
130	289	0	0.936401858	1.54275839	1.52694436	1.49733785	1.54333852	0.0460006673	0	0	0	0	0	3
131	291	0	0.94360495	1.54423227	1.52761428	1.49806215	1.54423227	0.0461701212	0	0	0	0	0	3
132	293	0	0.950808041	1.54400988	1.52827068	1.49918216	1.54423227	0.0450501039	0	0	0	0	0	3
133	295	0	0.958011132	1.54515992	1.5289275	1.49993003	1.54515992	0.0452298845	0	0	0	0	0	3
134	298	0	0.965214223	1.54460426	1.52956571	1.50131011	1.54515992	0.0438498097	0	0	0	0	0	3
135	300	0	0.972417314	1.54570904	1.53019998	1.5020066	1.54570904	0.0437024376	0	0	0	0	0	3
136	302	0	0.979620406	1.54535133	1.53081919	1.50344912	1.54570904	0.0422599165	0	0	0	0	0	3
137	304	0	0.986823497	1.54678199	1.53143823	1.50429999	1.54678199	0.0424820038	0	0	0	0	0	3
138	306	0	0.994026588	1.54568084	1.53202938	1.50586589	1.54678199	0.0409161024	0	0	0	0	0	3
139	308	0	1.00122968	1.5472777	1.53262098	1.50715543	1.5472777	0.0401222774	0.0383330174	0	95.5	0	0	3
140	310	0	1.00843277	1.54680345	1.53318738	1.50868278	1.5472777	0.0385949225	0.0383330174	0	99.3	0	0	3
141	312	0	1.01563586	1.54810398	1.53375054	1.51028339	1.54810398	0.0378205922	0.0383330174	0	100	0	0	3
142	314	0	1.02283895	1.54708884	1.53427633	1.51163113	1.54810398	0.0364728497	0.0383330174	0	100	0	0	3
143	316	0	1.03004204	1.54874323	1.5348065	1.51297381	1.54874323	0.035769416	0.0383330174	0	100	0	0	3
144	318	0	1.03724514	1.54795656	1.53530626	1.51418923	1.54874323	0.0345539991	0.0383330174	0	100	0	0	3
145	320	0	1.04444823	1.549296	1.53580778	1.51541093	1.549296	0.0338850705	0.0383330174	0	100	0	0	3
146	322	0	1.05165132	1.5482835	1.53627739	1.51644053	1.549296	0.0328554711	0.0383330174	0	100	0	0	3
147	325	0	1.05885441	1.55021955	1.53675995	1.51743498	1.55021955	0.0327845705	0.0383330174	0	100	0	0	3
148	327	0	1.0660575	1.54923741	1.53721427	1.51829444	1.55021955	0.0319251123	0.0383330174	0	100	0	0	3
149	329	0	1.07326059	1.55066584	1.53767672	1.51920821	1.55066584	0.0314576314	0.0383330174	0	100	0	0	3
150	331	0	1.08046368	1.54953072	1.5381099	1.51979814	1.55066584	0.0308676989	0.0383330174	0	100	0	0	3
151	333	0	1.08766677	1.55189394	1.53856841	1.52053255	1.55189394	0.0313613953	0.0383330174	0	100	0	0	3
152	335	0	1.09486987	1.5508348	1.5390013	1.52118835	1.55189394	0.0307055911	0.0383330174	0	100	0	0	3
153	337	0	1.10207296	1.55185473	1.53943939	1.52198315	1.55189394	0.0299107896	0.0383330174	0	100	0	0	3
154	339	0	1.10927605	1.55057674	1.53984787	1.52279344	1.55189394	0.0291004956	0.0383330174	0	100	0	0	3
155	341	0	1.11647914	1.55275388	1.54027587	1.52379419	1.55275388	0.0289596847	0.0383330174	0	100	0	0	3
156	343	0	1.12368223	1.55164482	1.54067374	1.52479666	1.55275388	0.0279572207	0.0383330174	0	100	0	0	3
157	345	0	1.13088532	1.55273412	1.54107285	1.52573447	1.55275388	0.0270194075	0.0383330174	0	100	0	0	3
158	347	0	1.13808841	1.55149405	1.54144084	1.52654007	1.55275388	0.0262138083	0.0383330174	0	100	0	0	3
159	349	0	1.1452915	1.55372457	1.54182919	1.52776531	1.55372457	0.0259592666	0.0383330174	0	100	0	0	3
160	351	0	1.15249459	1.55250705	1.54218264	1.52820064	1.55372457	0.0255239339	0.0383330174	0	100	0	0	3
161	353	0	1.15969769	1.55388727	1.5425496	1.52974953	1.55388727	0.0241377367	0.0383330174	0	100	0	0	3
162	356	0	1.16690078	1.55241702	1.54287342	1.5303806	1.55388727	0.0235066695	0.0383330174	0	100	0	0	3
163	358	0	1.17410387	1.55480442	1.54322233	1.53144354	1.55480442	0.023360884	0.0383330174	0	100	0	0	3
164	360	0	1.18130696	1.55363285	1.54353903	1.53144354	1.55480442	0.023360884	0.0383330174	0	100	0	0	3
165	362	0	1.18851005	1.55498191	1.5438753	1.53294595	1.55498191	0.0220359603	0.0383330174	0	100	0	0	3
166	365	0	1.19571314	1.55356188	1.54416395	1.53294595	1.55498191	0.0220359603	0.0383330174	0	100	0	0	3
167	367	0	1.20291623	1.55600612	1.54449338	1.53380204	1.55600612	0.0222040759	0.0383330174	0	100	0	0	3
168	369	0	1.21011932	1.55458404	1.54478093	1.53380204	1.55600612	0.0222040759	0.0383330174	0	100	0	0	3
169	371	0	1.21732242	1.55589346	1.54509653	1.5344396	1.55600612	0.0215665242	0.0383330174	0	100	0	0	3
170	373	0	1.22452551	1.55429047	1.54536741	1.5344396	1.55600612	0.0215665242	0.0383330174	0	100	0	0	3
171	375	0	1.2317286	1.55676048	1.54568628	1.53534122	1.55676048	0.021419264	0.0383330174	0	100	0	0	3
172	377	0	1.23893169	1.55547916	1.54596014	1.53534122	1.55676048	0.021419264	0.0383330174	0	100	0	0	3
173	379	0	1.24613478	1.55622468	1.54625848	1.53614118	1.55676048	0.0206193054	0.0383330174	0	100	0	0	3
174	381	0	1.25333787	1.55610408	1.54653428	1.53614118	1.55676048	0.0206193054	0.0383330174	0	100	0	0	3
175	383	0	1.26054096	1.55551616	1.54679374	1.53614118	1.55676048	0.0206193054	0.0383330174	0	100	0	0	3
176	386	0	1.26774405	1.55725327	1.54709534	1.53640868	1.55725327	0.0208445904	0.0383330174	0	100	0	0	3
177	388	0	1.27494715	1.55661008	1.54737432	1.53640868	1.55725327	0.0208445904	0.0383330174	0	100	0	0	3
178	390	0	1.28215024	1.55789437	1.54768062	1.53640868	1.55789437	0.0214856896	0.0383330174	0	100	0	0	3
179	392	0	1.28935333	1.55707342	1.5479571	1.53640868	1.55789437	0.0214856896	0.0383330174	0	100	0	0	3
180	394	0	1.29655642	1.55741084	1.54825713	1.53736305	1.55789437	0.020531321	0.0383330174	0	100	0	0	3
181	397	0	1.30375951	1.55698195	1.54852813	1.53736305	1.55789437	0.020531321	0.0383330174	0	100	0	0	3
182	399	0	1.3109626	1.55825657	1.54882661	1.53816534	1.55825657	0.0200912262	0.0383330174	0	100	0	0	3
183	401	0	1.31816569	1.55759841	1.5491028	1.53816534	1.55825657	0.0200912262	0.0383330174	0	100	0	0	3
184	403	0	1.32536878	1.55863114	1.54939517	1.5383817	1.55863114	0.020249446	0.0383330174	0	100	0	0	3
185	405	0	1.33257188	1.55722309	1.54966058	1.5383817	1.55863114	0.020249446	0.0383330174	0	100	0	0	3
186	408	0	1.33977497	1.5601218	1.54997116	1.53880305	1.5601218	0.0213187538	0.0383330174	0	100	0	0	3
187	410	0	1.34697806	1.55662956	1.55022193	1.53880305	1.5601218	0.0213187538	0.0383330174	0	100	0	0	3
188	413	0	1.35418115	1.56048136	1.55053162	1.53882746	1.56048136	0.0216538978	0.0383330174	0	100	0	0	3
189	415	0	1.36138424	1.55776313	1.55078906	1.53882746	1.56048136	0.0216538978	0.0383330174	0	100	0	0	3
190	417	0	1.36858733	1.56012775	1.55109335	1.5402981	1.56048136	0.0201832617	0.0383330174	0	100	0	0	3
191	419	0	1.37579042	1.55773826	1.55134015	1.5402981	1.56048136	0.0201832617	0.0383330174	0	100	0	0	3
192	421	0	1.38299351	1.56126756	1.55163971	1.54110718	1.56126756	0.0201603795	0.0383330174	0	100	0	0	3
193	423	0	1.39019661	1.55797021	1.55188061	1.54113043	1.56126756	0.0201371325	0.0383330174	0	100	0	0	3
194	425	0	1.3973997	1.56147119	1.55217002	1.54113043	1.56147119	0.0203407569	0.0383330174	0	100	0	0	3
195	428	0	1.40460279	1.55835314	1.55240314	1.54113043	1.56147119	0.0203407569	0.0383330174	0	100	0	0	3
196	430	0	1.41180588	1.56154072	1.55269471	1.54237089	1.56154072	0.0191698358	0.0383330174	0	100	0	0	3
197	432	0	1.41900897	1.55881004	1.5529225	1.54237089	1.56154072	0.0191698358	0.0383330174	0	100	0	0	3
198	434	0	1.42621206	1.56211818	1.5532046	1.54275839	1.56211818	0.0193597865	0.0383330174	0	100	0	0	3
199	436	0	1.43341515	1.55908837	1.5534296	1.54275839	1.56211818	0.0193597865	0.0383330174	0	100	0	0	3
200	439	0	1.44061824	1.56217973	1.55370705	1.54400988	1.56217973	0.0181698456	0.0383330174	0	100	0	0	3
201	444	0	1.44782133	1.55942361	1.55392406	1.54400988	1.56217973	0.0181698456	0.0383330174	0	100	0	0	3
202	446	0	1.45502443	1.5618119	1.55417838	1.54460426	1.56217973	0.0175754692	0.0383330174	0	100	0	0	3
203	448	0	1.46222752	1.55928366	1.55438015	1.54460426	1.56217973	0.0175754692	0.0383330174	0	100	0	0	3
204	450	0	1.46943061	1.56250783	1.55463591	1.54535133	1.56250783	0.0171564987	0.0383330174	0	100	0	0	3
205	452	0	1.4766337	1.55911688	1.55482745	1.54535133	1.56250783	0.0171564987	0.0383330174	0	100	0	0	3
206	454	0	1.48383679	1.5622161	1.55506838	1.54568084	1.56250783	0.0168269809	0.0383330174	0	100	0	0	3
207	456	0	1.49103988	1.55948938	1.55524991	1.54568084	1.56250783	0.0168269809	0.0383330174	0	100	0	0	3
208	458	0	1.49824297	1.5619864	1.55548285	1.54680345	1.56250783	0.0157043745	0.0383330174	0	100	0	0	3
209	460	0	1.50544606	1.55956639	1.5556584	1.54680345	1.56250783	0.0157043745	0.0383330174	0	100	0	0	3
210	462	0	1.51264916	1.56260224	1.5558841	1.54708884	1.56260224	0.0155133939	0.0383330174	0	100	0	0	3
211	464	0	1.51985225	1.55941415	1.55604567	1.54708884	1.56260224	0.0155133939	0.0383330174	0	100	0	0	3
212	466	0	1.52705534	1.56290391	1.5562716	1.54795656	1.56290391	0.0149473561	0.0383330174	0	100	0	0	3
213	469	0	1.53425843	1.55967284	1.55642774	1.54795656	1.56290391	0.0149473561	0.0383330174	0	100	0	0	3
214	471	0	1.54146152	1.56184175	1.5566261	1.5482835	1.56290391	0.0146204169	0.0383330174	0	100	0	0	3
215	473	0	1.54866461	1.56003705	1.55677954	1.5482835	1.56290391	0.0146204169	0.0383330174	0	100	0	0	3
216	476	0	1.5558677	1.56207647	1.55697658	1.54923741	1.56290391	0.0136665056	0.0383330174	0	100	0	0	3
217	478	0	1.56307079	1.56028776	1.55712042	1.54923741	1.56290391	0.0136665056	0.0383330174	0	100	0	0	3
218	480	0	1.57027389	1.56234722	1.5573077	1.54953072	1.56290391	0.0133731953	0.0383330174	0	100	0	0	3
219	482	0	1.57747698	1.56046786	1.55744773	1.54953072	1.56290391	0.0133731953	0.0383330174	0	100	0	0	3
220	485	0	1.58468007	1.56243723	1.55763211	1.55057674	1.56290391	0.0123271763	0.0383330174	0	100	0	0	3
221	487	0	1.59188316	1.56135461	1.55776726	1.55057674	1.56290391	0.0123271763	0.0383330174	0	100	0	0	3
222	489	0	1.59908625	1.56225317	1.55793038	1.55057674	1.56290391	0.0123271763	0.0383330174	0	100	0	0	3
223	491	0	1.60628934	1.5615929	1.5580695	1.55057674	1.56290391	0.0123271763	0.0383330174	0	100	0	0	3
224	493	0	1.61349243	1.562247	1.55823621	1.55149405	1.56290391	0.0114098632	0.0383330174	0	100	0	0	3
225	496	0	1.62069552	1.56084895	1.55835186	1.55149405	1.56290391	0.0114098632	0.0383330174	0	100	0	0	3
226	498	0	1.62789862	1.56318776	1.55851676	1.55149405	1.56318776	0.0116937111	0.0383330174	0	100	0	0	3
227	500	0	1.63510171	1.56134464	1.55863976	1.55149405	1.56318776	0.0116937111	0.0383330174	0	100	0	0	3
228	502	0	1.6423048	1.56333163	1.55880887	1.55241702	1.56333163	0.0109146028	0.0383330174	0	100	0	0	3
229	504	0	1.64950789	1.56163775	1.55892192	1.55241702	1.56333163	0.0109146028	0.0383330174	0	100	0	0	3
230	506	0	1.65671098	1.56233051	1.55906225	1.55241702	1.56333163	0.0109146028	0.0383330174	0	100	0	0	3
231	509	0	1.66391407	1.5621034	1.55917963	1.55241702	1.56333163	0.0109146028	0.0383330174	0	100	0	0	3
232	511	0	1.67111716	1.56193403	1.55931558	1.55356188	1.56333163	0.00976974572	0.0383330174	0	100	0	0	3
233	513	0	1.67832025	1.56213821	1.55942035	1.55356188	1.56333163	0.00976974572	0.0383330174	0	100	0	0	3
234	516	0	1.68552334	1.5622438	1.55954337	1.55356188	1.56333163	0.00976974572	0.0383330174	0	100	0	0	3
235	518	0	1.69272644	1.56157127	1.5596375	1.55356188	1.56333163	0.00976974572	0.0383330174	0	100	0	0	3
236	520	0	1.69992953	1.56272931	1.55976846	1.55429047	1.56333163	0.00904115606	0.0383330174	0	100	0	0	3
237	522	0	1.70713262	1.56251565	1.55986146	1.55429047	1.56333163	0.00904115606	0.0383330174	0	100	0	0	3
238	524	0	1.71433571	1.56228328	1.55997144	1.55429047	1.56333163	0.00904115606	0.0383330174	0	100	0	0	3
239	526	0	1.7215388	1.56284802	1.5600708	1.55429047	1.56333163	0.00904115606	0.0383330174	0	100	0	0	3
240	528	0	1.72874189	1.56313694	1.56019717	1.55547916	1.56333163	0.00785246431	0.0383330174	0	100	0	0	3
241	531	0	1.73594498	1.56384375	1.56029836	1.55547916	1.56384375	0.00836458408	0.0383330174	0	100	0	0	3
242	534	0	1.74314807	1.56224689	1.56039505	1.55551616	1.56384375	0.0083275822	0.0383330174	0	100	0	0	3
243	536	0	1.75035117	1.56400416	1.56050618	1.55551616	1.56400416	0.00848799291	0.0383330174	0	100	0	0	3
244	538	0	1.75755426	1.56448966	1.56062597	1.55551616	1.56448966	0.00897349803	0.0383330174	0	100	0	0	3
245	540	0	1.76475735	1.56381113	1.56074447	1.55661008	1.56448966	0.00787958483	0.0383330174	0	100	0	0	3
246	543	0	1.77196044	1.56361391	1.56083534	1.55661008	1.56448966	0.00787958483	0.0383330174	0	100	0	0	3
247	545	0	1.77916353	1.56419231	1.56094366	1.55662956	1.56448966	0.00786010498	0.0383330174	0	100	0	0	3
248	547	0	1.78636662	1.56537018	1.56105046	1.55662956	1.56537018	0.00874062258	0.0383330174	0	100	0	0	3
249	549	0	1.79356971	1.56448931	1.5611564	1.55662956	1.56537018	0.00874062258	0.0383330174	0	100	0	0	3
250	552	0	1.8007728	1.56536032	1.56126996	1.55662956	1.56537018	0.00874062258	0.0383330174	0	100	0	0	3
251	554	0	1.8079759	1.56514953	1.56138664	1.55662956	1.56537018	0.00874062258	0.0383330174	0	100	0	0	3
252	556	0	1.81517899	1.56594512	1.56149648	1.55662956	1.56594512	0.00931555877	0.0383330174	0	100	0	0	3
253	558	0	1.82238208	1.56399543	1.56158786	1.55662956	1.56594512	0.00931555877	0.0383330174	0	100	0	0	3
254	560	0	1.82958517	1.56584367	1.5616909	1.55662956	1.56594512	0.00931555877	0.0383330174	0	100	0	0	3
255	563	0	1.83678826	1.56549206	1.56180903	1.55662956	1.56594512	0.00931555877	0.0383330174	0	100	0	0	3
256	565	0	1.84399135	1.56590967	1.56189171	1.55662956	1.56594512	0.00931555877	0.0383330174	0	100	0	0	3
257	567	0	1.85119444	1.56478596	1.56200823	1.55773826	1.56594512	0.00820685874	0.0383330174	0	100	0	0	3
258	569	0	1.85839753	1.56571489	1.562083	1.55773826	1.56594512	0.00820685874	0.0383330174	0	100	0	0	3
259	571	0	1.86560063	1.56500898	1.56218651	1.55773826	1.56594512	0.00820685874	0.0383330174	0	100	0	0	3
260	573	0	1.87280372	1.56638256	1.56227586	1.55773826	1.56638256	0.00864430284	0.0383330174	0	100	0	0	3
261	575	0	1.88000681	1.56582314	1.56239136	1.55797021	1.56638256	0.00841235339	0.0383330174	0	100	0	0	3
262	578	0	1.8872099	1.56668752	1.56246879	1.55797021	1.56668752	0.00871731737	0.0383330174	0	100	0	0	3
263	580	0	1.89441299	1.56562785	1.56257818	1.55835314	1.56668752	0.00833438339	0.0383330174	0	100	0	0	3
264	583	0	1.90161608	1.56672524	1.56265324	1.55835314	1.56672524	0.00837210192	0.0383330174	0	100	0	0	3
265	585	0	1.90881917	1.56604224	1.56276309	1.55881004	1.56672524	0.00791519847	0.0383330174	0	100	0	0	3
266	587	0	1.91602226	1.5664571	1.56283332	1.55881004	1.56672524	0.00791519847	0.0383330174	0	100	0	0	3
267	590	0	1.92322536	1.56599777	1.562936	1.55908837	1.56672524	0.00763687327	0.0383330174	0	100	0	0	3
268	592	0	1.93042845	1.56678592	1.56300268	1.55908837	1.56678592	0.00769755519	0.0383330174	0	100	0	0	3
269	594	0	1.93763154	1.56633649	1.56310623	1.55911688	1.56678592	0.00766904559	0.0383330174	0	100	0	0	3
270	596	0	1.94483463	1.56685414	1.56317301	1.55911688	1.56685414	0.00773726471	0.0383330174	0	100	0	0	3
271	598	0	1.95203772	1.56596441	1.56326645	1.55911688	1.56685414	0.00773726471	0.0383330174	0	100	0	0	3
272	601	0	1.95924081	1.56693639	1.56333965	1.55911688	1.56693639	0.00781951499	0.0383330174	0	100	0	0	3
273	603	0	1.9664439	1.56611396	1.56343723	1.55911688	1.56693639	0.00781951499	0.0383330174	0	100	0	0	3
274	605	0	1.97364699	1.56674141	1.56349771	1.55911688	1.56693639	0.00781951499	0.0383330174	0	100	0	0	3
275	607	0	1.98085008	1.56625428	1.56359967	1.55941415	1.56693639	0.00752224518	0.0383330174	0	100	0	0	3
276	609	0	1.98805318	1.56703881	1.56366857	1.55941415	1.56703881	0.0076246622	0.0383330174	0	100	0	0	3
277	611	0	1.99525627	1.56656926	1.56376971	1.55941415	1.56703881	0.0076246622	0.0383330174	0	100	0	0	3
278	613	0	2.00245936	1.5673912	1.56384692	1.55941415	1.5673912	0.00797704769	0.0383330174	0	100	0	0	3
279	616	0	2.00966245	1.56693459	1.56395218	1.55941415	1.5673912	0.00797704769	0.0383330174	0	100	0	0	3
280	618	0	2.01686554	1.56767285	1.56402462	1.55941415	1.56767285	0.00797894426	0.0383330174	0	100	0	0	3
281	620	0	2.02406863	1.56698095	1.56413271	1.55967284	1.56767285	0.00786111183	0.0383330174	0	100	0	0	3
282	622	0	2.03127172	1.5675615	1.56419925	1.55967284	1.56767285	0.00777151145	0.0383330174	0	100	0	0	3
283	624	0	2.03847481	1.56684262	1.56430168	1.56003705	1.56767285	0.00763579626	0.0383330174	0	100	0	0	3
284	627	0	2.04567791	1.56757046	1.56438351	1.56003705	1.56767285	0.00760397216	0.0383330174	0	100	0	0	3
285	629	0	2.052881	1.56693518	1.56448206	1.56028776	1.56767285	0.00738508975	0.0383330174	0	100	0	0	3
286	632	0	2.06008409	1.56764503	1.56456161	1.56028776	1.56767285	0.00738508975	0.0383330174	0	100	0	0	3
287	634	0	2.06728718	1.56717536	1.56466	1.56046786	1.56767285	0.00720498864	0.0383330174	0	100	0	0	3
288	637	0	2.07449027	1.56792018	1.56473962	1.56046786	1.56792018	0.00729188994	0.0383330174	0	100	0	0	3
289	639	0	2.08169336	1.56741752	1.5648389	1.56084895	1.56792018	0.00707123498	0.0383330174	0	100	0	0	3
290	641	0	2.08889645	1.56801573	1.56491859	1.56084895	1.56801573	0.00715133234	0.0383330174	0	100	0	0	3
291	643	0	2.09609954	1.56674134	1.56499555	1.56084895	1.56801573	0.00706516602	0.0383330174	0	100	0	0	3
292	645	0	2.10330264	1.56824522	1.56508115	1.56084895	1.56824522	0.00701165004	0.0383330174	0	100	0	0	3
293	647	0	2.11050573	1.5667095	1.56515424	1.56084895	1.56824522	0.00691802629	0.0383330174	0	100	0	0	3
294	650	0	2.11770882	1.56779836	1.56523355	1.56084895	1.56824522	0.00688168755	0.0383330174	0	100	0	0	3
295	652	0	2.12491191	1.56670047	1.56531714	1.56134464	1.56824522	0.00680038159	0.0383330174	0	100	0	0	3
296	654	0	2.132115	1.56811481	1.56538752	1.56134464	1.56824522	0.00674776057	0.0383330174	0	100	0	0	3
297	656	0	2.13931809	1.56719757	1.56547114	1.56157127	1.56824522	0.00666226556	0.0383330174	0	100	0	0	3
298	658	0	2.14652118	1.56824102	1.56554127	1.56157127	1.56824522	0.00661935447	0.0383330174	0	100	0	0	3
299	660	0	2.15372427	1.56744209	1.56562419	1.56157127	1.56824522	0.0065619385	0.0383330174	0	100	0	0	3
300	663	0	2.16092737	1.5682351	1.56570854	1.56157127	1.56824522	0.00652891647	0.0383330174	0	100	0	0	3
301	668	0	2.16813046	1.56749146	1.56578552	1.56157127	1.56824522	0.00646993148	0.0383330174	0	100	0	0	3
302	670	0	2.17533355	1.56758791	1.56586628	1.56157127	1.56824522	0.00644593272	0.0383330174	0	100	0	0	3
303	672	0	2.18253664	1.56769187	1.56594562	1.56157127	1.56824522	0.00640225709	0.0383330174	0	100	0	0	3
304	674	0	2.18973973	1.56795231	1.56602717	1.56157127	1.56824522	0.00638967341	0.0383330174	0	100	0	0	3
305	676	0	2.19694282	1.56815697	1.56612125	1.56224689	1.56824522	0.00599833048	0.0383330174	0	100	0	0	3
306	678	0	2.20414591	1.56841482	1.56620248	1.56224689	1.56841482	0.0061679268	0.0383330174	0	100	0	0	3
307	680	0	2.211349	1.56843751	1.56628707	1.56224689	1.56843751	0.00619062299	0.0383330174	0	100	0	0	3
308	682	0	2.2185521	1.5685768	1.56637698	1.56224689	1.5685768	0.00630618542	0.0383330174	0	100	0	0	3
309	684	0	2.22575519	1.5685241	1.56645807	1.56224689	1.5685768	0.0062608941	0.0383330174	0	100	0	0	3
310	686	0	2.23295828	1.56851994	1.56653497	1.56224689	1.5685768	0.00623660467	0.0383330174	0	100	0	0	3
311	689	0	2.24016137	1.56834039	1.56659921	1.56224689	1.5685768	0.00620416055	0.0383330174	0	100	0	0	3
312	691	0	2.24736446	1.56842708	1.56668749	1.56361391	1.5685768	0.00496289587	0.0383330174	0	100	0	0	3
313	693	0	2.25456755	1.56839835	1.56675027	1.56361391	1.5685768	0.00496289587	0.0383330174	0	100	0	0	3
314	695	0	2.26177064	1.56867695	1.56681009	1.56361391	1.56867695	0.00506304314	0.0383330174	0	100	0	0	3
315	697	0	2.26897373	1.5688113	1.56688152	1.56361391	1.5688113	0.00519739096	0.0383330174	0	100	0	0	3
316	700	0	2.27617682	1.56906594	1.5669594	1.56399543	1.56906594	0.00507050743	0.0383330174	0	100	0	0	3
317	702	0	2.28337992	1.56906089	1.56702896	1.56399543	1.56906594	0.00507050743	0.0383330174	0	100	0	0	3
318	704	0	2.29058301	1.56906503	1.56708174	1.56399543	1.56906594	0.00507050743	0.0383330174	0	100	0	0	3
319	707	0	2.2977861	1.5688823	1.5671445	1.56399543	1.56906594	0.00507050743	0.0383330174	0	100	0	0	3
320	709	0	2.30498919	1.56882382	1.56719397	1.56399543	1.56906594	0.00507050743	0.0383330174	0	100	0	0	3
321	712	0	2.31219228	1.56876393	1.56724561	1.56399543	1.56906594	0.00507050743	0.0383330174	0	100	0	0	3
322	714	0	2.31939537	1.56898241	1.567289	1.56399543	1.56906594	0.00507050743	0.0383330174	0	100	0	0	3
323	716	0	2.32659846	1.56908128	1.56736165	1.56478596	1.56908128	0.00429531923	0.0383330174	0	100	0	0	3
324	718	0	2.33380155	1.56931704	1.56741127	1.56478596	1.56931704	0.00453107446	0.0383330174	0	100	0	0	3
325	721	0	2.34100465	1.56946799	1.56746807	1.56478596	1.56946799	0.00468202885	0.0383330174	0	100	0	0	3
326	723	0	2.34820774	1.56956362	1.56752027	1.56478596	1.56956362	0.00477765438	0.0383330174	0	100	0	0	3
327	725	0	2.35541083	1.56941844	1.56758645	1.56500898	1.56956362	0.00455464302	0.0383330174	0	100	0	0	3
328	727	0	2.36261392	1.56944158	1.56763969	1.56500898	1.56956362	0.00455464302	0.0383330174	0	100	0	0	3
329	729	0	2.36981701	1.56923086	1.5677	1.56562785	1.56956362	0.00393577115	0.0383330174	0	100	0	0	3
330	732	0	2.3770201	1.56930711	1.56774178	1.56562785	1.56956362	0.00393577115	0.0383330174	0	100	0	0	3
331	734	0	2.38422319	1.56935235	1.5677922	1.56562785	1.56956362	0.00393577115	0.0383330174	0	100	0	0	3
332	736	0	2.39142628	1.56966306	1.5678347	1.56562785	1.56966306	0.00403521246	0.0383330174	0	100	0	0	3
333	738	0	2.39862938	1.56977148	1.5678939	1.56596441	1.56977148	0.00380706657	0.0383330174	0	100	0	0	3
334	740	0	2.40583247	1.57003057	1.56794112	1.56596441	1.57003057	0.00406616163	0.0383330174	0	100	0	0	3
335	742	0	2.41303556	1.56997	1.56799723	1.56596441	1.57003057	0.00406616163	0.0383330174	0	100	0	0	3
336	744	0	2.42023865	1.56998504	1.56804763	1.56596441	1.57003057	0.00406616163	0.0383330174	0	100	0	0	3
337	747	0	2.42744174	1.56980299	1.56810199	1.56596441	1.57003057	0.00406616163	0.0383330174	0	100	0	0	3
338	749	0	2.43464483	1.56978819	1.56814488	1.56596441	1.57003057	0.00406616163	0.0383330174	0	100	0	0	3
339	752	0	2.44184792	1.56976551	1.56819386	1.56596441	1.57003057	0.00406616163	0.0383330174	0	100	0	0	3
340	754	0	2.44905101	1.57010574	1.56824032	1.56596441	1.57010574	0.00414132883	0.0383330174	0	100	0	0	3
341	756	0	2.45625411	1.57016746	1.56830036	1.56611396	1.57016746	0.00405349481	0.0383330174	0	100	0	0	3
342	758	0	2.4634572	1.57039029	1.5683497	1.56611396	1.57039029	0.00427632578	0.0383330174	0	100	0	0	3
343	760	0	2.47066029	1.57039114	1.5684108	1.56625428	1.57039114	0.00413686231	0.0383330174	0	100	0	0	3
344	762	0	2.47786338	1.57047584	1.56846415	1.56625428	1.57047584	0.00422156047	0.0383330174	0	100	0	0	3
345	765	0	2.48506647	1.5702713	1.56852154	1.56656926	1.57047584	0.00390658099	0.0383330174	0	100	0	0	3
346	767	0	2.49226956	1.57022059	1.56856699	1.56656926	1.57047584	0.00390658099	0.0383330174	0	100	0	0	3
347	770	0	2.49947265	1.56992789	1.56861497	1.56670047	1.57047584	0.00377537246	0.0383330174	0	100	0	0	3
348	772	0	2.50667574	1.56985292	1.56865014	1.56670047	1.57047584	0.00377537246	0.0383330174	0	100	0	0	3
349	774	0	2.51387883	1.56981511	1.56869129	1.56670047	1.57047584	0.00377537246	0.0383330174	0	100	0	0	3
350	777	0	2.52108193	1.57002852	1.56872494	1.56670047	1.57047584	0.00377537246	0.0383330174	0	100	0	0	3
351	779	0	2.52828502	1.57013101	1.56876994	1.56670047	1.57047584	0.00377537246	0.0383330174	0	100	0	0	3
352	781	0	2.53548811	1.57040836	1.56881061	1.56670047	1.57047584	0.00377537246	0.0383330174	0	100	0	0	3
353	783	0	2.5426912	1.57033671	1.56886053	1.56670047	1.57047584	0.00377537246	0.0383330174	0	100	0	0	3
354	785	0	2.54989429	1.57049052	1.56890224	1.56670047	1.57049052	0.00379005027	0.0383330174	0	100	0	0	3
355	787	0	2.55709738	1.57035498	1.5689511	1.56670047	1.57049052	0.00379005027	0.0383330174	0	100	0	0	3
356	791	0	2.56430047	1.57033039	1.56898946	1.56670047	1.57049052	0.00379005027	0.0383330174	0	100	0	0	3
357	793	0	2.57150356	1.57018093	1.5690324	1.56670047	1.57049052	0.00379005027	0.0383330174	0	100	0	0	3
358	795	0	2.57870666	1.57032955	1.56906682	1.56670047	1.57049052	0.00379005027	0.0383330174	0	100	0	0	3
359	797	0	2.58590975	1.57036011	1.56910885	1.56670047	1.57049052	0.00379005027	0.0383330174	0	100	0	0	3
360	800	0	2.59311284	1.57063921	1.56914633	1.56670047	1.57063921	0.00393873997	0.0383330174	0	100	0	0	3
361	802	0	2.60031593	1.57080063	1.56920432	1.56670047	1.57080063	0.00410016225	0.0383330174	0	100	0	0	3
362	804	0	2.60751902	1.57095319	1.56924301	1.56670047	1.57095319	0.00408876635	0.0383330174	0	100	0	0	3
363	806	0	2.61472211	1.57087352	1.56930249	1.56670047	1.57095319	0.00406894728	0.0383330174	0	100	0	0	3
364	808	0	2.6219252	1.57093755	1.56934734	1.56670047	1.57095319	0.00403019977	0.0383330174	0	100	0	0	3
365	810	0	2.62912829	1.57069428	1.56940439	1.56719757	1.57095319	0.00375561641	0.0383330174	0	100	0	0	3
366	812	0	2.63633139	1.57065127	1.56944063	1.56719757	1.57095319	0.00375561641	0.0383330174	0	100	0	0	3
367	814	0	2.64353448	1.57052582	1.56948817	1.56744209	1.57095319	0.00351109622	0.0383330174	0	100	0	0	3
368	817	0	2.65073757	1.57067013	1.56952288	1.56744209	1.57095319	0.00351109622	0.0383330174	0	100	0	0	3
369	819	0	2.65794066	1.57081247	1.56957102	1.56749146	1.57095319	0.00346173143	0.0383330174	0	100	0	0	3
370	822	0	2.66514375	1.57120045	1.56961339	1.56749146	1.57120045	0.00370899199	0.0383330174	0	100	0	0	3
371	824	0	2.67234684	1.57128571	1.56966759	1.56758791	1.57128571	0.00369779895	0.0383330174	0	100	0	0	3
372	826	0	2.67954993	1.57156742	1.56972444	1.56769187	1.57156742	0.00377881727	0.0383330174	0	100	0	0	3
373	828	0	2.68675302	1.57129502	1.56977591	1.56795231	1.57156742	0.00361511128	0.0383330174	0	100	0	0	3
374	830	0	2.69395612	1.57195081	1.56983303	1.56815697	1.57195081	0.00371178074	0.0383330174	0	100	0	0	3
375	832	0	2.70115921	1.57103253	1.56987411	1.56834039	1.57195081	0.00361042018	0.0383330174	0	100	0	0	3
376	834	0	2.7083623	1.57168452	1.56992082	1.56834039	1.57195081	0.00361042018	0.0383330174	0	100	0	0	3
377	837	0	2.71556539	1.57098672	1.56995724	1.56834039	1.57195081	0.00358026034	0.0383330174	0	100	0	0	3
378	839	0	2.72276848	1.57145835	1.56999841	1.56834039	1.57195081	0.00354033861	0.0383330174	0	100	0	0	3
379	842	0	2.72997157	1.57125437	1.57003741	1.56834039	1.57195081	0.00350244246	0.0383330174	0	100	0	0	3
380	845	0	2.73717466	1.57195427	1.57008647	1.56834039	1.57195427	0.00348726657	0.0383330174	0	100	0	0	3
381	847	0	2.74437775	1.57152309	1.57013194	1.56839835	1.57195427	0.00344444524	0.0383330174	0	100	0	0	3
382	849	0	2.75158085	1.57205753	1.5701838	1.56839835	1.57205753	0.00343353445	0.0383330174	0	100	0	0	3
383	851	0	2.75878394	1.57141991	1.57022697	1.56867695	1.57205753	0.00338057715	0.0383330174	0	100	0	0	3
384	854	0	2.76598703	1.5718563	1.57027239	1.56876393	1.57205753	0.00329359914	0.0383330174	0	100	0	0	3
385	856	0	2.77319012	1.57118352	1.57030628	1.56876393	1.57205753	0.00329359914	0.0383330174	0	100	0	0	3
386	858	0	2.78039321	1.57135868	1.57033903	1.56876393	1.57205753	0.00329359914	0.0383330174	0	100	0	0	3
387	860	0	2.7875963	1.57086113	1.57036475	1.56876393	1.57205753	0.0032830089	0.0383330174	0	100	0	0	3
388	862	0	2.79479939	1.57135407	1.57039745	1.56876393	1.57205753	0.00325295245	0.0383330174	0	100	0	0	3
389	864	0	2.80200248	1.57116526	1.57043006	1.56876393	1.57205753	0.0032360876	0.0383330174	0	100	0	0	3
390	867	0	2.80920557	1.57172839	1.57047156	1.56876393	1.57205753	0.00322594722	0.0383330174	0	100	0	0	3
391	869	0	2.81640867	1.57135761	1.57050861	1.56898241	1.57205753	0.00307511102	0.0383330174	0	100	0	0	3
392	871	0	2.82361176	1.57185549	1.57054965	1.56908128	1.57205753	0.00297624248	0.0383330174	0	100	0	0	3
393	873	0	2.83081485	1.57141019	1.57058292	1.56923086	1.57205753	0.00282666888	0.0383330174	0	100	0	0	3
394	876	0	2.83801794	1.57152691	1.57061449	1.56923086	1.57205753	0.00282666888	0.0383330174	0	100	0	0	3
395	878	0	2.84522103	1.57103296	1.57063685	1.56923086	1.57205753	0.00282666888	0.0383330174	0	100	0	0	3
