Iteration	CPUTime	PhysTime	Travels	Value	AvValue	MinValue	MaxValue	Delta	Criteria	PrevAvRefValue	Progress	CriteriaType	CriteriaVarType	CriteriaPercentage
1	13	0	0.00720309122	2.77104007	2.77104007	2.77104007	2.77104007	0	0	0	0	0	0	3
2	15	0	0.0144061824	2.77104007	2.77104007	2.77104007	2.77104007	0	0	0	0	0	0	3
3	17	0	0.0216092737	2.77104007	2.77104007	2.77104007	2.77104007	0	0	0	0	0	0	3
4	19	0	0.0288123649	2.77104007	2.77104007	2.77104007	2.77104007	4.4408921e-16	0	0	0	0	0	3
5	20	0	0.0360154561	2.77104007	2.77104007	2.77104007	2.77104007	4.4408921e-16	0	0	0	0	0	3
6	22	0	0.0432185473	2.77104007	2.77104007	2.77104007	2.77104007	4.4408921e-16	0	0	0	0	0	3
7	24	0	0.0504216385	2.77104007	2.77104007	2.77104007	2.77104007	4.4408921e-16	0	0	0	0	0	3
8	26	0	0.0576247297	2.77104007	2.77104007	2.77104007	2.77104007	4.4408921e-16	0	0	0	0	0	3
9	27	0	0.064827821	2.77104007	2.77104007	2.77104007	2.77104007	4.4408921e-16	0	0	0	0	0	3
10	29	0	0.0720309122	2.77104007	2.77104007	2.77104007	2.77104007	4.4408921e-16	0	0	0	0	0	3
11	31	0	0.0792340034	2.77104007	2.77104007	2.77104007	2.77104007	4.4408921e-16	0	0	0	0	0	3
12	33	0	0.0864370946	2.77104007	2.77104007	2.77104007	2.77104007	4.4408921e-16	0	0	0	0	0	3
13	35	0	0.0936401858	2.77104007	2.77104007	2.77104007	2.77104007	4.4408921e-16	0	0	0	0	0	3
14	37	0	0.100843277	2.77104007	2.77104007	2.77104007	2.77104007	4.4408921e-16	0	0	0	0	0	3
15	39	0	0.108046368	2.77104007	2.77104007	2.77104007	2.77104007	4.4408921e-16	0	0	0	0	0	3
16	41	0	0.115249459	2.77104007	2.77104007	2.77104007	2.77104007	4.4408921e-16	0	0	0	0	0	3
17	43	0	0.122452551	2.77104007	2.77104007	2.77104007	2.77104007	4.4408921e-16	0	0	0	0	0	3
18	45	0	0.129655642	2.77104007	2.77104007	2.77104007	2.77104007	4.4408921e-16	0	0	0	0	0	3
19	47	0	0.136858733	2.77104007	2.77104007	2.77104007	2.77104007	4.4408921e-16	0	0	0	0	0	3
20	49	0	0.144061824	2.77104007	2.77104007	2.77104007	2.77104007	4.4408921e-16	0	0	0	0	0	3
21	51	0	0.151264916	2.77104007	2.77104007	2.77104007	2.77104007	4.4408921e-16	0	0	0	0	0	3
22	53	0	0.158468007	2.77104007	2.77104007	2.77104007	2.77104007	4.4408921e-16	0	0	0	0	0	3
23	55	0	0.165671098	2.77104007	2.77104007	2.77104007	2.77104007	4.4408921e-16	0	0	0	0	0	3
24	57	0	0.172874189	2.77104007	2.77104007	2.77104007	2.77104007	4.4408921e-16	0	0	0	0	0	3
25	59	0	0.18007728	2.77104007	2.77104007	2.77104007	2.77104007	4.4408921e-16	0	0	0	0	0	3
26	61	0	0.187280372	2.77104007	2.77104007	2.77104007	2.77104007	4.4408921e-16	0	0	0	0	0	3
27	63	0	0.194483463	2.77104007	2.77104007	2.77104007	2.77104007	4.4408921e-16	0	0	0	0	0	3
28	65	0	0.201686554	2.77104007	2.77104007	2.77104007	2.77104007	4.4408921e-16	0	0	0	0	0	3
29	67	0	0.208889645	2.77104007	2.77104007	2.77104007	2.77104007	4.4408921e-16	0	0	0	0	0	3
30	69	0	0.216092737	2.77104007	2.77104007	2.77104007	2.77104007	4.4408921e-16	0	0	0	0	0	3
31	72	0	0.223295828	2.77104007	2.77104007	2.77104007	2.77104007	4.4408921e-16	0	0	0	0	0	3
32	74	0	0.230498919	2.77104007	2.77104007	2.77104007	2.77104007	4.4408921e-16	0	0	0	0	0	3
33	76	0	0.23770201	2.77104007	2.77104007	2.77104007	2.77104007	4.4408921e-16	0	0	0	0	0	3
34	78	0	0.244905101	2.77104007	2.77104007	2.77104007	2.77104007	4.4408921e-16	0	0	0	0	0	3
35	80	0	0.252108193	2.77104007	2.77104007	2.77104007	2.77104007	4.4408921e-16	0	0	0	0	0	3
36	83	0	0.259311284	2.77104007	2.77104007	2.77104007	2.77104007	4.4408921e-16	0	0	0	0	0	3
37	85	0	0.266514375	2.77104007	2.77104007	2.77104007	2.77104007	4.4408921e-16	0	0	0	0	0	3
38	87	0	0.273717466	2.77104007	2.77104007	2.77104007	2.77104007	4.4408921e-16	0	0	0	0	0	3
39	89	0	0.280920557	2.77104007	2.77104007	2.77104007	2.77104007	4.4408921e-16	0	0	0	0	0	3
40	91	0	0.288123649	2.77104007	2.77104007	2.77104007	2.77104007	4.4408921e-16	0	0	0	0	0	3
41	94	0	0.29532674	2.77104007	2.77104007	2.77104007	2.77104007	4.4408921e-16	0	0	0	0	0	3
42	96	0	0.302529831	2.77104007	2.77104007	2.77104007	2.77104007	4.4408921e-16	0	0	0	0	0	3
43	98	0	0.309732922	2.77104007	2.77104007	2.77104007	2.77104007	4.4408921e-16	0	0	0	0	0	3
44	100	0	0.316936014	2.77104007	2.77104007	2.77104007	2.77104007	8.8817842e-16	0	0	0	0	0	3
45	103	0	0.324139105	2.77104007	2.77104007	2.77104007	2.77104007	8.8817842e-16	0	0	0	0	0	3
46	105	0	0.331342196	2.77104007	2.77104007	2.77104007	2.77104007	8.8817842e-16	0	0	0	0	0	3
47	107	0	0.338545287	2.77104007	2.77104007	2.77104007	2.77104007	8.8817842e-16	0	0	0	0	0	3
48	110	0	0.345748378	2.77104007	2.77104007	2.77104007	2.77104007	8.8817842e-16	0	0	0	0	0	3
49	112	0	0.35295147	2.77104007	2.77104007	2.77104007	2.77104007	8.8817842e-16	0	0	0	0	0	3
50	114	0	0.360154561	2.77104007	2.77104007	2.77104007	2.77104007	8.8817842e-16	0	0	0	0	0	3
51	116	0	0.367357652	2.77104007	2.77104007	2.77104007	2.77104007	8.8817842e-16	0	0	0	0	0	3
52	118	0	0.374560743	2.77104007	2.77104007	2.77104007	2.77104007	8.8817842e-16	0	0	0	0	0	3
53	121	0	0.381763835	2.77104007	2.77104007	2.77104007	2.77104007	8.8817842e-16	0	0	0	0	0	3
54	123	0	0.388966926	2.77104007	2.77104007	2.77104007	2.77104007	8.8817842e-16	0	0	0	0	0	3
55	125	0	0.396170017	2.77104007	2.77104007	2.77104007	2.77104007	8.8817842e-16	0	0	0	0	0	3
56	127	0	0.403373108	2.77104007	2.77104007	2.77104007	2.77104007	8.8817842e-16	0	0	0	0	0	3
57	129	0	0.410576199	2.77104007	2.77104007	2.77104007	2.77104007	8.8817842e-16	0	0	0	0	0	3
58	132	0	0.417779291	2.77104007	2.77104007	2.77104007	2.77104007	8.8817842e-16	0	0	0	0	0	3
59	134	0	0.424982382	2.77104007	2.77104007	2.77104007	2.77104007	8.8817842e-16	0	0	0	0	0	3
60	136	0	0.432185473	2.77104007	2.77104007	2.77104007	2.77104007	8.8817842e-16	0	0	0	0	0	3
61	138	0	0.439388564	2.77104007	2.77104007	2.77104007	2.77104007	8.8817842e-16	0	0	0	0	0	3
62	141	0	0.446591655	2.77104007	2.77104007	2.77104007	2.77104007	8.8817842e-16	0	0	0	0	0	3
63	143	0	0.453794747	2.77104007	2.77104007	2.77104007	2.77104007	8.8817842e-16	0	0	0	0	0	3
64	145	0	0.460997838	2.77104007	2.77104007	2.77104007	2.77104007	8.8817842e-16	0	0	0	0	0	3
65	147	0	0.468200929	2.77104007	2.77104007	2.77104007	2.77104007	8.8817842e-16	0	0	0	0	0	3
66	149	0	0.47540402	2.77104007	2.77104007	2.77104007	2.77104007	8.8817842e-16	0	0	0	0	0	3
67	152	0	0.482607112	2.77104007	2.77104007	2.77104007	2.77104007	8.8817842e-16	0	0	0	0	0	3
68	154	0	0.489810203	2.77104007	2.77104007	2.77104007	2.77104007	8.8817842e-16	0	0	0	0	0	3
69	156	0	0.497013294	2.77104007	2.77104007	2.77104007	2.77104007	8.8817842e-16	0	0	0	0	0	3
70	158	0	0.504216385	2.77104007	2.77104007	2.77104007	2.77104007	8.8817842e-16	0	0	0	0	0	3
71	160	0	0.511419476	2.77104007	2.77104007	2.77104007	2.77104007	8.8817842e-16	0	0	0	0	0	3
72	162	0	0.518622568	2.77104007	2.77104007	2.77104007	2.77104007	8.8817842e-16	0	0	0	0	0	3
73	164	0	0.525825659	2.77104007	2.77104007	2.77104007	2.77104007	8.8817842e-16	0	0	0	0	0	3
74	167	0	0.53302875	2.77104007	2.77104007	2.77104007	2.77104007	8.8817842e-16	0	0	0	0	0	3
75	169	0	0.540231841	2.77104007	2.77104007	2.77104007	2.77104007	8.8817842e-16	0	0	0	0	0	3
76	171	0	0.547434933	2.77104007	2.77104007	2.77104007	2.77104007	8.8817842e-16	0	0	0	0	0	3
77	173	0	0.554638024	2.77104007	2.77104007	2.77104007	2.77104007	8.8817842e-16	0	0	0	0	0	3
78	175	0	0.561841115	2.77104007	2.77104007	2.77104007	2.77104007	8.8817842e-16	0	0	0	0	0	3
79	177	0	0.569044206	2.77104007	2.77104007	2.77104007	2.77104007	8.8817842e-16	0	0	0	0	0	3
80	179	0	0.576247297	2.77104007	2.77104007	2.77104007	2.77104007	8.8817842e-16	0	0	0	0	0	3
81	182	0	0.583450389	2.77104007	2.77104007	2.77104007	2.77104007	8.8817842e-16	0	0	0	0	0	3
82	184	0	0.59065348	2.77104007	2.77104007	2.77104007	2.77104007	8.8817842e-16	0	0	0	0	0	3
83	186	0	0.597856571	2.77104007	2.77104007	2.77104007	2.77104007	8.8817842e-16	0	0	0	0	0	3
84	188	0	0.605059662	2.77104007	2.77104007	2.77104007	2.77104007	8.8817842e-16	0	0	0	0	0	3
85	190	0	0.612262754	2.77104007	2.77104007	2.77104007	2.77104007	8.8817842e-16	0	0	0	0	0	3
86	192	0	0.619465845	2.77104007	2.77104007	2.77104007	2.77104007	8.8817842e-16	0	0	0	0	0	3
87	194	0	0.626668936	2.77104007	2.77104007	2.77104007	2.77104007	8.8817842e-16	0	0	0	0	0	3
88	197	0	0.633872027	2.77104007	2.77104007	2.77104007	2.77104007	8.8817842e-16	0	0	0	0	0	3
89	199	0	0.641075118	2.77104007	2.77104007	2.77104007	2.77104007	8.8817842e-16	0	0	0	0	0	3
90	201	0	0.64827821	2.77104007	2.77104007	2.77104007	2.77104007	8.8817842e-16	0	0	0	0	0	3
91	203	0	0.655481301	2.77104007	2.77104007	2.77104007	2.77104007	8.8817842e-16	0	0	0	0	0	3
92	205	0	0.662684392	2.77104007	2.77104007	2.77104007	2.77104007	8.8817842e-16	0	0	0	0	0	3
93	208	0	0.669887483	2.77104007	2.77104007	2.77104007	2.77104007	8.8817842e-16	0	0	0	0	0	3
94	210	0	0.677090574	2.77104007	2.77104007	2.77104007	2.77104007	8.8817842e-16	0	0	0	0	0	3
95	212	0	0.684293666	2.77104007	2.77104007	2.77104007	2.77104007	8.8817842e-16	0	0	0	0	0	3
96	214	0	0.691496757	2.77104007	2.77104007	2.77104007	2.77104007	8.8817842e-16	0	0	0	0	0	3
97	216	0	0.698699848	2.77104007	2.77104007	2.77104007	2.77104007	8.8817842e-16	0	0	0	0	0	3
98	218	0	0.705902939	2.77104007	2.77104007	2.77104007	2.77104007	8.8817842e-16	0	0	0	0	0	3
99	220	0	0.713106031	2.77104007	2.77104007	2.77104007	2.77104007	8.8817842e-16	0	0	0	0	0	3
100	223	0	0.720309122	2.77104007	2.77104007	2.77104007	2.77104007	8.8817842e-16	0	0	0	0	0	3
101	227	0	0.727512213	2.77104007	2.77104007	2.77104007	2.77104007	8.8817842e-16	0	0	0	0	0	3
102	230	0	0.734715304	2.77104007	2.77104007	2.77104007	2.77104007	8.8817842e-16	0	0	0	0	0	3
103	232	0	0.741918395	2.77104007	2.77104007	2.77104007	2.77104007	8.8817842e-16	0	0	0	0	0	3
104	234	0	0.749121487	2.77104007	2.77104007	2.77104007	2.77104007	8.8817842e-16	0	0	0	0	0	3
105	236	0	0.756324578	2.77104007	2.77104007	2.77104007	2.77104007	8.8817842e-16	0	0	0	0	0	3
106	238	0	0.763527669	2.77104007	2.77104007	2.77104007	2.77104007	8.8817842e-16	0	0	0	0	0	3
107	240	0	0.77073076	2.77104007	2.77104007	2.77104007	2.77104007	8.8817842e-16	0	0	0	0	0	3
108	242	0	0.777933852	2.77104007	2.77104007	2.77104007	2.77104007	8.8817842e-16	0	0	0	0	0	3
109	244	0	0.785136943	2.77104007	2.77104007	2.77104007	2.77104007	8.8817842e-16	0	0	0	0	0	3
110	246	0	0.792340034	2.77104007	2.77104007	2.77104007	2.77104007	8.8817842e-16	0	0	0	0	0	3
111	249	0	0.799543125	2.77104007	2.77104007	2.77104007	2.77104007	8.8817842e-16	0	0	0	0	0	3
112	251	0	0.806746216	2.77104007	2.77104007	2.77104007	2.77104007	8.8817842e-16	0	0	0	0	0	3
113	253	0	0.813949308	2.77104007	2.77104007	2.77104007	2.77104007	8.8817842e-16	0	0	0	0	0	3
114	255	0	0.821152399	2.77104007	2.77104007	2.77104007	2.77104007	0	0	0	0	0	0	3
115	257	0	0.82835549	2.77104007	2.77104007	2.77104007	2.77104007	0	0	0	0	0	0	3
116	259	0	0.835558581	2.77104007	2.77104007	2.77104007	2.77104007	0	0	0	0	0	0	3
117	261	0	0.842761672	2.77104007	2.77104007	2.77104007	2.77104007	0	0	0	0	0	0	3
118	263	0	0.849964764	2.77104007	2.77104007	2.77104007	2.77104007	0	0	0	0	0	0	3
119	265	0	0.857167855	2.77104007	2.77104007	2.77104007	2.77104007	0	0	0	0	0	0	3
120	268	0	0.864370946	2.77104007	2.77104007	2.77104007	2.77104007	0	0	0	0	0	0	3
121	270	0	0.871574037	2.77104007	2.77104007	2.77104007	2.77104007	0	0	0	0	0	0	3
122	272	0	0.878777129	2.77104007	2.77104007	2.77104007	2.77104007	0	0	0	0	0	0	3
123	274	0	0.88598022	2.77104007	2.77104007	2.77104007	2.77104007	0	0	0	0	0	0	3
124	276	0	0.893183311	2.77104007	2.77104007	2.77104007	2.77104007	0	0	0	0	0	0	3
125	278	0	0.900386402	2.77104007	2.77104007	2.77104007	2.77104007	0	0	0	0	0	0	3
126	280	0	0.907589493	2.77104007	2.77104007	2.77104007	2.77104007	0	0	0	0	0	0	3
127	282	0	0.914792585	2.77104007	2.77104007	2.77104007	2.77104007	0	0	0	0	0	0	3
128	285	0	0.921995676	2.77104007	2.77104007	2.77104007	2.77104007	0	0	0	0	0	0	3
129	287	0	0.929198767	2.77104007	2.77104007	2.77104007	2.77104007	0	0	0	0	0	0	3
130	289	0	0.936401858	2.77104007	2.77104007	2.77104007	2.77104007	0	0	0	0	0	0	3
131	291	0	0.94360495	2.77104007	2.77104007	2.77104007	2.77104007	0	0	0	0	0	0	3
132	293	0	0.950808041	2.77104007	2.77104007	2.77104007	2.77104007	0	0	0	0	0	0	3
133	295	0	0.958011132	2.77104007	2.77104007	2.77104007	2.77104007	0	0	0	0	0	0	3
134	298	0	0.965214223	2.77104007	2.77104007	2.77104007	2.77104007	0	0	0	0	0	0	3
135	300	0	0.972417314	2.77104007	2.77104007	2.77104007	2.77104007	0	0	0	0	0	0	3
136	302	0	0.979620406	2.77104007	2.77104007	2.77104007	2.77104007	0	0	0	0	0	0	3
137	304	0	0.986823497	2.77104007	2.77104007	2.77104007	2.77104007	0	0	0	0	0	0	3
138	306	0	0.994026588	2.77104007	2.77104007	2.77104007	2.77104007	0	0	0	0	0	0	3
139	308	0	1.00122968	2.77104007	2.77104007	2.77104007	2.77104007	0	0.00277104007	0	0	0	0	3
140	310	0	1.00843277	2.77104007	2.77104007	2.77104007	2.77104007	0	0.00277104007	0	0	0	0	3
141	312	0	1.01563586	2.77104007	2.77104007	2.77104007	2.77104007	0	0.00277104007	0	0	0	0	3
142	314	0	1.02283895	2.77104007	2.77104007	2.77104007	2.77104007	0	0.00277104007	0	0	0	0	3
143	316	0	1.03004204	2.77104007	2.77104007	2.77104007	2.77104007	0	0.00277104007	0	0	0	0	3
144	318	0	1.03724514	2.77104007	2.77104007	2.77104007	2.77104007	0	0.00277104007	0	0	0	0	3
145	320	0	1.04444823	2.77104007	2.77104007	2.77104007	2.77104007	0	0.00277104007	0	0	0	0	3
146	322	0	1.05165132	2.77104007	2.77104007	2.77104007	2.77104007	0	0.00277104007	0	0	0	0	3
147	325	0	1.05885441	2.77104007	2.77104007	2.77104007	2.77104007	0	0.00277104007	0	0	0	0	3
148	327	0	1.0660575	2.77104007	2.77104007	2.77104007	2.77104007	0	0.00277104007	0	0	0	0	3
149	329	0	1.07326059	2.77104007	2.77104007	2.77104007	2.77104007	0	0.00277104007	0	0	0	0	3
150	331	0	1.08046368	2.77104007	2.77104007	2.77104007	2.77104007	0	0.00277104007	0	0	0	0	3
151	333	0	1.08766677	2.77104007	2.77104007	2.77104007	2.77104007	0	0.00277104007	0	0	0	0	3
152	335	0	1.09486987	2.77104007	2.77104007	2.77104007	2.77104007	0	0.00277104007	0	0	0	0	3
153	337	0	1.10207296	2.77104007	2.77104007	2.77104007	2.77104007	0	0.00277104007	0	0	0	0	3
154	339	0	1.10927605	2.77104007	2.77104007	2.77104007	2.77104007	0	0.00277104007	0	0	0	0	3
155	341	0	1.11647914	2.77104007	2.77104007	2.77104007	2.77104007	0	0.00277104007	0	0	0	0	3
156	343	0	1.12368223	2.77104007	2.77104007	2.77104007	2.77104007	0	0.00277104007	0	0	0	0	3
157	345	0	1.13088532	2.77104007	2.77104007	2.77104007	2.77104007	0	0.00277104007	0	0	0	0	3
158	347	0	1.13808841	2.77104007	2.77104007	2.77104007	2.77104007	0	0.00277104007	0	0	0	0	3
159	349	0	1.1452915	2.77104007	2.77104007	2.77104007	2.77104007	0	0.00277104007	0	0	0	0	3
160	351	0	1.15249459	2.77104007	2.77104007	2.77104007	2.77104007	0	0.00277104007	0	0	0	0	3
161	353	0	1.15969769	2.77104007	2.77104007	2.77104007	2.77104007	0	0.00277104007	0	0	0	0	3
162	356	0	1.16690078	2.77104007	2.77104007	2.77104007	2.77104007	0	0.00277104007	0	0	0	0	3
163	358	0	1.17410387	2.77104007	2.77104007	2.77104007	2.77104007	0	0.00277104007	0	0	0	0	3
164	360	0	1.18130696	2.77104007	2.77104007	2.77104007	2.77104007	0	0.00277104007	0	0	0	0	3
165	362	0	1.18851005	2.77104007	2.77104007	2.77104007	2.77104007	0	0.00277104007	0	0	0	0	3
166	365	0	1.19571314	2.77104007	2.77104007	2.77104007	2.77104007	0	0.00277104007	0	0	0	0	3
167	367	0	1.20291623	2.77104007	2.77104007	2.77104007	2.77104007	0	0.00277104007	0	0	0	0	3
168	369	0	1.21011932	2.77104007	2.77104007	2.77104007	2.77104007	0	0.00277104007	0	0	0	0	3
169	371	0	1.21732242	2.77104007	2.77104007	2.77104007	2.77104007	0	0.00277104007	0	0	0	0	3
170	373	0	1.22452551	2.77104007	2.77104007	2.77104007	2.77104007	0	0.00277104007	0	0	0	0	3
171	375	0	1.2317286	2.77104007	2.77104007	2.77104007	2.77104007	0	0.00277104007	0	0	0	0	3
172	377	0	1.23893169	2.77104007	2.77104007	2.77104007	2.77104007	0	0.00277104007	0	0	0	0	3
173	379	0	1.24613478	2.77104007	2.77104007	2.77104007	2.77104007	0	0.00277104007	0	0	0	0	3
174	381	0	1.25333787	2.77104007	2.77104007	2.77104007	2.77104007	0	0.00277104007	0	0	0	0	3
175	383	0	1.26054096	2.77104007	2.77104007	2.77104007	2.77104007	0	0.00277104007	0	0	0	0	3
176	386	0	1.26774405	2.77104007	2.77104007	2.77104007	2.77104007	0	0.00277104007	0	0	0	0	3
177	388	0	1.27494715	2.77104007	2.77104007	2.77104007	2.77104007	0	0.00277104007	0	0	0	0	3
178	390	0	1.28215024	2.77104007	2.77104007	2.77104007	2.77104007	0	0.00277104007	0	0	0	0	3
179	392	0	1.28935333	2.77104007	2.77104007	2.77104007	2.77104007	0	0.00277104007	0	0	0	0	3
180	394	0	1.29655642	2.77104007	2.77104007	2.77104007	2.77104007	0	0.00277104007	0	0	0	0	3
181	397	0	1.30375951	2.77104007	2.77104007	2.77104007	2.77104007	0	0.00277104007	0	0	0	0	3
182	399	0	1.3109626	2.77104007	2.77104007	2.77104007	2.77104007	0	0.00277104007	0	0	0	0	3
183	401	0	1.31816569	2.77104007	2.77104007	2.77104007	2.77104007	0	0.00277104007	0	0	0	0	3
184	403	0	1.32536878	2.77104007	2.77104007	2.77104007	2.77104007	0	0.00277104007	0	0	0	0	3
185	405	0	1.33257188	2.77104007	2.77104007	2.77104007	2.77104007	0	0.00277104007	0	0	0	0	3
186	408	0	1.33977497	2.77104007	2.77104007	2.77104007	2.77104007	0	0.00277104007	0	0	0	0	3
187	410	0	1.34697806	2.77104007	2.77104007	2.77104007	2.77104007	0	0.00277104007	0	0	0	0	3
188	413	0	1.35418115	2.77104007	2.77104007	2.77104007	2.77104007	0	0.00277104007	0	0	0	0	3
189	415	0	1.36138424	2.77104007	2.77104007	2.77104007	2.77104007	0	0.00277104007	0	0	0	0	3
190	417	0	1.36858733	2.77104007	2.77104007	2.77104007	2.77104007	0	0.00277104007	0	0	0	0	3
191	419	0	1.37579042	2.77104007	2.77104007	2.77104007	2.77104007	0	0.00277104007	0	0	0	0	3
192	421	0	1.38299351	2.77104007	2.77104007	2.77104007	2.77104007	0	0.00277104007	0	0	0	0	3
193	423	0	1.39019661	2.77104007	2.77104007	2.77104007	2.77104007	0	0.00277104007	0	0	0	0	3
194	425	0	1.3973997	2.77104007	2.77104007	2.77104007	2.77104007	0	0.00277104007	0	0	0	0	3
195	428	0	1.40460279	2.77104007	2.77104007	2.77104007	2.77104007	0	0.00277104007	0	0	0	0	3
196	430	0	1.41180588	2.77104007	2.77104007	2.77104007	2.77104007	0	0.00277104007	0	0	0	0	3
197	432	0	1.41900897	2.77104007	2.77104007	2.77104007	2.77104007	0	0.00277104007	0	0	0	0	3
198	434	0	1.42621206	2.77104007	2.77104007	2.77104007	2.77104007	0	0.00277104007	0	0	0	0	3
199	436	0	1.43341515	2.77104007	2.77104007	2.77104007	2.77104007	0	0.00277104007	0	0	0	0	3
200	439	0	1.44061824	2.77104007	2.77104007	2.77104007	2.77104007	0	0.00277104007	0	0	0	0	3
201	444	0	1.44782133	2.77104007	2.77104007	2.77104007	2.77104007	0	0.00277104007	0	0	0	0	3
202	446	0	1.45502443	2.77104007	2.77104007	2.77104007	2.77104007	0	0.00277104007	0	0	0	0	3
203	448	0	1.46222752	2.77104007	2.77104007	2.77104007	2.77104007	0	0.00277104007	0	0	0	0	3
204	450	0	1.46943061	2.77104007	2.77104007	2.77104007	2.77104007	0	0.00277104007	0	0	0	0	3
205	452	0	1.4766337	2.77104007	2.77104007	2.77104007	2.77104007	0	0.00277104007	0	0	0	0	3
206	454	0	1.48383679	2.77104007	2.77104007	2.77104007	2.77104007	0	0.00277104007	0	0	0	0	3
207	456	0	1.49103988	2.77104007	2.77104007	2.77104007	2.77104007	0	0.00277104007	0	0	0	0	3
208	458	0	1.49824297	2.77104007	2.77104007	2.77104007	2.77104007	0	0.00277104007	0	0	0	0	3
209	460	0	1.50544606	2.77104007	2.77104007	2.77104007	2.77104007	0	0.00277104007	0	0	0	0	3
210	462	0	1.51264916	2.77104007	2.77104007	2.77104007	2.77104007	0	0.00277104007	0	0	0	0	3
211	464	0	1.51985225	2.77104007	2.77104007	2.77104007	2.77104007	0	0.00277104007	0	0	0	0	3
212	466	0	1.52705534	2.77104007	2.77104007	2.77104007	2.77104007	0	0.00277104007	0	0	0	0	3
213	469	0	1.53425843	2.77104007	2.77104007	2.77104007	2.77104007	0	0.00277104007	0	0	0	0	3
214	471	0	1.54146152	2.77104007	2.77104007	2.77104007	2.77104007	0	0.00277104007	0	0	0	0	3
215	473	0	1.54866461	2.77104007	2.77104007	2.77104007	2.77104007	0	0.00277104007	0	0	0	0	3
216	476	0	1.5558677	2.77104007	2.77104007	2.77104007	2.77104007	0	0.00277104007	0	0	0	0	3
217	478	0	1.56307079	2.77104007	2.77104007	2.77104007	2.77104007	0	0.00277104007	0	0	0	0	3
218	480	0	1.57027389	2.77104007	2.77104007	2.77104007	2.77104007	0	0.00277104007	0	0	0	0	3
219	482	0	1.57747698	2.77104007	2.77104007	2.77104007	2.77104007	0	0.00277104007	0	0	0	0	3
220	485	0	1.58468007	2.77104007	2.77104007	2.77104007	2.77104007	0	0.00277104007	0	0	0	0	3
221	487	0	1.59188316	2.77104007	2.77104007	2.77104007	2.77104007	0	0.00277104007	0	0	0	0	3
222	489	0	1.59908625	2.77104007	2.77104007	2.77104007	2.77104007	0	0.00277104007	0	0	0	0	3
223	491	0	1.60628934	2.77104007	2.77104007	2.77104007	2.77104007	0	0.00277104007	0	0	0	0	3
224	493	0	1.61349243	2.77104007	2.77104007	2.77104007	2.77104007	0	0.00277104007	0	0	0	0	3
225	496	0	1.62069552	2.77104007	2.77104007	2.77104007	2.77104007	0	0.00277104007	0	0	0	0	3
226	498	0	1.62789862	2.77104007	2.77104007	2.77104007	2.77104007	0	0.00277104007	0	0	0	0	3
227	500	0	1.63510171	2.77104007	2.77104007	2.77104007	2.77104007	0	0.00277104007	0	0	0	0	3
228	502	0	1.6423048	2.77104007	2.77104007	2.77104007	2.77104007	0	0.00277104007	0	0	0	0	3
229	504	0	1.64950789	2.77104007	2.77104007	2.77104007	2.77104007	0	0.00277104007	0	0	0	0	3
230	506	0	1.65671098	2.77104007	2.77104007	2.77104007	2.77104007	0	0.00277104007	0	0	0	0	3
231	509	0	1.66391407	2.77104007	2.77104007	2.77104007	2.77104007	0	0.00277104007	0	0	0	0	3
232	511	0	1.67111716	2.77104007	2.77104007	2.77104007	2.77104007	0	0.00277104007	0	0	0	0	3
233	513	0	1.67832025	2.77104007	2.77104007	2.77104007	2.77104007	0	0.00277104007	0	0	0	0	3
234	516	0	1.68552334	2.77104007	2.77104007	2.77104007	2.77104007	0	0.00277104007	0	0	0	0	3
235	518	0	1.69272644	2.77104007	2.77104007	2.77104007	2.77104007	0	0.00277104007	0	0	0	0	3
236	520	0	1.69992953	2.77104007	2.77104007	2.77104007	2.77104007	0	0.00277104007	0	0	0	0	3
237	522	0	1.70713262	2.77104007	2.77104007	2.77104007	2.77104007	0	0.00277104007	0	0	0	0	3
238	524	0	1.71433571	2.77104007	2.77104007	2.77104007	2.77104007	0	0.00277104007	0	0	0	0	3
239	526	0	1.7215388	2.77104007	2.77104007	2.77104007	2.77104007	0	0.00277104007	0	0	0	0	3
240	528	0	1.72874189	2.77104007	2.77104007	2.77104007	2.77104007	0	0.00277104007	0	0	0	0	3
241	531	0	1.73594498	2.77104007	2.77104007	2.77104007	2.77104007	0	0.00277104007	0	0	0	0	3
242	534	0	1.74314807	2.77104007	2.77104007	2.77104007	2.77104007	0	0.00277104007	0	0	0	0	3
243	536	0	1.75035117	2.77104007	2.77104007	2.77104007	2.77104007	0	0.00277104007	0	0	0	0	3
244	538	0	1.75755426	2.77104007	2.77104007	2.77104007	2.77104007	0	0.00277104007	0	0	0	0	3
245	540	0	1.76475735	2.77104007	2.77104007	2.77104007	2.77104007	0	0.00277104007	0	0	0	0	3
246	543	0	1.77196044	2.77104007	2.77104007	2.77104007	2.77104007	0	0.00277104007	0	0	0	0	3
247	545	0	1.77916353	2.77104007	2.77104007	2.77104007	2.77104007	0	0.00277104007	0	0	0	0	3
248	547	0	1.78636662	2.77104007	2.77104007	2.77104007	2.77104007	0	0.00277104007	0	0	0	0	3
249	549	0	1.79356971	2.77104007	2.77104007	2.77104007	2.77104007	0	0.00277104007	0	0	0	0	3
250	552	0	1.8007728	2.77104007	2.77104007	2.77104007	2.77104007	0	0.00277104007	0	0	0	0	3
251	554	0	1.8079759	2.77104007	2.77104007	2.77104007	2.77104007	0	0.00277104007	0	0	0	0	3
252	556	0	1.81517899	2.77104007	2.77104007	2.77104007	2.77104007	0	0.00277104007	0	0	0	0	3
253	558	0	1.82238208	2.77104007	2.77104007	2.77104007	2.77104007	0	0.00277104007	0	0	0	0	3
254	560	0	1.82958517	2.77104007	2.77104007	2.77104007	2.77104007	0	0.00277104007	0	0	0	0	3
255	563	0	1.83678826	2.77104007	2.77104007	2.77104007	2.77104007	0	0.00277104007	0	0	0	0	3
256	565	0	1.84399135	2.77104007	2.77104007	2.77104007	2.77104007	0	0.00277104007	0	0	0	0	3
257	567	0	1.85119444	2.77104007	2.77104007	2.77104007	2.77104007	0	0.00277104007	0	0	0	0	3
258	569	0	1.85839753	2.77104007	2.77104007	2.77104007	2.77104007	0	0.00277104007	0	0	0	0	3
259	571	0	1.86560063	2.77104007	2.77104007	2.77104007	2.77104007	0	0.00277104007	0	0	0	0	3
260	573	0	1.87280372	2.77104007	2.77104007	2.77104007	2.77104007	0	0.00277104007	0	0	0	0	3
261	575	0	1.88000681	2.77104007	2.77104007	2.77104007	2.77104007	0	0.00277104007	0	0	0	0	3
262	578	0	1.8872099	2.77104007	2.77104007	2.77104007	2.77104007	0	0.00277104007	0	0	0	0	3
263	580	0	1.89441299	2.77104007	2.77104007	2.77104007	2.77104007	0	0.00277104007	0	0	0	0	3
264	583	0	1.90161608	2.77104007	2.77104007	2.77104007	2.77104007	0	0.00277104007	0	0	0	0	3
265	585	0	1.90881917	2.77104007	2.77104007	2.77104007	2.77104007	0	0.00277104007	0	0	0	0	3
266	587	0	1.91602226	2.77104007	2.77104007	2.77104007	2.77104007	0	0.00277104007	0	0	0	0	3
267	590	0	1.92322536	2.77104007	2.77104007	2.77104007	2.77104007	0	0.00277104007	0	0	0	0	3
268	592	0	1.93042845	2.77104007	2.77104007	2.77104007	2.77104007	0	0.00277104007	0	0	0	0	3
269	594	0	1.93763154	2.77104007	2.77104007	2.77104007	2.77104007	0	0.00277104007	0	0	0	0	3
270	596	0	1.94483463	2.77104007	2.77104007	2.77104007	2.77104007	0	0.00277104007	0	0	0	0	3
271	598	0	1.95203772	2.77104007	2.77104007	2.77104007	2.77104007	0	0.00277104007	0	0	0	0	3
272	601	0	1.95924081	2.77104007	2.77104007	2.77104007	2.77104007	0	0.00277104007	0	0	0	0	3
273	603	0	1.9664439	2.77104007	2.77104007	2.77104007	2.77104007	0	0.00277104007	0	0	0	0	3
274	605	0	1.97364699	2.77104007	2.77104007	2.77104007	2.77104007	0	0.00277104007	0	0	0	0	3
275	607	0	1.98085008	2.77104007	2.77104007	2.77104007	2.77104007	0	0.00277104007	0	0	0	0	3
276	609	0	1.98805318	2.77104007	2.77104007	2.77104007	2.77104007	0	0.00277104007	0	0	0	0	3
277	611	0	1.99525627	2.77104007	2.77104007	2.77104007	2.77104007	0	0.00277104007	0	0	0	0	3
278	613	0	2.00245936	2.77104007	2.77104007	2.77104007	2.77104007	0	0.00277104007	0	0	0	0	3
279	616	0	2.00966245	2.77104007	2.77104007	2.77104007	2.77104007	0	0.00277104007	0	0	0	0	3
280	618	0	2.01686554	2.77104007	2.77104007	2.77104007	2.77104007	0	0.00277104007	0	0	0	0	3
281	620	0	2.02406863	2.77104007	2.77104007	2.77104007	2.77104007	0	0.00277104007	0	0	0	0	3
282	622	0	2.03127172	2.77104007	2.77104007	2.77104007	2.77104007	0	0.00277104007	0	0	0	0	3
283	624	0	2.03847481	2.77104007	2.77104007	2.77104007	2.77104007	0	0.00277104007	0	0	0	0	3
284	627	0	2.04567791	2.77104007	2.77104007	2.77104007	2.77104007	0	0.00277104007	0	0	0	0	3
285	629	0	2.052881	2.77104007	2.77104007	2.77104007	2.77104007	0	0.00277104007	0	0	0	0	3
286	632	0	2.06008409	2.77104007	2.77104007	2.77104007	2.77104007	0	0.00277104007	0	0	0	0	3
287	634	0	2.06728718	2.77104007	2.77104007	2.77104007	2.77104007	0	0.00277104007	0	0	0	0	3
288	637	0	2.07449027	2.77104007	2.77104007	2.77104007	2.77104007	0	0.00277104007	0	0	0	0	3
289	639	0	2.08169336	2.77104007	2.77104007	2.77104007	2.77104007	0	0.00277104007	0	0	0	0	3
290	641	0	2.08889645	2.77104007	2.77104007	2.77104007	2.77104007	0	0.00277104007	0	0	0	0	3
291	643	0	2.09609954	2.77104007	2.77104007	2.77104007	2.77104007	0	0.00277104007	0	0	0	0	3
292	645	0	2.10330264	2.77104007	2.77104007	2.77104007	2.77104007	0	0.00277104007	0	0	0	0	3
293	647	0	2.11050573	2.77104007	2.77104007	2.77104007	2.77104007	0	0.00277104007	0	0	0	0	3
294	650	0	2.11770882	2.77104007	2.77104007	2.77104007	2.77104007	0	0.00277104007	0	0	0	0	3
295	652	0	2.12491191	2.77104007	2.77104007	2.77104007	2.77104007	0	0.00277104007	0	0	0	0	3
296	654	0	2.132115	2.77104007	2.77104007	2.77104007	2.77104007	0	0.00277104007	0	0	0	0	3
297	656	0	2.13931809	2.77104007	2.77104007	2.77104007	2.77104007	0	0.00277104007	0	0	0	0	3
298	658	0	2.14652118	2.77104007	2.77104007	2.77104007	2.77104007	0	0.00277104007	0	0	0	0	3
299	660	0	2.15372427	2.77104007	2.77104007	2.77104007	2.77104007	0	0.00277104007	0	0	0	0	3
300	663	0	2.16092737	2.77104007	2.77104007	2.77104007	2.77104007	0	0.00277104007	0	0	0	0	3
301	668	0	2.16813046	2.77104007	2.77104007	2.77104007	2.77104007	0	0.00277104007	0	0	0	0	3
302	670	0	2.17533355	2.77104007	2.77104007	2.77104007	2.77104007	0	0.00277104007	0	0	0	0	3
303	672	0	2.18253664	2.77104007	2.77104007	2.77104007	2.77104007	0	0.00277104007	0	0	0	0	3
304	674	0	2.18973973	2.77104007	2.77104007	2.77104007	2.77104007	0	0.00277104007	0	0	0	0	3
305	676	0	2.19694282	2.77104007	2.77104007	2.77104007	2.77104007	0	0.00277104007	0	0	0	0	3
306	678	0	2.20414591	2.77104007	2.77104007	2.77104007	2.77104007	0	0.00277104007	0	0	0	0	3
307	680	0	2.211349	2.77104007	2.77104007	2.77104007	2.77104007	0	0.00277104007	0	0	0	0	3
308	682	0	2.2185521	2.77104007	2.77104007	2.77104007	2.77104007	0	0.00277104007	0	0	0	0	3
309	684	0	2.22575519	2.77104007	2.77104007	2.77104007	2.77104007	0	0.00277104007	0	0	0	0	3
310	686	0	2.23295828	2.77104007	2.77104007	2.77104007	2.77104007	0	0.00277104007	0	0	0	0	3
311	689	0	2.24016137	2.77104007	2.77104007	2.77104007	2.77104007	0	0.00277104007	0	0	0	0	3
312	691	0	2.24736446	2.77104007	2.77104007	2.77104007	2.77104007	0	0.00277104007	0	0	0	0	3
313	693	0	2.25456755	2.77104007	2.77104007	2.77104007	2.77104007	0	0.00277104007	0	0	0	0	3
314	695	0	2.26177064	2.77104007	2.77104007	2.77104007	2.77104007	0	0.00277104007	0	0	0	0	3
315	697	0	2.26897373	2.77104007	2.77104007	2.77104007	2.77104007	0	0.00277104007	0	0	0	0	3
316	700	0	2.27617682	2.77104007	2.77104007	2.77104007	2.77104007	0	0.00277104007	0	0	0	0	3
317	702	0	2.28337992	2.77104007	2.77104007	2.77104007	2.77104007	0	0.00277104007	0	0	0	0	3
318	704	0	2.29058301	2.77104007	2.77104007	2.77104007	2.77104007	0	0.00277104007	0	0	0	0	3
319	707	0	2.2977861	2.77104007	2.77104007	2.77104007	2.77104007	0	0.00277104007	0	0	0	0	3
320	709	0	2.30498919	2.77104007	2.77104007	2.77104007	2.77104007	0	0.00277104007	0	0	0	0	3
321	712	0	2.31219228	2.77104007	2.77104007	2.77104007	2.77104007	0	0.00277104007	0	0	0	0	3
322	714	0	2.31939537	2.77104007	2.77104007	2.77104007	2.77104007	0	0.00277104007	0	0	0	0	3
323	716	0	2.32659846	2.77104007	2.77104007	2.77104007	2.77104007	0	0.00277104007	0	0	0	0	3
324	718	0	2.33380155	2.77104007	2.77104007	2.77104007	2.77104007	0	0.00277104007	0	0	0	0	3
325	721	0	2.34100465	2.77104007	2.77104007	2.77104007	2.77104007	0	0.00277104007	0	0	0	0	3
326	723	0	2.34820774	2.77104007	2.77104007	2.77104007	2.77104007	0	0.00277104007	0	0	0	0	3
327	725	0	2.35541083	2.77104007	2.77104007	2.77104007	2.77104007	0	0.00277104007	0	0	0	0	3
328	727	0	2.36261392	2.77104007	2.77104007	2.77104007	2.77104007	0	0.00277104007	0	0	0	0	3
329	729	0	2.36981701	2.77104007	2.77104007	2.77104007	2.77104007	0	0.00277104007	0	0	0	0	3
330	732	0	2.3770201	2.77104007	2.77104007	2.77104007	2.77104007	0	0.00277104007	0	0	0	0	3
331	734	0	2.38422319	2.77104007	2.77104007	2.77104007	2.77104007	0	0.00277104007	0	0	0	0	3
332	736	0	2.39142628	2.77104007	2.77104007	2.77104007	2.77104007	0	0.00277104007	0	0	0	0	3
333	738	0	2.39862938	2.77104007	2.77104007	2.77104007	2.77104007	0	0.00277104007	0	0	0	0	3
334	740	0	2.40583247	2.77104007	2.77104007	2.77104007	2.77104007	0	0.00277104007	0	0	0	0	3
335	742	0	2.41303556	2.77104007	2.77104007	2.77104007	2.77104007	0	0.00277104007	0	0	0	0	3
336	744	0	2.42023865	2.77104007	2.77104007	2.77104007	2.77104007	0	0.00277104007	0	0	0	0	3
337	747	0	2.42744174	2.77104007	2.77104007	2.77104007	2.77104007	0	0.00277104007	0	0	0	0	3
338	749	0	2.43464483	2.77104007	2.77104007	2.77104007	2.77104007	0	0.00277104007	0	0	0	0	3
339	752	0	2.44184792	2.77104007	2.77104007	2.77104007	2.77104007	0	0.00277104007	0	0	0	0	3
340	754	0	2.44905101	2.77104007	2.77104007	2.77104007	2.77104007	0	0.00277104007	0	0	0	0	3
341	756	0	2.45625411	2.77104007	2.77104007	2.77104007	2.77104007	0	0.00277104007	0	0	0	0	3
342	758	0	2.4634572	2.77104007	2.77104007	2.77104007	2.77104007	0	0.00277104007	0	0	0	0	3
343	760	0	2.47066029	2.77104007	2.77104007	2.77104007	2.77104007	0	0.00277104007	0	0	0	0	3
344	762	0	2.47786338	2.77104007	2.77104007	2.77104007	2.77104007	0	0.00277104007	0	0	0	0	3
345	765	0	2.48506647	2.77104007	2.77104007	2.77104007	2.77104007	0	0.00277104007	0	0	0	0	3
346	767	0	2.49226956	2.77104007	2.77104007	2.77104007	2.77104007	0	0.00277104007	0	0	0	0	3
347	770	0	2.49947265	2.77104007	2.77104007	2.77104007	2.77104007	0	0.00277104007	0	0	0	0	3
348	772	0	2.50667574	2.77104007	2.77104007	2.77104007	2.77104007	0	0.00277104007	0	0	0	0	3
349	774	0	2.51387883	2.77104007	2.77104007	2.77104007	2.77104007	0	0.00277104007	0	0	0	0	3
350	777	0	2.52108193	2.77104007	2.77104007	2.77104007	2.77104007	0	0.00277104007	0	0	0	0	3
351	779	0	2.52828502	2.77104007	2.77104007	2.77104007	2.77104007	0	0.00277104007	0	0	0	0	3
352	781	0	2.53548811	2.77104007	2.77104007	2.77104007	2.77104007	0	0.00277104007	0	0	0	0	3
353	783	0	2.5426912	2.77104007	2.77104007	2.77104007	2.77104007	0	0.00277104007	0	0	0	0	3
354	785	0	2.54989429	2.77104007	2.77104007	2.77104007	2.77104007	0	0.00277104007	0	0	0	0	3
355	787	0	2.55709738	2.77104007	2.77104007	2.77104007	2.77104007	0	0.00277104007	0	0	0	0	3
356	791	0	2.56430047	2.77104007	2.77104007	2.77104007	2.77104007	0	0.00277104007	0	0	0	0	3
357	793	0	2.57150356	2.77104007	2.77104007	2.77104007	2.77104007	0	0.00277104007	0	0	0	0	3
358	795	0	2.57870666	2.77104007	2.77104007	2.77104007	2.77104007	0	0.00277104007	0	0	0	0	3
359	797	0	2.58590975	2.77104007	2.77104007	2.77104007	2.77104007	0	0.00277104007	0	0	0	0	3
360	800	0	2.59311284	2.77104007	2.77104007	2.77104007	2.77104007	0	0.00277104007	0	0	0	0	3
361	802	0	2.60031593	2.77104007	2.77104007	2.77104007	2.77104007	0	0.00277104007	0	0	0	0	3
362	804	0	2.60751902	2.77104007	2.77104007	2.77104007	2.77104007	0	0.00277104007	0	0	0	0	3
363	806	0	2.61472211	2.77104007	2.77104007	2.77104007	2.77104007	0	0.00277104007	0	0	0	0	3
364	808	0	2.6219252	2.77104007	2.77104007	2.77104007	2.77104007	0	0.00277104007	0	0	0	0	3
365	810	0	2.62912829	2.77104007	2.77104007	2.77104007	2.77104007	0	0.00277104007	0	0	0	0	3
366	812	0	2.63633139	2.77104007	2.77104007	2.77104007	2.77104007	0	0.00277104007	0	0	0	0	3
367	814	0	2.64353448	2.77104007	2.77104007	2.77104007	2.77104007	0	0.00277104007	0	0	0	0	3
368	817	0	2.65073757	2.77104007	2.77104007	2.77104007	2.77104007	0	0.00277104007	0	0	0	0	3
369	819	0	2.65794066	2.77104007	2.77104007	2.77104007	2.77104007	0	0.00277104007	0	0	0	0	3
370	822	0	2.66514375	2.77104007	2.77104007	2.77104007	2.77104007	0	0.00277104007	0	0	0	0	3
371	824	0	2.67234684	2.77104007	2.77104007	2.77104007	2.77104007	0	0.00277104007	0	0	0	0	3
372	826	0	2.67954993	2.77104007	2.77104007	2.77104007	2.77104007	0	0.00277104007	0	0	0	0	3
373	828	0	2.68675302	2.77104007	2.77104007	2.77104007	2.77104007	0	0.00277104007	0	0	0	0	3
374	830	0	2.69395612	2.77104007	2.77104007	2.77104007	2.77104007	0	0.00277104007	0	0	0	0	3
375	832	0	2.70115921	2.77104007	2.77104007	2.77104007	2.77104007	0	0.00277104007	0	0	0	0	3
376	834	0	2.7083623	2.77104007	2.77104007	2.77104007	2.77104007	0	0.00277104007	0	0	0	0	3
377	837	0	2.71556539	2.77104007	2.77104007	2.77104007	2.77104007	0	0.00277104007	0	0	0	0	3
378	839	0	2.72276848	2.77104007	2.77104007	2.77104007	2.77104007	0	0.00277104007	0	0	0	0	3
379	842	0	2.72997157	2.77104007	2.77104007	2.77104007	2.77104007	0	0.00277104007	0	0	0	0	3
380	845	0	2.73717466	2.77104007	2.77104007	2.77104007	2.77104007	0	0.00277104007	0	0	0	0	3
381	847	0	2.74437775	2.77104007	2.77104007	2.77104007	2.77104007	0	0.00277104007	0	0	0	0	3
382	849	0	2.75158085	2.77104007	2.77104007	2.77104007	2.77104007	0	0.00277104007	0	0	0	0	3
383	851	0	2.75878394	2.77104007	2.77104007	2.77104007	2.77104007	0	0.00277104007	0	0	0	0	3
384	854	0	2.76598703	2.77104007	2.77104007	2.77104007	2.77104007	0	0.00277104007	0	0	0	0	3
385	856	0	2.77319012	2.77104007	2.77104007	2.77104007	2.77104007	0	0.00277104007	0	0	0	0	3
386	858	0	2.78039321	2.77104007	2.77104007	2.77104007	2.77104007	0	0.00277104007	0	0	0	0	3
387	860	0	2.7875963	2.77104007	2.77104007	2.77104007	2.77104007	0	0.00277104007	0	0	0	0	3
388	862	0	2.79479939	2.77104007	2.77104007	2.77104007	2.77104007	0	0.00277104007	0	0	0	0	3
389	864	0	2.80200248	2.77104007	2.77104007	2.77104007	2.77104007	0	0.00277104007	0	0	0	0	3
390	867	0	2.80920557	2.77104007	2.77104007	2.77104007	2.77104007	0	0.00277104007	0	0	0	0	3
391	869	0	2.81640867	2.77104007	2.77104007	2.77104007	2.77104007	0	0.00277104007	0	0	0	0	3
392	871	0	2.82361176	2.77104007	2.77104007	2.77104007	2.77104007	0	0.00277104007	0	0	0	0	3
393	873	0	2.83081485	2.77104007	2.77104007	2.77104007	2.77104007	0	0.00277104007	0	0	0	0	3
394	876	0	2.83801794	2.77104007	2.77104007	2.77104007	2.77104007	0	0.00277104007	0	0	0	0	3
395	878	0	2.84522103	2.77104007	2.77104007	2.77104007	2.77104007	0	0.00277104007	0	0	0	0	3
