Iteration	CPUTime	PhysTime	Travels	Value	AvValue	MinValue	MaxValue	Delta	Criteria	PrevAvRefValue	Progress	CriteriaType	CriteriaVarType	CriteriaPercentage
1	13	0	0.00720309122	96403.3086	96403.3086	96403.3086	96403.3086	0	0	0	0	0	0	3
2	15	0	0.0144061824	94627.32	95515.3143	94627.32	96403.3086	887.994289	0	0	0	0	0	3
3	17	0	0.0216092737	94062.3697	95030.9995	94062.3697	96403.3086	1372.30917	0	0	0	0	0	3
4	19	0	0.0288123649	93755.0043	94712.0007	93755.0043	96403.3086	1691.30796	0	0	0	0	0	3
5	20	0	0.0360154561	93851.2065	94539.8418	93755.0043	96403.3086	1863.4668	0	0	0	0	0	3
6	22	0	0.0432185473	93828.271	94421.2467	93755.0043	96403.3086	1982.06194	0	0	0	0	0	3
7	24	0	0.0504216385	93867.1498	94342.09	93755.0043	96403.3086	2061.21864	0	0	0	0	0	3
8	26	0	0.0576247297	93872.5909	94283.4026	93755.0043	96403.3086	2119.90602	0	0	0	0	0	3
9	27	0	0.064827821	93905.1351	94241.3729	93755.0043	96403.3086	2161.93574	0	0	0	0	0	3
10	29	0	0.0720309122	93927.395	94209.9751	93755.0043	96403.3086	2193.33353	0	0	0	0	0	3
11	31	0	0.0792340034	94001.7113	94191.042	93755.0043	96403.3086	2212.26661	0	0	0	0	0	3
12	33	0	0.0864370946	94026.1429	94177.3004	93755.0043	96403.3086	2226.0082	0	0	0	0	0	3
13	35	0	0.0936401858	94070.6711	94169.0982	93755.0043	96403.3086	2234.21045	0	0	0	0	0	3
14	37	0	0.100843277	94089.301	94163.3984	93755.0043	96403.3086	2239.91025	0	0	0	0	0	3
15	39	0	0.108046368	94108.3658	94159.7295	93755.0043	96403.3086	2243.57909	0	0	0	0	0	3
16	41	0	0.115249459	94119.0901	94157.1896	93755.0043	96403.3086	2246.11905	0	0	0	0	0	3
17	43	0	0.122452551	94129.9998	94155.5902	93755.0043	96403.3086	2247.71845	0	0	0	0	0	3
18	45	0	0.129655642	94152.0479	94155.3934	93755.0043	96403.3086	2247.91524	0	0	0	0	0	3
19	47	0	0.136858733	94157.6151	94155.5103	93755.0043	96403.3086	2247.91524	0	0	0	0	0	3
20	49	0	0.144061824	94156.0021	94155.5349	93755.0043	96403.3086	2247.91524	0	0	0	0	0	3
21	51	0	0.151264916	94158.4566	94155.674	93755.0043	96403.3086	2247.91524	0	0	0	0	0	3
22	53	0	0.158468007	94163.3079	94156.021	93755.0043	96403.3086	2247.91524	0	0	0	0	0	3
23	55	0	0.165671098	94166.4238	94156.4733	93755.0043	96403.3086	2247.91524	0	0	0	0	0	3
24	57	0	0.172874189	94172.3666	94157.1355	93755.0043	96403.3086	2247.91524	0	0	0	0	0	3
25	59	0	0.18007728	94177.9497	94157.9681	93755.0043	96403.3086	2247.91524	0	0	0	0	0	3
26	61	0	0.187280372	94178.3054	94158.7503	93755.0043	96403.3086	2247.91524	0	0	0	0	0	3
27	63	0	0.194483463	94186.6698	94159.7844	93755.0043	96403.3086	2247.91524	0	0	0	0	0	3
28	65	0	0.201686554	94192.0056	94160.9351	93755.0043	96403.3086	2247.91524	0	0	0	0	0	3
29	67	0	0.208889645	94192.5123	94162.024	93755.0043	96403.3086	2247.91524	0	0	0	0	0	3
30	69	0	0.216092737	94194.4431	94163.1046	93755.0043	96403.3086	2247.91524	0	0	0	0	0	3
31	72	0	0.223295828	94197.1324	94164.2023	93755.0043	96403.3086	2247.91524	0	0	0	0	0	3
32	74	0	0.230498919	94202.1952	94165.3896	93755.0043	96403.3086	2247.91524	0	0	0	0	0	3
33	76	0	0.23770201	94206.342	94166.6306	93755.0043	96403.3086	2247.91524	0	0	0	0	0	3
34	78	0	0.244905101	94212.4625	94167.9786	93755.0043	96403.3086	2247.91524	0	0	0	0	0	3
35	80	0	0.252108193	94219.2766	94169.4442	93755.0043	96403.3086	2247.91524	0	0	0	0	0	3
36	83	0	0.259311284	94227.7098	94171.0627	93755.0043	96403.3086	2247.91524	0	0	0	0	0	3
37	85	0	0.266514375	94237.9878	94172.8715	93755.0043	96403.3086	2247.91524	0	0	0	0	0	3
38	87	0	0.273717466	94248.509	94174.862	93755.0043	96403.3086	2247.91524	0	0	0	0	0	3
39	89	0	0.280920557	94257.8775	94176.9906	93755.0043	96403.3086	2247.91524	0	0	0	0	0	3
40	91	0	0.288123649	94269.8776	94179.3127	93755.0043	96403.3086	2247.91524	0	0	0	0	0	3
41	94	0	0.29532674	94278.2079	94181.7248	93755.0043	96403.3086	2247.91524	0	0	0	0	0	3
42	96	0	0.302529831	94290.4781	94184.3142	93755.0043	96403.3086	2247.91524	0	0	0	0	0	3
43	98	0	0.309732922	94295.8615	94186.9083	93755.0043	96403.3086	2247.91524	0	0	0	0	0	3
44	100	0	0.316936014	94300.733	94189.4952	93755.0043	96403.3086	2247.91524	0	0	0	0	0	3
45	103	0	0.324139105	94303.4046	94192.0265	93755.0043	96403.3086	2247.91524	0	0	0	0	0	3
46	105	0	0.331342196	94306.4549	94194.5141	93755.0043	96403.3086	2247.91524	0	0	0	0	0	3
47	107	0	0.338545287	94303.8336	94196.8401	93755.0043	96403.3086	2247.91524	0	0	0	0	0	3
48	110	0	0.345748378	94304.8687	94199.0907	93755.0043	96403.3086	2247.91524	0	0	0	0	0	3
49	112	0	0.35295147	94304.1505	94201.2347	93755.0043	96403.3086	2247.91524	0	0	0	0	0	3
50	114	0	0.360154561	94301.3711	94203.2375	93755.0043	96403.3086	2247.91524	0	0	0	0	0	3
51	116	0	0.367357652	94295.9826	94205.056	93755.0043	96403.3086	2247.91524	0	0	0	0	0	3
52	118	0	0.374560743	94294.851	94206.7828	93755.0043	96403.3086	2247.91524	0	0	0	0	0	3
53	121	0	0.381763835	94287.5631	94208.307	93755.0043	96403.3086	2247.91524	0	0	0	0	0	3
54	123	0	0.388966926	94281.7275	94209.6666	93755.0043	96403.3086	2247.91524	0	0	0	0	0	3
55	125	0	0.396170017	94280.3418	94210.9516	93755.0043	96403.3086	2247.91524	0	0	0	0	0	3
56	127	0	0.403373108	94280.475	94212.1931	93755.0043	96403.3086	2247.91524	0	0	0	0	0	3
57	129	0	0.410576199	94277.3457	94213.3361	93755.0043	96403.3086	2247.91524	0	0	0	0	0	3
58	132	0	0.417779291	94277.7307	94214.4464	93755.0043	96403.3086	2247.91524	0	0	0	0	0	3
59	134	0	0.424982382	94276.3932	94215.4963	93755.0043	96403.3086	2247.91524	0	0	0	0	0	3
60	136	0	0.432185473	94272.7862	94216.4512	93755.0043	96403.3086	2247.91524	0	0	0	0	0	3
61	138	0	0.439388564	94272.2973	94217.3667	93755.0043	96403.3086	2247.91524	0	0	0	0	0	3
62	141	0	0.446591655	94270.5643	94218.2247	93755.0043	96403.3086	2247.91524	0	0	0	0	0	3
63	143	0	0.453794747	94271.5167	94219.0706	93755.0043	96403.3086	2247.91524	0	0	0	0	0	3
64	145	0	0.460997838	94273.4206	94219.9198	93755.0043	96403.3086	2247.91524	0	0	0	0	0	3
65	147	0	0.468200929	94272.7131	94220.732	93755.0043	96403.3086	2247.91524	0	0	0	0	0	3
66	149	0	0.47540402	94275.6201	94221.5637	93755.0043	96403.3086	2247.91524	0	0	0	0	0	3
67	152	0	0.482607112	94276.0089	94222.3763	93755.0043	96403.3086	2247.91524	0	0	0	0	0	3
68	154	0	0.489810203	94276.9461	94223.1788	93755.0043	96403.3086	2247.91524	0	0	0	0	0	3
69	156	0	0.497013294	94279.2458	94223.9914	93755.0043	96403.3086	2247.91524	0	0	0	0	0	3
70	158	0	0.504216385	94283.4206	94224.8403	93755.0043	96403.3086	2247.91524	0	0	0	0	0	3
71	160	0	0.511419476	94285.0017	94194.5788	93755.0043	94627.32	872.31575	0	0	0	0	0	3
72	162	0	0.518622568	94286.0029	94189.7029	93755.0043	94306.4549	551.450592	0	0	0	0	0	3
73	164	0	0.525825659	94290.4473	94192.9611	93755.0043	94306.4549	551.450592	0	0	0	0	0	3
74	167	0	0.53302875	94293.7575	94200.6576	93828.271	94306.4549	384.448441	0	0	0	0	0	3
75	169	0	0.540231841	94297.6578	94207.0355	93828.271	94306.4549	265.853303	0	0	0	0	0	3
76	171	0	0.547434933	94299.9955	94213.7744	93867.1498	94306.4549	186.696598	0	0	0	0	0	3
77	173	0	0.554638024	94303.9069	94220.0138	93872.5909	94306.4549	128.009218	0	0	0	0	0	3
78	175	0	0.561841115	94307.3424	94226.2245	93905.1351	94307.3424	85.9795007	0	0	0	0	0	3
79	177	0	0.569044206	94309.8063	94232.0055	93927.395	94309.8063	76.612133	0	0	0	0	0	3
80	179	0	0.576247297	94313.1562	94237.5164	94001.7113	94313.1562	82.1230073	0	0	0	0	0	3
81	182	0	0.583450389	94317.9277	94242.0338	94026.1429	94317.9277	86.6403854	0	0	0	0	0	3
82	184	0	0.59065348	94319.7028	94246.2275	94070.6711	94319.7028	90.8340982	0	0	0	0	0	3
83	186	0	0.597856571	94324.5608	94249.8545	94089.301	94324.5608	94.4610941	0	0	0	0	0	3
84	188	0	0.605059662	94326.7911	94253.2472	94108.3658	94326.7911	97.8538088	0	0	0	0	0	3
85	190	0	0.612262754	94329.0235	94256.3994	94119.0901	94329.0235	101.006061	0	0	0	0	0	3
86	192	0	0.619465845	94333.0636	94259.4562	94129.9998	94333.0636	104.062825	0	0	0	0	0	3
87	194	0	0.626668936	94336.0888	94262.4003	94152.0479	94336.0888	107.006954	0	0	0	0	0	3
88	197	0	0.633872027	94337.4748	94265.0493	94156.0021	94337.4748	109.538974	0	0	0	0	0	3
89	199	0	0.641075118	94341.3207	94267.6737	94156.0021	94341.3207	112.138751	0	0	0	0	0	3
90	201	0	0.64827821	94342.0462	94270.3314	94158.4566	94342.0462	114.657394	0	0	0	0	0	3
91	203	0	0.655481301	94348.6619	94273.0487	94163.3079	94348.6619	117.027621	0	0	0	0	0	3
92	205	0	0.662684392	94350.9416	94275.7291	94166.4238	94350.9416	119.255807	0	0	0	0	0	3
93	208	0	0.669887483	94356.8751	94278.4499	94172.3666	94356.8751	121.31432	0	0	0	0	0	3
94	210	0	0.677090574	94358.107	94281.1033	94177.9497	94358.107	123.135187	0	0	0	0	0	3
95	212	0	0.684293666	94363.1006	94283.7483	94178.3054	94363.1006	124.997995	0	0	0	0	0	3
96	214	0	0.691496757	94364.5932	94286.4096	94186.6698	94364.5932	126.625194	0	0	0	0	0	3
97	216	0	0.698699848	94369.0288	94289.0147	94192.0056	94369.0288	128.079565	0	0	0	0	0	3
98	218	0	0.705902939	94369.2627	94291.5469	94192.5123	94369.2627	129.522942	0	0	0	0	0	3
99	220	0	0.713106031	94373.2226	94294.1285	94194.4431	94373.2226	131.023881	0	0	0	0	0	3
100	223	0	0.720309122	94375.8886	94296.7206	94197.1324	94375.8886	132.518289	0	0	0	0	0	3
101	227	0	0.727512213	94379.4381	94299.325	94202.1952	94379.4381	133.935376	0	0	0	0	0	3
102	230	0	0.734715304	94380.2887	94301.8692	94206.342	94380.2887	135.238586	0	0	0	0	0	3
103	232	0	0.741918395	94383.7717	94304.4039	94212.4625	94383.7717	136.425296	0	0	0	0	0	3
104	234	0	0.749121487	94383.2781	94306.8441	94219.2766	94383.7717	137.399861	0	0	0	0	0	3
105	236	0	0.756324578	94385.7117	94309.2217	94227.7098	94385.7117	138.159018	0	0	0	0	0	3
106	238	0	0.763527669	94386.8445	94311.4951	94237.9878	94386.8445	138.623584	0	0	0	0	0	3
107	240	0	0.77073076	94389.2625	94313.6562	94248.509	94389.2625	138.79419	0	0	0	0	0	3
108	242	0	0.777933852	94391.1504	94315.6939	94257.8775	94391.1504	133.272866	0	0	0	0	0	3
109	244	0	0.785136943	94393.2805	94317.6282	94269.8776	94393.2805	123.402926	0	0	0	0	0	3
110	246	0	0.792340034	94395.827	94319.4275	94270.5643	94395.827	125.262717	0	0	0	0	0	3
111	249	0	0.799543125	94400.9339	94321.1807	94270.5643	94400.9339	130.369597	0	0	0	0	0	3
112	251	0	0.806746216	94403.4911	94322.7952	94270.5643	94403.4911	132.926741	0	0	0	0	0	3
113	253	0	0.813949308	94409.0642	94324.4124	94270.5643	94409.0642	134.917142	0	0	0	0	0	3
114	255	0	0.821152399	94410.7002	94325.9833	94270.5643	94410.7002	136.280476	0	0	0	0	0	3
115	257	0	0.82835549	94415.0368	94327.5781	94270.5643	94415.0368	137.875222	0	0	0	0	0	3
116	259	0	0.835558581	94419.8538	94329.1981	94270.5643	94419.8538	139.495206	0	0	0	0	0	3
117	261	0	0.842761672	94423.1335	94330.9023	94270.5643	94423.1335	141.19949	0	0	0	0	0	3
118	263	0	0.849964764	94427.8186	94332.6588	94270.5643	94427.8186	142.955916	0	0	0	0	0	3
119	265	0	0.857167855	94430.8969	94334.4694	94270.5643	94430.8969	144.76658	0	0	0	0	0	3
120	268	0	0.864370946	94436.2129	94336.3957	94270.5643	94436.2129	146.692891	0	0	0	0	0	3
121	270	0	0.871574037	94438.3702	94338.4299	94270.5643	94438.3702	148.727	0	0	0	0	0	3
122	272	0	0.878777129	94442.0588	94340.5328	94270.5643	94442.0588	150.829969	0	0	0	0	0	3
123	274	0	0.88598022	94445.3998	94342.7876	94270.5643	94445.3998	153.084779	0	0	0	0	0	3
124	276	0	0.893183311	94447.338	94345.1535	94270.5643	94447.338	155.450642	0	0	0	0	0	3
125	278	0	0.900386402	94449.737	94347.5734	94270.5643	94449.737	157.870574	0	0	0	0	0	3
126	280	0	0.907589493	94454.9767	94350.0663	94270.5643	94454.9767	160.363455	0	0	0	0	0	3
127	282	0	0.914792585	94458.1801	94352.6497	94270.5643	94458.1801	162.946804	0	0	0	0	0	3
128	285	0	0.921995676	94460.2286	94355.2568	94270.5643	94460.2286	165.553916	0	0	0	0	0	3
129	287	0	0.929198767	94462.3816	94357.9137	94270.5643	94462.3816	168.210893	0	0	0	0	0	3
130	289	0	0.936401858	94467.1918	94360.691	94270.5643	94467.1918	170.988115	0	0	0	0	0	3
131	291	0	0.94360495	94471.3494	94363.5346	94270.5643	94471.3494	173.831718	0	0	0	0	0	3
132	293	0	0.950808041	94472.3002	94366.4165	94271.5167	94472.3002	176.713659	0	0	0	0	0	3
133	295	0	0.958011132	94474.488	94369.3161	94272.7131	94474.488	179.613249	0	0	0	0	0	3
134	298	0	0.965214223	94477.6659	94372.2339	94272.7131	94477.6659	182.531039	0	0	0	0	0	3
135	300	0	0.972417314	94481.6083	94375.2181	94275.6201	94481.6083	185.515256	0	0	0	0	0	3
136	302	0	0.979620406	94483.3005	94378.185	94276.0089	94483.3005	188.482118	0	0	0	0	0	3
137	304	0	0.986823497	94483.6631	94381.1515	94276.9461	94483.6631	191.448607	0	0	0	0	0	3
138	306	0	0.994026588	94485.7686	94384.1346	94279.2458	94485.7686	194.431786	0	0	0	0	0	3
139	308	0	1.00122968	94489.4721	94387.1379	94283.4206	94489.4721	197.435019	22.0340354	0	11.1	0	0	3
140	310	0	1.00843277	94491.2215	94390.1065	94285.0017	94491.2215	200.403604	22.0865164	0	11	0	0	3
141	312	0	1.01563586	94496.0688	94393.1217	94286.0029	94496.0688	203.418849	22.159226	0	10.8	0	0	3
142	314	0	1.02283895	94497.121	94396.1377	94290.4473	94497.121	203.176569	22.1939846	0	10.9	0	0	3
143	316	0	1.03004204	94497.1853	94399.0911	94293.7575	94497.1853	198.433494	22.0340354	0	11.1	0	0	3
144	318	0	1.03724514	94499.3519	94402.0281	94297.6578	94499.3519	194.99268	22.0340354	0	11.2	0	0	3
145	320	0	1.04444823	94498.5672	94404.8983	94299.9955	94499.3519	191.123893	22.0340354	0	11.5	0	0	3
146	322	0	1.05165132	94500.6696	94407.765	94303.9069	94500.6696	187.751277	22.0340354	0	11.7	0	0	3
147	325	0	1.05885441	94508.3258	94410.6853	94307.3424	94508.3258	184.460812	22.0340354	0	11.9	0	0	3
148	327	0	1.0660575	94508.7305	94413.5623	94309.8063	94508.7305	181.556768	22.0340354	0	12.1	0	0	3
149	329	0	1.07326059	94507.2432	94416.3828	94313.1562	94508.7305	178.86642	22.0340354	0	12.3	0	0	3
150	331	0	1.08046368	94508.8714	94419.1787	94317.9277	94508.8714	177.144974	22.0340354	0	12.4	0	0	3
151	333	0	1.08766677	94510.9006	94421.9355	94319.7028	94510.9006	175.708017	22.0340354	0	12.5	0	0	3
152	335	0	1.09486987	94512.7704	94424.6936	94324.5608	94512.7704	174.839129	22.0340354	0	12.6	0	0	3
153	337	0	1.10207296	94511.5182	94427.3644	94326.7911	94512.7704	174.117234	22.0340354	0	12.6	0	0	3
154	339	0	1.10927605	94511.5149	94430.0033	94329.0235	94512.7704	173.603894	22.0340354	0	12.6	0	0	3
155	341	0	1.11647914	94516.6156	94432.6832	94333.0636	94516.6156	173.227017	22.0340354	0	12.7	0	0	3
156	343	0	1.12368223	94518.0661	94435.3261	94336.0888	94518.0661	172.925781	22.0340354	0	12.7	0	0	3
157	345	0	1.13088532	94516.8873	94437.909	94337.4748	94518.0661	172.859663	22.0340354	0	12.7	0	0	3
158	347	0	1.13808841	94518.9554	94440.5015	94341.3207	94518.9554	172.827878	22.0340354	0	12.7	0	0	3
159	349	0	1.1452915	94522.2885	94443.0868	94342.0462	94522.2885	172.75536	22.0340354	0	12.7	0	0	3
160	351	0	1.15249459	94519.7688	94445.6257	94348.6619	94522.2885	172.577035	22.0340354	0	12.7	0	0	3
161	353	0	1.15969769	94519.277	94448.063	94350.9416	94522.2885	171.346902	22.0340354	0	12.8	0	0	3
162	356	0	1.16690078	94520.7441	94450.4888	94356.8751	94522.2885	165.413358	22.0340354	0	13.3	0	0	3
163	358	0	1.17410387	94525.5656	94452.8987	94358.107	94525.5656	167.458613	22.0340354	0	13.1	0	0	3
164	360	0	1.18130696	94523.1832	94455.2569	94363.1006	94525.5656	162.464979	22.0340354	0	13.5	0	0	3
165	362	0	1.18851005	94524.8854	94457.5681	94364.5932	94525.5656	160.972399	22.0340354	0	13.6	0	0	3
166	365	0	1.19571314	94529.672	94459.9264	94369.0288	94529.672	160.643228	22.0340354	0	13.7	0	0	3
167	367	0	1.20291623	94527.253	94462.1867	94369.2627	94529.672	160.409323	22.0340354	0	13.7	0	0	3
168	369	0	1.21011932	94524.4993	94464.4044	94373.2226	94529.672	156.449395	22.0340354	0	14	0	0	3
169	371	0	1.21732242	94528.8899	94466.6282	94375.8886	94529.672	153.783407	22.0340354	0	14.3	0	0	3
170	373	0	1.22452551	94530.5057	94468.837	94379.4381	94530.5057	151.067604	22.0340354	0	14.5	0	0	3
171	375	0	1.2317286	94531.7576	94471.013	94380.2887	94531.7576	151.468865	22.0340354	0	14.5	0	0	3
172	377	0	1.23893169	94528.3595	94473.1283	94383.2781	94531.7576	148.479504	22.0340354	0	14.8	0	0	3
173	379	0	1.24613478	94530.9377	94475.2307	94383.2781	94531.7576	148.479504	22.0340354	0	14.8	0	0	3
174	381	0	1.25333787	94531.4154	94477.3469	94385.7117	94531.7576	146.045854	22.0340354	0	15	0	0	3
175	383	0	1.26054096	94533.2638	94479.4548	94386.8445	94533.2638	146.419324	22.0340354	0	15	0	0	3
176	386	0	1.26774405	94531.7643	94481.5251	94389.2625	94533.2638	144.001295	22.0340354	0	15.3	0	0	3
177	388	0	1.27494715	94533.3805	94483.5839	94391.1504	94533.3805	142.230132	22.0340354	0	15.4	0	0	3
178	390	0	1.28215024	94534.5522	94485.6325	94393.2805	94534.5522	141.271616	22.0340354	0	15.5	0	0	3
179	392	0	1.28935333	94535.6434	94487.6663	94395.827	94535.6434	139.816346	22.0340354	0	15.7	0	0	3
180	394	0	1.29655642	94535.1207	94489.6562	94400.9339	94535.6434	134.709466	22.0340354	0	16.3	0	0	3
181	397	0	1.30375951	94535.1445	94491.5735	94403.4911	94535.6434	132.152322	22.0340354	0	16.6	0	0	3
182	399	0	1.3109626	94537.0549	94493.4815	94409.0642	94537.0549	127.990672	22.0340354	0	17.2	0	0	3
183	401	0	1.31816569	94539.2375	94495.3412	94410.7002	94539.2375	128.53736	22.0340354	0	17.1	0	0	3
184	403	0	1.32536878	94538.2487	94497.1633	94415.0368	94539.2375	124.200732	22.0340354	0	17.7	0	0	3
185	405	0	1.33257188	94541.2489	94498.9663	94419.8538	94541.2489	121.395104	22.0340354	0	18.1	0	0	3
186	408	0	1.33977497	94540.8886	94500.6954	94423.1335	94541.2489	118.11533	22.0340354	0	18.6	0	0	3
187	410	0	1.34697806	94538.7542	94502.3471	94427.8186	94541.2489	113.43031	22.0340354	0	19.4	0	0	3
188	413	0	1.35418115	94541.3337	94503.9687	94430.8969	94541.3337	110.436758	22.0340354	0	19.9	0	0	3
189	415	0	1.36138424	94542.238	94505.5593	94436.2129	94542.238	106.025114	22.0340354	0	20.7	0	0	3
190	417	0	1.36858733	94542.1997	94507.0734	94438.3702	94542.238	103.867753	22.0340354	0	21.2	0	0	3
191	419	0	1.37579042	94544.6246	94508.5913	94442.0588	94544.6246	102.565791	22.0340354	0	21.4	0	0	3
192	421	0	1.38299351	94543.9745	94510.0473	94445.3998	94544.6246	99.2248214	22.0340354	0	22.2	0	0	3
193	423	0	1.39019661	94544.0366	94511.4564	94447.338	94544.6246	97.2866622	22.0340354	0	22.6	0	0	3
194	425	0	1.3973997	94544.417	94512.8432	94449.737	94544.6246	94.8876036	22.0340354	0	23.2	0	0	3
195	428	0	1.40460279	94544.474	94514.1966	94454.9767	94544.6246	89.6479635	22.0340354	0	24.5	0	0	3
196	430	0	1.41180588	94545.4689	94515.4894	94458.1801	94545.4689	87.2887598	22.0340354	0	25.2	0	0	3
197	432	0	1.41900897	94545.5816	94516.738	94460.2286	94545.5816	85.352998	22.0340354	0	25.8	0	0	3
198	434	0	1.42621206	94547.7069	94517.9876	94462.3816	94547.7069	85.325351	22.0340354	0	25.8	0	0	3
199	436	0	1.43341515	94549.8343	94519.237	94467.1918	94549.8343	82.6425196	22.0340354	0	26.6	0	0	3
200	439	0	1.44061824	94548.859	94520.4036	94471.3494	94549.8343	78.4848512	22.0340354	0	28	0	0	3
201	444	0	1.44782133	94547.8788	94521.4969	94472.3002	94549.8343	77.5341135	22.0340354	0	28.4	0	0	3
202	446	0	1.45502443	94546.0938	94522.5511	94474.488	94549.8343	75.3462473	22.0340354	0	29.2	0	0	3
203	448	0	1.46222752	94551.2954	94523.6484	94477.6659	94551.2954	73.6295311	22.0340354	0	29.9	0	0	3
204	450	0	1.46943061	94551.3777	94524.7014	94481.6083	94551.3777	69.7693941	22.0340354	0	31.5	0	0	3
205	452	0	1.4766337	94550.092	94525.6797	94483.3005	94551.3777	68.077202	22.0340354	0	32.3	0	0	3
206	454	0	1.48383679	94549.9068	94526.6312	94483.6631	94551.3777	67.7145462	22.0340354	0	32.5	0	0	3
207	456	0	1.49103988	94551.2372	94527.5966	94485.7686	94551.3777	65.6090519	22.0340354	0	33.5	0	0	3
208	458	0	1.49824297	94551.9388	94528.5419	94489.4721	94551.9388	62.466621	22.0340354	0	35.2	0	0	3
209	460	0	1.50544606	94553.5686	94529.4575	94491.2215	94553.5686	62.3470508	22.0340354	0	35.3	0	0	3
210	462	0	1.51264916	94552.1479	94530.3279	94496.0688	94553.5686	57.4997442	22.0340354	0	38.3	0	0	3
211	464	0	1.51985225	94554.3266	94531.1602	94497.121	94554.3266	57.2056172	22.0340354	0	38.5	0	0	3
212	466	0	1.52705534	94553.1359	94531.9604	94497.1853	94554.3266	57.1413528	22.0340354	0	38.5	0	0	3
213	469	0	1.53425843	94554.865	94532.7844	94498.5672	94554.865	56.29774	22.0340354	0	39.1	0	0	3
214	471	0	1.54146152	94556.8376	94533.6056	94498.5672	94556.8376	58.2703378	22.0340354	0	37.8	0	0	3
215	473	0	1.54866461	94558.0979	94534.456	94500.6696	94558.0979	57.4283128	22.0340354	0	38.3	0	0	3
216	476	0	1.5558677	94557.2999	94535.265	94507.2432	94558.0979	50.8547278	22.0340354	0	43.3	0	0	3
217	478	0	1.56307079	94559.8943	94536.0017	94507.2432	94559.8943	52.6510694	22.0340354	0	41.8	0	0	3
218	480	0	1.57027389	94556.5616	94536.685	94507.2432	94559.8943	52.6510694	22.0340354	0	41.8	0	0	3
219	482	0	1.57747698	94559.1853	94537.4271	94508.8714	94559.8943	51.0228148	22.0340354	0	43.1	0	0	3
220	485	0	1.58468007	94560.3935	94538.1631	94510.9006	94560.3935	49.4929467	22.0340354	0	44.5	0	0	3
221	487	0	1.59188316	94561.4275	94538.8849	94511.5149	94561.4275	49.912632	22.0340354	0	44.1	0	0	3
222	489	0	1.59908625	94563.137	94539.6044	94511.5149	94563.137	51.6220665	22.0340354	0	42.6	0	0	3
223	491	0	1.60628934	94563.9738	94540.3538	94511.5149	94563.9738	52.4588741	22.0340354	0	42	0	0	3
224	493	0	1.61349243	94562.2462	94541.0785	94516.6156	94563.9738	47.358149	22.0340354	0	46.5	0	0	3
225	496	0	1.62069552	94562.9783	94541.7409	94516.8873	94563.9738	47.0864531	22.0340354	0	46.7	0	0	3
226	498	0	1.62789862	94562.1079	94542.37	94516.8873	94563.9738	47.0864531	22.0340354	0	46.7	0	0	3
227	500	0	1.63510171	94565.0079	94543.0575	94518.9554	94565.0079	46.0525703	22.0340354	0	47.8	0	0	3
228	502	0	1.6423048	94565.7882	94543.7265	94519.277	94565.7882	46.5111987	22.0340354	0	47.3	0	0	3
229	504	0	1.64950789	94566.3916	94544.3565	94519.277	94566.3916	47.1146104	22.0340354	0	46.7	0	0	3
230	506	0	1.65671098	94567.7127	94545.0415	94519.277	94567.7127	48.4356885	22.0340354	0	45.4	0	0	3
231	509	0	1.66391407	94565.9883	94545.7088	94520.7441	94567.7127	46.9685746	22.0340354	0	46.9	0	0	3
232	511	0	1.67111716	94564.3062	94546.3311	94523.1832	94567.7127	44.5295565	22.0340354	0	49.4	0	0	3
233	513	0	1.67832025	94568.1013	94546.9387	94523.1832	94568.1013	44.9181737	22.0340354	0	49	0	0	3
234	516	0	1.68552334	94567.0251	94547.565	94524.4993	94568.1013	43.6020443	22.0340354	0	50.5	0	0	3
235	518	0	1.69272644	94568.1593	94548.1832	94524.4993	94568.1593	43.6599858	22.0340354	0	50.4	0	0	3
236	520	0	1.69992953	94569.2661	94548.7489	94524.4993	94569.2661	44.7667963	22.0340354	0	49.2	0	0	3
237	522	0	1.70713262	94569.9848	94549.3593	94524.4993	94569.9848	45.4854716	22.0340354	0	48.4	0	0	3
238	524	0	1.71433571	94568.0756	94549.9818	94528.3595	94569.9848	41.6252301	22.0340354	0	52.9	0	0	3
239	526	0	1.7215388	94567.972	94550.5402	94528.3595	94569.9848	41.6252301	22.0340354	0	52.9	0	0	3
240	528	0	1.72874189	94570.3278	94551.109	94528.3595	94570.3278	41.9682466	22.0340354	0	52.5	0	0	3
241	531	0	1.73594498	94569.4249	94551.6472	94528.3595	94570.3278	41.9682466	22.0340354	0	52.5	0	0	3
242	534	0	1.74314807	94571.5735	94552.2645	94530.9377	94571.5735	40.6357932	22.0340354	0	54.2	0	0	3
243	536	0	1.75035117	94574.9989	94552.8939	94531.4154	94574.9989	43.5834379	22.0340354	0	50.5	0	0	3
244	538	0	1.75755426	94571.0527	94553.4602	94531.7643	94574.9989	43.2345841	22.0340354	0	50.9	0	0	3
245	540	0	1.76475735	94573.0832	94554.029	94531.7643	94574.9989	43.2345841	22.0340354	0	50.9	0	0	3
246	543	0	1.77196044	94575.1614	94554.649	94533.3805	94575.1614	41.7808836	22.0340354	0	52.7	0	0	3
247	545	0	1.77916353	94575.0057	94555.2436	94534.5522	94575.1614	40.6092287	22.0340354	0	54.2	0	0	3
248	547	0	1.78636662	94574.2757	94555.8111	94535.1207	94575.1614	40.040723	22.0340354	0	55	0	0	3
249	549	0	1.79356971	94573.7904	94556.3561	94535.1207	94575.1614	40.040723	22.0340354	0	55	0	0	3
250	552	0	1.8007728	94573.2147	94556.9003	94535.1445	94575.1614	40.0168536	22.0340354	0	55	0	0	3
251	554	0	1.8079759	94575.3921	94557.4752	94537.0549	94575.3921	38.3372513	22.0340354	0	57.4	0	0	3
252	556	0	1.81517899	94577.2156	94558.049	94538.2487	94577.2156	38.9668497	22.0340354	0	56.5	0	0	3
253	558	0	1.82238208	94577.0966	94558.5898	94538.2487	94577.2156	38.9668497	22.0340354	0	56.5	0	0	3
254	560	0	1.82958517	94575.9034	94559.1277	94538.7542	94577.2156	38.4613647	22.0340354	0	57.2	0	0	3
255	563	0	1.83678826	94577.3045	94559.6428	94538.7542	94577.3045	38.5503142	22.0340354	0	57.1	0	0	3
256	565	0	1.84399135	94578.4165	94560.1789	94538.7542	94578.4165	39.6622617	22.0340354	0	55.5	0	0	3
257	567	0	1.85119444	94575.0815	94560.6979	94541.3337	94578.4165	37.0827815	22.0340354	0	59.4	0	0	3
258	569	0	1.85839753	94576.944	94561.2066	94542.1997	94578.4165	36.2167611	22.0340354	0	60.8	0	0	3
259	571	0	1.86560063	94578.2808	94561.7215	94542.1997	94578.4165	36.2167611	22.0340354	0	60.8	0	0	3
260	573	0	1.87280372	94578.0192	94562.2332	94543.9745	94578.4165	34.4419286	22.0340354	0	63.9	0	0	3
261	575	0	1.88000681	94577.6218	94562.7046	94543.9745	94578.4165	34.4419286	22.0340354	0	63.9	0	0	3
262	578	0	1.8872099	94579.7601	94563.2158	94544.0366	94579.7601	35.7234981	22.0340354	0	61.6	0	0	3
263	580	0	1.89441299	94582.8458	94563.7702	94544.417	94582.8458	38.4288891	22.0340354	0	57.3	0	0	3
264	583	0	1.90161608	94579.593	94564.2728	94544.474	94582.8458	38.3718076	22.0340354	0	57.4	0	0	3
265	585	0	1.90881917	94577.1194	94564.7391	94545.4689	94582.8458	37.3769577	22.0340354	0	58.9	0	0	3
266	587	0	1.91602226	94579.658	94565.2275	94545.5816	94582.8458	37.264269	22.0340354	0	59.1	0	0	3
267	590	0	1.92322536	94582.3784	94565.7532	94546.0938	94582.8458	36.75202	22.0340354	0	59.9	0	0	3
268	592	0	1.93042845	94582.2145	94566.2462	94546.0938	94582.8458	36.75202	22.0340354	0	59.9	0	0	3
269	594	0	1.93763154	94583.3016	94566.7243	94546.0938	94583.3016	37.2077291	22.0340354	0	59.2	0	0	3
270	596	0	1.94483463	94582.5182	94567.2051	94546.0938	94583.3016	37.2077291	22.0340354	0	59.2	0	0	3
271	598	0	1.95203772	94584.7303	94567.7316	94546.0938	94584.7303	38.6365091	22.0340354	0	57	0	0	3
272	601	0	1.95924081	94585.3539	94568.2924	94549.9068	94585.3539	35.4470805	22.0340354	0	62.1	0	0	3
273	603	0	1.9664439	94584.2271	94568.7629	94549.9068	94585.3539	35.4470805	22.0340354	0	62.1	0	0	3
274	605	0	1.97364699	94586.1456	94569.2596	94549.9068	94586.1456	36.2387514	22.0340354	0	60.8	0	0	3
275	607	0	1.98085008	94587.304	94569.7912	94549.9068	94587.304	37.3972282	22.0340354	0	58.9	0	0	3
276	609	0	1.98805318	94587.8814	94570.3337	94551.2372	94587.8814	36.6442606	22.0340354	0	60.1	0	0	3
277	611	0	1.99525627	94584.6478	94570.811	94551.9388	94587.8814	35.9426748	22.0340354	0	61.3	0	0	3
278	613	0	2.00245936	94585.4556	94571.2898	94552.1479	94587.8814	35.7335657	22.0340354	0	61.6	0	0	3
279	616	0	2.00966245	94588.9819	94571.7957	94552.1479	94588.9819	36.8340341	22.0340354	0	59.8	0	0	3
280	618	0	2.01686554	94588.587	94572.3162	94553.1359	94588.9819	35.8460305	22.0340354	0	61.4	0	0	3
281	620	0	2.02406863	94590.5437	94572.8336	94553.1359	94590.5437	37.4078205	22.0340354	0	58.9	0	0	3
282	622	0	2.03127172	94589.805	94573.3575	94554.865	94590.5437	35.6787206	22.0340354	0	61.7	0	0	3
283	624	0	2.03847481	94591.4184	94573.8797	94556.5616	94591.4184	34.8567629	22.0340354	0	63.2	0	0	3
284	627	0	2.04567791	94590.9331	94574.3667	94556.5616	94591.4184	34.8567629	22.0340354	0	63.2	0	0	3
285	629	0	2.052881	94589.5366	94574.8159	94556.5616	94591.4184	34.8567629	22.0340354	0	63.2	0	0	3
286	632	0	2.06008409	94588.5694	94575.2626	94556.5616	94591.4184	34.8567629	22.0340354	0	63.2	0	0	3
287	634	0	2.06728718	94593.3112	94575.7399	94556.5616	94593.3112	36.749611	22.0340354	0	59.9	0	0	3
288	637	0	2.07449027	94594.0204	94576.2751	94559.1853	94594.0204	34.8350258	22.0340354	0	63.2	0	0	3
289	639	0	2.08169336	94595.5866	94576.7951	94560.3935	94595.5866	35.193046	22.0340354	0	62.6	0	0	3
290	641	0	2.08889645	94592.6341	94577.2557	94561.4275	94595.5866	34.1590537	22.0340354	0	64.5	0	0	3
291	643	0	2.09609954	94591.9986	94577.6924	94562.1079	94595.5866	33.4786943	22.0340354	0	65.8	0	0	3
292	645	0	2.10330264	94593.4353	94578.1252	94562.1079	94595.5866	33.4786943	22.0340354	0	65.8	0	0	3
293	647	0	2.11050573	94594.0435	94578.5548	94562.1079	94595.5866	33.4786943	22.0340354	0	65.8	0	0	3
294	650	0	2.11770882	94594.4816	94579.0153	94562.1079	94595.5866	33.4786943	22.0340354	0	65.8	0	0	3
295	652	0	2.12491191	94596.9667	94579.5009	94562.1079	94596.9667	34.858788	22.0340354	0	63.2	0	0	3
296	654	0	2.132115	94594.6843	94579.9662	94564.3062	94596.9667	32.6604325	22.0340354	0	67.4	0	0	3
297	656	0	2.13931809	94595.0434	94580.3953	94564.3062	94596.9667	32.6604325	22.0340354	0	67.4	0	0	3
298	658	0	2.14652118	94598.1396	94580.8575	94564.3062	94598.1396	33.8333144	22.0340354	0	65.1	0	0	3
299	660	0	2.15372427	94598.7207	94581.3193	94564.3062	94598.7207	34.414467	22.0340354	0	64	0	0	3
300	663	0	2.16092737	94597.8558	94581.7499	94564.3062	94598.7207	34.414467	22.0340354	0	64	0	0	3
301	668	0	2.16813046	94595.6579	94582.1738	94564.3062	94598.7207	34.414467	22.0340354	0	64	0	0	3
302	670	0	2.17533355	94597.0028	94582.6409	94567.0251	94598.7207	31.6956522	22.0340354	0	69.5	0	0	3
303	672	0	2.18253664	94595.8697	94583.0376	94567.0251	94598.7207	31.6956522	22.0340354	0	69.5	0	0	3
304	674	0	2.18973973	94599.0794	94583.4955	94567.972	94599.0794	31.1074125	22.0340354	0	70.8	0	0	3
305	676	0	2.19694282	94600.9313	94583.9637	94567.972	94600.9313	32.9592493	22.0340354	0	66.8	0	0	3
306	678	0	2.20414591	94599.5926	94584.3969	94567.972	94600.9313	32.9592493	22.0340354	0	66.8	0	0	3
307	680	0	2.211349	94599.899	94584.8242	94567.972	94600.9313	32.9592493	22.0340354	0	66.8	0	0	3
308	682	0	2.2185521	94601.7248	94585.3049	94567.972	94601.7248	33.7528009	22.0340354	0	65.2	0	0	3
309	684	0	2.22575519	94602.0628	94585.792	94569.4249	94602.0628	32.6379681	22.0340354	0	67.5	0	0	3
310	686	0	2.23295828	94598.4764	94586.1941	94569.4249	94602.0628	32.6379681	22.0340354	0	67.5	0	0	3
311	689	0	2.24016137	94597.4828	94586.5949	94571.0527	94602.0628	31.0101477	22.0340354	0	71	0	0	3
312	691	0	2.24736446	94600.7201	94587.0113	94571.0527	94602.0628	31.0101477	22.0340354	0	71	0	0	3
313	693	0	2.25456755	94600.3058	94587.3728	94571.0527	94602.0628	31.0101477	22.0340354	0	71	0	0	3
314	695	0	2.26177064	94603.5617	94587.8372	94573.0832	94603.5617	30.4784714	22.0340354	0	72.2	0	0	3
315	697	0	2.26897373	94601.6972	94588.246	94573.2147	94603.5617	30.3469219	22.0340354	0	72.6	0	0	3
316	700	0	2.27617682	94600.8829	94588.6135	94573.2147	94603.5617	30.3469219	22.0340354	0	72.6	0	0	3
317	702	0	2.28337992	94601.2479	94588.9883	94573.2147	94603.5617	30.3469219	22.0340354	0	72.6	0	0	3
318	704	0	2.29058301	94603.9239	94589.4119	94573.2147	94603.9239	30.709161	22.0340354	0	71.7	0	0	3
319	707	0	2.2977861	94602.0782	94589.816	94573.2147	94603.9239	30.709161	22.0340354	0	71.7	0	0	3
320	709	0	2.30498919	94602.9048	94590.2401	94575.0815	94603.9239	28.8423632	22.0340354	0	76.3	0	0	3
321	712	0	2.31219228	94603.9271	94590.6478	94575.0815	94603.9271	28.8455737	22.0340354	0	76.3	0	0	3
322	714	0	2.31939537	94605.1307	94591.0466	94575.0815	94605.1307	30.0491749	22.0340354	0	73.3	0	0	3
323	716	0	2.32659846	94607.4757	94591.4806	94575.0815	94607.4757	32.3528219	22.0340354	0	68.1	0	0	3
324	718	0	2.33380155	94606.5191	94591.9179	94575.0815	94607.4757	32.2751075	22.0340354	0	68.2	0	0	3
325	721	0	2.34100465	94603.4414	94592.2913	94575.0815	94607.4757	32.1123789	22.0340354	0	68.6	0	0	3
326	723	0	2.34820774	94605.3342	94592.6758	94575.0815	94607.4757	31.9779566	22.0340354	0	68.9	0	0	3
327	725	0	2.35541083	94608.0651	94593.147	94576.944	94608.0651	31.1211359	22.0340354	0	70.8	0	0	3
328	727	0	2.36261392	94607.3132	94593.5809	94577.1194	94608.0651	30.9456456	22.0340354	0	71.2	0	0	3
329	729	0	2.36981701	94607.3719	94593.9965	94577.1194	94608.0651	30.9456456	22.0340354	0	71.2	0	0	3
330	732	0	2.3770201	94607.5499	94594.4183	94577.1194	94608.0651	30.9456456	22.0340354	0	71.2	0	0	3
331	734	0	2.38422319	94606.8493	94594.8359	94577.1194	94608.0651	30.9456456	22.0340354	0	71.2	0	0	3
332	736	0	2.39142628	94607.0664	94595.226	94577.1194	94608.0651	30.9456456	22.0340354	0	71.2	0	0	3
333	738	0	2.39862938	94607.0418	94595.5716	94577.1194	94608.0651	30.9456456	22.0340354	0	71.2	0	0	3
334	740	0	2.40583247	94608.0898	94595.9787	94577.1194	94608.0898	30.9703605	22.0340354	0	71.1	0	0	3
335	742	0	2.41303556	94609.2276	94596.4374	94579.658	94609.2276	29.5696097	22.0340354	0	74.5	0	0	3
336	744	0	2.42023865	94610.669	94596.8804	94582.2145	94610.669	28.4544245	22.0340354	0	77.4	0	0	3
337	747	0	2.42744174	94607.464	94597.2388	94582.2145	94610.669	28.4544245	22.0340354	0	77.4	0	0	3
338	749	0	2.43464483	94607.7411	94597.6035	94582.5182	94610.669	28.1507836	22.0340354	0	78.2	0	0	3
339	752	0	2.44184792	94611.372	94598.0045	94582.5182	94611.372	28.8538179	22.0340354	0	76.3	0	0	3
340	754	0	2.44905101	94609.2046	94598.3857	94584.2271	94611.372	27.1448831	22.0340354	0	81.1	0	0	3
341	756	0	2.45625411	94611.1038	94598.7625	94584.2271	94611.372	27.1448831	22.0340354	0	81.1	0	0	3
342	758	0	2.4634572	94611.2348	94599.1322	94584.2271	94611.372	27.1448831	22.0340354	0	81.1	0	0	3
343	760	0	2.47066029	94609.1232	94599.4878	94584.6478	94611.372	26.7242163	22.0340354	0	82.4	0	0	3
344	762	0	2.47786338	94609.2107	94599.8173	94584.6478	94611.372	26.7242163	22.0340354	0	82.4	0	0	3
345	765	0	2.48506647	94612.8947	94600.1829	94584.6478	94612.8947	28.2469403	22.0340354	0	78	0	0	3
346	767	0	2.49226956	94612.0568	94600.5283	94584.6478	94612.8947	28.2469403	22.0340354	0	78	0	0	3
347	770	0	2.49947265	94611.2663	94600.9086	94585.4556	94612.8947	27.4390976	22.0340354	0	80.3	0	0	3
348	772	0	2.50667574	94611.9798	94601.2875	94588.5694	94612.8947	24.3253645	22.0340354	0	90.5	0	0	3
349	774	0	2.51387883	94612.5408	94601.624	94588.5694	94612.8947	24.3253645	22.0340354	0	90.5	0	0	3
350	777	0	2.52108193	94612.849	94601.9706	94588.5694	94612.8947	24.3253645	22.0340354	0	90.5	0	0	3
351	779	0	2.52828502	94615.2145	94602.3231	94588.5694	94615.2145	26.6451876	22.0340354	0	82.6	0	0	3
352	781	0	2.53548811	94615.0636	94602.6839	94588.5694	94615.2145	26.6451876	22.0340354	0	82.6	0	0	3
353	783	0	2.5426912	94612.9596	94602.9916	94588.5694	94615.2145	26.6451876	22.0340354	0	82.6	0	0	3
354	785	0	2.54989429	94613.3167	94603.3114	94588.5694	94615.2145	26.6451876	22.0340354	0	82.6	0	0	3
355	787	0	2.55709738	94612.3145	94603.6368	94588.5694	94615.2145	26.6451876	22.0340354	0	82.6	0	0	3
356	791	0	2.56430047	94613.7013	94603.9958	94591.9986	94615.2145	23.2159021	22.0340354	0	94.9	0	0	3
357	793	0	2.57150356	94614.7944	94604.3027	94591.9986	94615.2145	23.2159021	22.0340354	0	94.9	0	0	3
358	795	0	2.57870666	94615.7304	94604.6129	94591.9986	94615.7304	23.731712	22.0340354	0	92.8	0	0	3
359	797	0	2.58590975	94616.6846	94604.9143	94591.9986	94616.6846	24.685951	22.0340354	0	89.2	0	0	3
360	800	0	2.59311284	94618.2859	94605.2807	94591.9986	94618.2859	26.2872137	22.0340354	0	83.8	0	0	3
361	802	0	2.60031593	94617.3186	94605.6424	94593.4353	94618.2859	24.8505553	22.0340354	0	88.6	0	0	3
362	804	0	2.60751902	94616.0996	94605.9662	94594.0435	94618.2859	24.2423787	22.0340354	0	90.8	0	0	3
363	806	0	2.61472211	94616.9969	94606.2941	94594.4816	94618.2859	23.8042116	22.0340354	0	92.5	0	0	3
364	808	0	2.6219252	94616.5232	94606.609	94594.6843	94618.2859	23.60158	22.0340354	0	93.3	0	0	3
365	810	0	2.62912829	94616.1792	94606.8835	94594.6843	94618.2859	23.60158	22.0340354	0	93.3	0	0	3
366	812	0	2.63633139	94619.5942	94607.2393	94595.0434	94619.5942	24.55084	22.0340354	0	89.7	0	0	3
367	814	0	2.64353448	94621.321	94607.6147	94595.6579	94621.321	25.6630946	22.0340354	0	85.8	0	0	3
368	817	0	2.65073757	94620.6383	94607.9361	94595.6579	94621.321	25.6630946	22.0340354	0	85.8	0	0	3
369	819	0	2.65794066	94619.9695	94608.2397	94595.6579	94621.321	25.6630946	22.0340354	0	85.8	0	0	3
370	822	0	2.66514375	94619.5459	94608.5495	94595.6579	94621.321	25.6630946	22.0340354	0	85.8	0	0	3
371	824	0	2.67234684	94619.6845	94608.8928	94595.8697	94621.321	25.451272	22.0340354	0	86.5	0	0	3
372	826	0	2.67954993	94621.4149	94609.2415	94595.8697	94621.4149	25.5451461	22.0340354	0	86.2	0	0	3
373	828	0	2.68675302	94619.3231	94609.5766	94597.4828	94621.4149	23.932069	22.0340354	0	92	0	0	3
374	830	0	2.69395612	94622.0362	94609.9045	94597.4828	94622.0362	24.5533752	22.0340354	0	89.7	0	0	3
375	832	0	2.70115921	94621.5016	94610.1984	94597.4828	94622.0362	24.5533752	22.0340354	0	89.7	0	0	3
376	834	0	2.7083623	94621.5073	94610.5114	94597.4828	94622.0362	24.5533752	22.0340354	0	89.7	0	0	3
377	837	0	2.71556539	94621.3274	94610.8176	94597.4828	94622.0362	24.5533752	22.0340354	0	89.7	0	0	3
378	839	0	2.72276848	94621.8794	94611.1055	94597.4828	94622.0362	24.5533752	22.0340354	0	89.7	0	0	3
379	842	0	2.72997157	94622.3415	94611.3952	94597.4828	94622.3415	24.8586499	22.0340354	0	88.6	0	0	3
380	845	0	2.73717466	94622.1995	94611.7341	94597.4828	94622.3415	24.8586499	22.0340354	0	88.6	0	0	3
381	847	0	2.74437775	94625.8286	94612.139	94600.3058	94625.8286	25.1277356	22.0340354	0	87.6	0	0	3
382	849	0	2.75158085	94623.1964	94612.4601	94600.3058	94625.8286	25.0872979	22.0340354	0	87.8	0	0	3
383	851	0	2.75878394	94622.4252	94612.7761	94600.8829	94625.8286	24.9388758	22.0340354	0	88.3	0	0	3
384	854	0	2.76598703	94623.6393	94613.0629	94600.8829	94625.8286	24.8169273	22.0340354	0	88.7	0	0	3
385	856	0	2.77319012	94622.2943	94613.3572	94600.8829	94625.8286	24.7437211	22.0340354	0	89	0	0	3
386	858	0	2.78039321	94624.1895	94613.6901	94601.2479	94625.8286	24.5807222	22.0340354	0	89.6	0	0	3
387	860	0	2.7875963	94625.1213	94614.0312	94602.0782	94625.8286	23.7504314	22.0340354	0	92.7	0	0	3
388	862	0	2.79479939	94626.8272	94614.3584	94602.0782	94626.8272	24.542367	22.0340354	0	89.7	0	0	3
389	864	0	2.80200248	94625.9308	94614.6991	94602.9048	94626.8272	23.9224044	22.0340354	0	92.1	0	0	3
390	867	0	2.80920557	94625.7776	94615.0259	94603.4414	94626.8272	23.3857423	22.0340354	0	94.2	0	0	3
391	869	0	2.81640867	94625.0041	94615.327	94603.4414	94626.8272	23.3857423	22.0340354	0	94.2	0	0	3
392	871	0	2.82361176	94625.4146	94615.6167	94603.4414	94626.8272	23.3857423	22.0340354	0	94.2	0	0	3
393	873	0	2.83081485	94625.4451	94615.8734	94603.4414	94626.8272	23.3857423	22.0340354	0	94.2	0	0	3
394	876	0	2.83801794	94624.5175	94616.1306	94603.4414	94626.8272	23.3857423	22.0340354	0	94.2	0	0	3
395	878	0	2.84522103	94625.6807	94616.4483	94605.3342	94626.8272	21.4929337	22.0340354	0	100	0	0	3
