Iteration	CPUTime	PhysTime	Travels	Value	AvValue	MinValue	MaxValue	Delta	Criteria	PrevAvRefValue	Progress	CriteriaType	CriteriaVarType	CriteriaPercentage
1	13	0	0.00720309122	95458.8641	95458.8641	95458.8641	95458.8641	0	0	0	0	0	0	3
2	15	0	0.0144061824	93682.8755	94570.8698	93682.8755	95458.8641	887.994289	0	0	0	0	0	3
3	17	0	0.0216092737	93117.9251	94086.5549	93117.9251	95458.8641	1372.30917	0	0	0	0	0	3
4	19	0	0.0288123649	92810.5597	93767.5561	92810.5597	95458.8641	1691.30796	0	0	0	0	0	3
5	20	0	0.0360154561	92906.7619	93595.3973	92810.5597	95458.8641	1863.4668	0	0	0	0	0	3
6	22	0	0.0432185473	92883.8264	93476.8021	92810.5597	95458.8641	1982.06194	0	0	0	0	0	3
7	24	0	0.0504216385	92922.7052	93397.6454	92810.5597	95458.8641	2061.21864	0	0	0	0	0	3
8	26	0	0.0576247297	92928.1464	93338.9581	92810.5597	95458.8641	2119.90602	0	0	0	0	0	3
9	27	0	0.064827821	92960.6906	93296.9283	92810.5597	95458.8641	2161.93574	0	0	0	0	0	3
10	29	0	0.0720309122	92982.9504	93265.5305	92810.5597	95458.8641	2193.33353	0	0	0	0	0	3
11	31	0	0.0792340034	93057.2667	93246.5975	92810.5597	95458.8641	2212.26661	0	0	0	0	0	3
12	33	0	0.0864370946	93081.6984	93232.8559	92810.5597	95458.8641	2226.0082	0	0	0	0	0	3
13	35	0	0.0936401858	93126.2265	93224.6536	92810.5597	95458.8641	2234.21045	0	0	0	0	0	3
14	37	0	0.100843277	93144.8565	93218.9538	92810.5597	95458.8641	2239.91025	0	0	0	0	0	3
15	39	0	0.108046368	93163.9213	93215.285	92810.5597	95458.8641	2243.57909	0	0	0	0	0	3
16	41	0	0.115249459	93174.6456	93212.745	92810.5597	95458.8641	2246.11905	0	0	0	0	0	3
17	43	0	0.122452551	93185.5552	93211.1456	92810.5597	95458.8641	2247.71845	0	0	0	0	0	3
18	45	0	0.129655642	93207.6034	93210.9488	92810.5597	95458.8641	2247.91524	0	0	0	0	0	3
19	47	0	0.136858733	93213.1706	93211.0658	92810.5597	95458.8641	2247.91524	0	0	0	0	0	3
20	49	0	0.144061824	93211.5575	93211.0904	92810.5597	95458.8641	2247.91524	0	0	0	0	0	3
21	51	0	0.151264916	93214.0121	93211.2295	92810.5597	95458.8641	2247.91524	0	0	0	0	0	3
22	53	0	0.158468007	93218.8633	93211.5765	92810.5597	95458.8641	2247.91524	0	0	0	0	0	3
23	55	0	0.165671098	93221.9793	93212.0288	92810.5597	95458.8641	2247.91524	0	0	0	0	0	3
24	57	0	0.172874189	93227.922	93212.691	92810.5597	95458.8641	2247.91524	0	0	0	0	0	3
25	59	0	0.18007728	93233.5052	93213.5236	92810.5597	95458.8641	2247.91524	0	0	0	0	0	3
26	61	0	0.187280372	93233.8609	93214.3058	92810.5597	95458.8641	2247.91524	0	0	0	0	0	3
27	63	0	0.194483463	93242.2253	93215.3398	92810.5597	95458.8641	2247.91524	0	0	0	0	0	3
28	65	0	0.201686554	93247.561	93216.4906	92810.5597	95458.8641	2247.91524	0	0	0	0	0	3
29	67	0	0.208889645	93248.0677	93217.5794	92810.5597	95458.8641	2247.91524	0	0	0	0	0	3
30	69	0	0.216092737	93249.9985	93218.6601	92810.5597	95458.8641	2247.91524	0	0	0	0	0	3
31	72	0	0.223295828	93252.6879	93219.7578	92810.5597	95458.8641	2247.91524	0	0	0	0	0	3
32	74	0	0.230498919	93257.7507	93220.945	92810.5597	95458.8641	2247.91524	0	0	0	0	0	3
33	76	0	0.23770201	93261.8975	93222.186	92810.5597	95458.8641	2247.91524	0	0	0	0	0	3
34	78	0	0.244905101	93268.018	93223.534	92810.5597	95458.8641	2247.91524	0	0	0	0	0	3
35	80	0	0.252108193	93274.832	93224.9997	92810.5597	95458.8641	2247.91524	0	0	0	0	0	3
36	83	0	0.259311284	93283.2652	93226.6182	92810.5597	95458.8641	2247.91524	0	0	0	0	0	3
37	85	0	0.266514375	93293.5433	93228.4269	92810.5597	95458.8641	2247.91524	0	0	0	0	0	3
38	87	0	0.273717466	93304.0645	93230.4174	92810.5597	95458.8641	2247.91524	0	0	0	0	0	3
39	89	0	0.280920557	93313.433	93232.546	92810.5597	95458.8641	2247.91524	0	0	0	0	0	3
40	91	0	0.288123649	93325.4331	93234.8682	92810.5597	95458.8641	2247.91524	0	0	0	0	0	3
41	94	0	0.29532674	93333.7634	93237.2803	92810.5597	95458.8641	2247.91524	0	0	0	0	0	3
42	96	0	0.302529831	93346.0335	93239.8696	92810.5597	95458.8641	2247.91524	0	0	0	0	0	3
43	98	0	0.309732922	93351.417	93242.4638	92810.5597	95458.8641	2247.91524	0	0	0	0	0	3
44	100	0	0.316936014	93356.2885	93245.0507	92810.5597	95458.8641	2247.91524	0	0	0	0	0	3
45	103	0	0.324139105	93358.96	93247.582	92810.5597	95458.8641	2247.91524	0	0	0	0	0	3
46	105	0	0.331342196	93362.0103	93250.0696	92810.5597	95458.8641	2247.91524	0	0	0	0	0	3
47	107	0	0.338545287	93359.3891	93252.3955	92810.5597	95458.8641	2247.91524	0	0	0	0	0	3
48	110	0	0.345748378	93360.4241	93254.6461	92810.5597	95458.8641	2247.91524	0	0	0	0	0	3
49	112	0	0.35295147	93359.7059	93256.7902	92810.5597	95458.8641	2247.91524	0	0	0	0	0	3
50	114	0	0.360154561	93356.9266	93258.7929	92810.5597	95458.8641	2247.91524	0	0	0	0	0	3
51	116	0	0.367357652	93351.5381	93260.6114	92810.5597	95458.8641	2247.91524	0	0	0	0	0	3
52	118	0	0.374560743	93350.4064	93262.3383	92810.5597	95458.8641	2247.91524	0	0	0	0	0	3
53	121	0	0.381763835	93343.1185	93263.8624	92810.5597	95458.8641	2247.91524	0	0	0	0	0	3
54	123	0	0.388966926	93337.283	93265.2221	92810.5597	95458.8641	2247.91524	0	0	0	0	0	3
55	125	0	0.396170017	93335.8973	93266.5071	92810.5597	95458.8641	2247.91524	0	0	0	0	0	3
56	127	0	0.403373108	93336.0304	93267.7486	92810.5597	95458.8641	2247.91524	0	0	0	0	0	3
57	129	0	0.410576199	93332.9012	93268.8916	92810.5597	95458.8641	2247.91524	0	0	0	0	0	3
58	132	0	0.417779291	93333.2861	93270.0018	92810.5597	95458.8641	2247.91524	0	0	0	0	0	3
59	134	0	0.424982382	93331.9486	93271.0518	92810.5597	95458.8641	2247.91524	0	0	0	0	0	3
60	136	0	0.432185473	93328.3417	93272.0066	92810.5597	95458.8641	2247.91524	0	0	0	0	0	3
61	138	0	0.439388564	93327.8527	93272.9221	92810.5597	95458.8641	2247.91524	0	0	0	0	0	3
62	141	0	0.446591655	93326.1198	93273.7802	92810.5597	95458.8641	2247.91524	0	0	0	0	0	3
63	143	0	0.453794747	93327.0722	93274.6261	92810.5597	95458.8641	2247.91524	0	0	0	0	0	3
64	145	0	0.460997838	93328.976	93275.4753	92810.5597	95458.8641	2247.91524	0	0	0	0	0	3
65	147	0	0.468200929	93328.2685	93276.2875	92810.5597	95458.8641	2247.91524	0	0	0	0	0	3
66	149	0	0.47540402	93331.1756	93277.1191	92810.5597	95458.8641	2247.91524	0	0	0	0	0	3
67	152	0	0.482607112	93331.5643	93277.9317	92810.5597	95458.8641	2247.91524	0	0	0	0	0	3
68	154	0	0.489810203	93332.5016	93278.7342	92810.5597	95458.8641	2247.91524	0	0	0	0	0	3
69	156	0	0.497013294	93334.8012	93279.5468	92810.5597	95458.8641	2247.91524	0	0	0	0	0	3
70	158	0	0.504216385	93338.976	93280.3958	92810.5597	95458.8641	2247.91524	0	0	0	0	0	3
71	160	0	0.511419476	93340.5571	93250.1343	92810.5597	93682.8755	872.31575	0	0	0	0	0	3
72	162	0	0.518622568	93341.5584	93245.2583	92810.5597	93362.0103	551.450592	0	0	0	0	0	3
73	164	0	0.525825659	93346.0028	93248.5166	92810.5597	93362.0103	551.450592	0	0	0	0	0	3
74	167	0	0.53302875	93349.313	93256.213	92883.8264	93362.0103	384.448441	0	0	0	0	0	3
75	169	0	0.540231841	93353.2133	93262.5909	92883.8264	93362.0103	265.853303	0	0	0	0	0	3
76	171	0	0.547434933	93355.551	93269.3298	92922.7052	93362.0103	186.696598	0	0	0	0	0	3
77	173	0	0.554638024	93359.4624	93275.5692	92928.1464	93362.0103	128.009218	0	0	0	0	0	3
78	175	0	0.561841115	93362.8978	93281.7799	92960.6906	93362.8978	85.9795007	0	0	0	0	0	3
79	177	0	0.569044206	93365.3618	93287.561	92982.9504	93365.3618	76.612133	0	0	0	0	0	3
80	179	0	0.576247297	93368.7116	93293.0718	93057.2667	93368.7116	82.1230073	0	0	0	0	0	3
81	182	0	0.583450389	93373.4832	93297.5892	93081.6984	93373.4832	86.6403854	0	0	0	0	0	3
82	184	0	0.59065348	93375.2583	93301.7829	93126.2265	93375.2583	90.8340982	0	0	0	0	0	3
83	186	0	0.597856571	93380.1162	93305.4099	93144.8565	93380.1162	94.4610941	0	0	0	0	0	3
84	188	0	0.605059662	93382.3465	93308.8026	93163.9213	93382.3465	97.8538088	0	0	0	0	0	3
85	190	0	0.612262754	93384.5789	93311.9549	93174.6456	93384.5789	101.006061	0	0	0	0	0	3
86	192	0	0.619465845	93388.6191	93315.0117	93185.5552	93388.6191	104.062825	0	0	0	0	0	3
87	194	0	0.626668936	93391.6443	93317.9558	93207.6034	93391.6443	107.006954	0	0	0	0	0	3
88	197	0	0.633872027	93393.0302	93320.6047	93211.5575	93393.0302	109.538974	0	0	0	0	0	3
89	199	0	0.641075118	93396.8761	93323.2291	93211.5575	93396.8761	112.138751	0	0	0	0	0	3
90	201	0	0.64827821	93397.6016	93325.8869	93214.0121	93397.6016	114.657394	0	0	0	0	0	3
91	203	0	0.655481301	93404.2174	93328.6041	93218.8633	93404.2174	117.027621	0	0	0	0	0	3
92	205	0	0.662684392	93406.497	93331.2846	93221.9793	93406.497	119.255807	0	0	0	0	0	3
93	208	0	0.669887483	93412.4306	93334.0053	93227.922	93412.4306	121.31432	0	0	0	0	0	3
94	210	0	0.677090574	93413.6625	93336.6587	93233.5052	93413.6625	123.135187	0	0	0	0	0	3
95	212	0	0.684293666	93418.6561	93339.3038	93233.8609	93418.6561	124.997995	0	0	0	0	0	3
96	214	0	0.691496757	93420.1487	93341.965	93242.2253	93420.1487	126.625194	0	0	0	0	0	3
97	216	0	0.698699848	93424.5842	93344.5701	93247.561	93424.5842	128.079565	0	0	0	0	0	3
98	218	0	0.705902939	93424.8181	93347.1024	93248.0677	93424.8181	129.522942	0	0	0	0	0	3
99	220	0	0.713106031	93428.778	93349.684	93249.9985	93428.778	131.023881	0	0	0	0	0	3
100	223	0	0.720309122	93431.444	93352.276	93252.6879	93431.444	132.518289	0	0	0	0	0	3
101	227	0	0.727512213	93434.9936	93354.8804	93257.7507	93434.9936	133.935376	0	0	0	0	0	3
102	230	0	0.734715304	93435.8442	93357.4246	93261.8975	93435.8442	135.238586	0	0	0	0	0	3
103	232	0	0.741918395	93439.3271	93359.9593	93268.018	93439.3271	136.425296	0	0	0	0	0	3
104	234	0	0.749121487	93438.8335	93362.3995	93274.832	93439.3271	137.399861	0	0	0	0	0	3
105	236	0	0.756324578	93441.2672	93364.7772	93283.2652	93441.2672	138.159018	0	0	0	0	0	3
106	238	0	0.763527669	93442.4	93367.0505	93293.5433	93442.4	138.623584	0	0	0	0	0	3
107	240	0	0.77073076	93444.818	93369.2116	93304.0645	93444.818	138.79419	0	0	0	0	0	3
108	242	0	0.777933852	93446.7058	93371.2493	93313.433	93446.7058	133.272866	0	0	0	0	0	3
109	244	0	0.785136943	93448.836	93373.1837	93325.4331	93448.836	123.402926	0	0	0	0	0	3
110	246	0	0.792340034	93451.3825	93374.9829	93326.1198	93451.3825	125.262717	0	0	0	0	0	3
111	249	0	0.799543125	93456.4894	93376.7362	93326.1198	93456.4894	130.369597	0	0	0	0	0	3
112	251	0	0.806746216	93459.0465	93378.3506	93326.1198	93459.0465	132.926741	0	0	0	0	0	3
113	253	0	0.813949308	93464.6196	93379.9678	93326.1198	93464.6196	134.917142	0	0	0	0	0	3
114	255	0	0.821152399	93466.2556	93381.5388	93326.1198	93466.2556	136.280476	0	0	0	0	0	3
115	257	0	0.82835549	93470.5922	93383.1335	93326.1198	93470.5922	137.875222	0	0	0	0	0	3
116	259	0	0.835558581	93475.4092	93384.7535	93326.1198	93475.4092	139.495206	0	0	0	0	0	3
117	261	0	0.842761672	93478.689	93386.4578	93326.1198	93478.689	141.19949	0	0	0	0	0	3
118	263	0	0.849964764	93483.374	93388.2142	93326.1198	93483.374	142.955916	0	0	0	0	0	3
119	265	0	0.857167855	93486.4524	93390.0249	93326.1198	93486.4524	144.76658	0	0	0	0	0	3
120	268	0	0.864370946	93491.7683	93391.9512	93326.1198	93491.7683	146.692891	0	0	0	0	0	3
121	270	0	0.871574037	93493.9257	93393.9853	93326.1198	93493.9257	148.727	0	0	0	0	0	3
122	272	0	0.878777129	93497.6143	93396.0883	93326.1198	93497.6143	150.829969	0	0	0	0	0	3
123	274	0	0.88598022	93500.9552	93398.3431	93326.1198	93500.9552	153.084779	0	0	0	0	0	3
124	276	0	0.893183311	93502.8934	93400.7089	93326.1198	93502.8934	155.450642	0	0	0	0	0	3
125	278	0	0.900386402	93505.2925	93403.1289	93326.1198	93505.2925	157.870574	0	0	0	0	0	3
126	280	0	0.907589493	93510.5321	93405.6218	93326.1198	93510.5321	160.363455	0	0	0	0	0	3
127	282	0	0.914792585	93513.7356	93408.2051	93326.1198	93513.7356	162.946804	0	0	0	0	0	3
128	285	0	0.921995676	93515.784	93410.8122	93326.1198	93515.784	165.553916	0	0	0	0	0	3
129	287	0	0.929198767	93517.937	93413.4692	93326.1198	93517.937	168.210893	0	0	0	0	0	3
130	289	0	0.936401858	93522.7472	93416.2464	93326.1198	93522.7472	170.988115	0	0	0	0	0	3
131	291	0	0.94360495	93526.9049	93419.09	93326.1198	93526.9049	173.831718	0	0	0	0	0	3
132	293	0	0.950808041	93527.8556	93421.972	93327.0722	93527.8556	176.713659	0	0	0	0	0	3
133	295	0	0.958011132	93530.0435	93424.8716	93328.2685	93530.0435	179.613249	0	0	0	0	0	3
134	298	0	0.965214223	93533.2213	93427.7893	93328.2685	93533.2213	182.531039	0	0	0	0	0	3
135	300	0	0.972417314	93537.1637	93430.7736	93331.1756	93537.1637	185.515256	0	0	0	0	0	3
136	302	0	0.979620406	93538.8559	93433.7404	93331.5643	93538.8559	188.482118	0	0	0	0	0	3
137	304	0	0.986823497	93539.2186	93436.7069	93332.5016	93539.2186	191.448607	0	0	0	0	0	3
138	306	0	0.994026588	93541.3241	93439.6901	93334.8012	93541.3241	194.431786	0	0	0	0	0	3
139	308	0	1.00122968	93545.0276	93442.6933	93338.976	93545.0276	197.435019	22.0340354	0	0	0	0	3
140	310	0	1.00843277	93546.777	93445.6619	93340.5571	93546.777	200.403604	22.0865164	0	0	0	0	3
141	312	0	1.01563586	93551.6243	93448.6771	93341.5584	93551.6243	203.418849	22.159226	0	0	0	0	3
142	314	0	1.02283895	93552.6765	93451.6931	93346.0028	93552.6765	203.176569	22.1939846	0	0	0	0	3
143	316	0	1.03004204	93552.7407	93454.6465	93349.313	93552.7407	198.433494	22.0340354	0	0	0	0	3
144	318	0	1.03724514	93554.9074	93457.5836	93353.2133	93554.9074	194.99268	22.0340354	0	0	0	0	3
145	320	0	1.04444823	93554.1227	93460.4537	93355.551	93554.9074	191.123893	22.0340354	0	0	0	0	3
146	322	0	1.05165132	93556.225	93463.3205	93359.4624	93556.225	187.751277	22.0340354	0	0	0	0	3
147	325	0	1.05885441	93563.8813	93466.2408	93362.8978	93563.8813	184.460812	22.0340354	0	0	0	0	3
148	327	0	1.0660575	93564.2859	93469.1177	93365.3618	93564.2859	181.556768	22.0340354	0	0	0	0	3
149	329	0	1.07326059	93562.7986	93471.9383	93368.7116	93564.2859	178.86642	22.0340354	0	0	0	0	3
150	331	0	1.08046368	93564.4269	93474.7342	93373.4832	93564.4269	177.144974	22.0340354	0	0	0	0	3
151	333	0	1.08766677	93566.456	93477.4909	93375.2583	93566.456	175.708017	22.0340354	0	0	0	0	3
152	335	0	1.09486987	93568.3258	93480.2491	93380.1162	93568.3258	174.839129	22.0340354	0	0	0	0	3
153	337	0	1.10207296	93567.0736	93482.9199	93382.3465	93568.3258	174.117234	22.0340354	0	0	0	0	3
154	339	0	1.10927605	93567.0703	93485.5588	93384.5789	93568.3258	173.603894	22.0340354	0	0	0	0	3
155	341	0	1.11647914	93572.1711	93488.2387	93388.6191	93572.1711	173.227017	22.0340354	0	0	0	0	3
156	343	0	1.12368223	93573.6215	93490.8816	93391.6443	93573.6215	172.925781	22.0340354	0	0	0	0	3
157	345	0	1.13088532	93572.4428	93493.4644	93393.0302	93573.6215	172.859663	22.0340354	0	0	0	0	3
158	347	0	1.13808841	93574.5108	93496.057	93396.8761	93574.5108	172.827878	22.0340354	0	0	0	0	3
159	349	0	1.1452915	93577.8439	93498.6422	93397.6016	93577.8439	172.75536	22.0340354	0	0	0	0	3
160	351	0	1.15249459	93575.3242	93501.1811	93404.2174	93577.8439	172.577035	22.0340354	0	0	0	0	3
161	353	0	1.15969769	93574.8325	93503.6185	93406.497	93577.8439	171.346902	22.0340354	0	0	0	0	3
162	356	0	1.16690078	93576.2996	93506.0442	93412.4306	93577.8439	165.413358	22.0340354	0	0	0	0	3
163	358	0	1.17410387	93581.1211	93508.4541	93413.6625	93581.1211	167.458613	22.0340354	0	0	0	0	3
164	360	0	1.18130696	93578.7386	93510.8123	93418.6561	93581.1211	162.464979	22.0340354	0	0	0	0	3
165	362	0	1.18851005	93580.4408	93513.1235	93420.1487	93581.1211	160.972399	22.0340354	0	0	0	0	3
166	365	0	1.19571314	93585.2274	93515.4818	93424.5842	93585.2274	160.643228	22.0340354	0	0	0	0	3
167	367	0	1.20291623	93582.8084	93517.7422	93424.8181	93585.2274	160.409323	22.0340354	0	0	0	0	3
168	369	0	1.21011932	93580.0547	93519.9598	93428.778	93585.2274	156.449395	22.0340354	0	0	0	0	3
169	371	0	1.21732242	93584.4454	93522.1836	93431.444	93585.2274	153.783407	22.0340354	0	0	0	0	3
170	373	0	1.22452551	93586.0612	93524.3925	93434.9936	93586.0612	151.067604	22.0340354	0	0	0	0	3
171	375	0	1.2317286	93587.313	93526.5685	93435.8442	93587.313	151.468865	22.0340354	0	0	0	0	3
172	377	0	1.23893169	93583.915	93528.6838	93438.8335	93587.313	148.479504	22.0340354	0	0	0	0	3
173	379	0	1.24613478	93586.4932	93530.7861	93438.8335	93587.313	148.479504	22.0340354	0	0	0	0	3
174	381	0	1.25333787	93586.9709	93532.9024	93441.2672	93587.313	146.045854	22.0340354	0	0	0	0	3
175	383	0	1.26054096	93588.8193	93535.0103	93442.4	93588.8193	146.419324	22.0340354	0	0	0	0	3
176	386	0	1.26774405	93587.3197	93537.0805	93444.818	93588.8193	144.001295	22.0340354	0	0	0	0	3
177	388	0	1.27494715	93588.936	93539.1394	93446.7058	93588.936	142.230132	22.0340354	0	0	0	0	3
178	390	0	1.28215024	93590.1076	93541.188	93448.836	93590.1076	141.271616	22.0340354	0	0	0	0	3
179	392	0	1.28935333	93591.1988	93543.2217	93451.3825	93591.1988	139.816346	22.0340354	0	0	0	0	3
180	394	0	1.29655642	93590.6761	93545.2116	93456.4894	93591.1988	134.709466	22.0340354	0	0	0	0	3
181	397	0	1.30375951	93590.7	93547.1289	93459.0465	93591.1988	132.152322	22.0340354	0	0	0	0	3
182	399	0	1.3109626	93592.6103	93549.037	93464.6196	93592.6103	127.990672	22.0340354	0	0	0	0	3
183	401	0	1.31816569	93594.793	93550.8966	93466.2556	93594.793	128.53736	22.0340354	0	0	0	0	3
184	403	0	1.32536878	93593.8042	93552.7187	93470.5922	93594.793	124.200732	22.0340354	0	0	0	0	3
185	405	0	1.33257188	93596.8043	93554.5218	93475.4092	93596.8043	121.395104	22.0340354	0	0	0	0	3
186	408	0	1.33977497	93596.444	93556.2508	93478.689	93596.8043	118.11533	22.0340354	0	0	0	0	3
187	410	0	1.34697806	93594.3097	93557.9025	93483.374	93596.8043	113.43031	22.0340354	0	0	0	0	3
188	413	0	1.35418115	93596.8891	93559.5242	93486.4524	93596.8891	110.436758	22.0340354	0	0	0	0	3
189	415	0	1.36138424	93597.7934	93561.1148	93491.7683	93597.7934	106.025114	22.0340354	0	0	0	0	3
190	417	0	1.36858733	93597.7552	93562.6289	93493.9257	93597.7934	103.867753	22.0340354	0	0	0	0	3
191	419	0	1.37579042	93600.1801	93564.1468	93497.6143	93600.1801	102.565791	22.0340354	0	0	0	0	3
192	421	0	1.38299351	93599.53	93565.6027	93500.9552	93600.1801	99.2248214	22.0340354	0	0	0	0	3
193	423	0	1.39019661	93599.5921	93567.0118	93502.8934	93600.1801	97.2866622	22.0340354	0	0	0	0	3
194	425	0	1.3973997	93599.9724	93568.3987	93505.2925	93600.1801	94.8876036	22.0340354	0	0	0	0	3
195	428	0	1.40460279	93600.0295	93569.7521	93510.5321	93600.1801	89.6479635	22.0340354	0	0	0	0	3
196	430	0	1.41180588	93601.0243	93571.0448	93513.7356	93601.0243	87.2887598	22.0340354	0	0	0	0	3
197	432	0	1.41900897	93601.137	93572.2934	93515.784	93601.137	85.352998	22.0340354	0	0	0	0	3
198	434	0	1.42621206	93603.2624	93573.5431	93517.937	93603.2624	85.325351	22.0340354	0	0	0	0	3
199	436	0	1.43341515	93605.3897	93574.7924	93522.7472	93605.3897	82.6425196	22.0340354	0	0	0	0	3
200	439	0	1.44061824	93604.4144	93575.9591	93526.9049	93605.3897	78.4848512	22.0340354	0	0	0	0	3
201	444	0	1.44782133	93603.4343	93577.0524	93527.8556	93605.3897	77.5341135	22.0340354	0	0	0	0	3
202	446	0	1.45502443	93601.6493	93578.1066	93530.0435	93605.3897	75.3462473	22.0340354	0	0	0	0	3
203	448	0	1.46222752	93606.8508	93579.2038	93533.2213	93606.8508	73.6295311	22.0340354	0	0	0	0	3
204	450	0	1.46943061	93606.9331	93580.2568	93537.1637	93606.9331	69.7693941	22.0340354	0	0	0	0	3
205	452	0	1.4766337	93605.6474	93581.2352	93538.8559	93606.9331	68.077202	22.0340354	0	0	0	0	3
206	454	0	1.48383679	93605.4622	93582.1867	93539.2186	93606.9331	67.7145462	22.0340354	0	0	0	0	3
207	456	0	1.49103988	93606.7926	93583.152	93541.3241	93606.9331	65.6090519	22.0340354	0	0	0	0	3
208	458	0	1.49824297	93607.4942	93584.0973	93545.0276	93607.4942	62.466621	22.0340354	0	0	0	0	3
209	460	0	1.50544606	93609.124	93585.013	93546.777	93609.124	62.3470508	22.0340354	0	0	0	0	3
210	462	0	1.51264916	93607.7033	93585.8834	93551.6243	93609.124	57.4997442	22.0340354	0	0	0	0	3
211	464	0	1.51985225	93609.8821	93586.7156	93552.6765	93609.8821	57.2056172	22.0340354	0	0	0	0	3
212	466	0	1.52705534	93608.6913	93587.5158	93552.7407	93609.8821	57.1413528	22.0340354	0	0	0	0	3
213	469	0	1.53425843	93610.4204	93588.3398	93554.1227	93610.4204	56.29774	22.0340354	0	0	0	0	3
214	471	0	1.54146152	93612.393	93589.161	93554.1227	93612.393	58.2703378	22.0340354	0	0	0	0	3
215	473	0	1.54866461	93613.6534	93590.0115	93556.225	93613.6534	57.4283128	22.0340354	0	0	0	0	3
216	476	0	1.5558677	93612.8554	93590.8205	93562.7986	93613.6534	50.8547278	22.0340354	0	0	0	0	3
217	478	0	1.56307079	93615.4497	93591.5572	93562.7986	93615.4497	52.6510694	22.0340354	0	0	0	0	3
218	480	0	1.57027389	93612.117	93592.2405	93562.7986	93615.4497	52.6510694	22.0340354	0	0	0	0	3
219	482	0	1.57747698	93614.7408	93592.9825	93564.4269	93615.4497	51.0228148	22.0340354	0	0	0	0	3
220	485	0	1.58468007	93615.949	93593.7185	93566.456	93615.949	49.4929467	22.0340354	0	0	0	0	3
221	487	0	1.59188316	93616.983	93594.4404	93567.0703	93616.983	49.912632	22.0340354	0	0	0	0	3
222	489	0	1.59908625	93618.6924	93595.1599	93567.0703	93618.6924	51.6220665	22.0340354	0	0	0	0	3
223	491	0	1.60628934	93619.5292	93595.9092	93567.0703	93619.5292	52.4588741	22.0340354	0	0	0	0	3
224	493	0	1.61349243	93617.8016	93596.634	93572.1711	93619.5292	47.358149	22.0340354	0	0	0	0	3
225	496	0	1.62069552	93618.5337	93597.2963	93572.4428	93619.5292	47.0864531	22.0340354	0	0	0	0	3
226	498	0	1.62789862	93617.6633	93597.9255	93572.4428	93619.5292	47.0864531	22.0340354	0	0	0	0	3
227	500	0	1.63510171	93620.5634	93598.6129	93574.5108	93620.5634	46.0525703	22.0340354	0	0	0	0	3
228	502	0	1.6423048	93621.3437	93599.2819	93574.8325	93621.3437	46.5111987	22.0340354	0	0	0	0	3
229	504	0	1.64950789	93621.9471	93599.912	93574.8325	93621.9471	47.1146104	22.0340354	0	0	0	0	3
230	506	0	1.65671098	93623.2682	93600.5969	93574.8325	93623.2682	48.4356885	22.0340354	0	0	0	0	3
231	509	0	1.66391407	93621.5437	93601.2642	93576.2996	93623.2682	46.9685746	22.0340354	0	0	0	0	3
232	511	0	1.67111716	93619.8617	93601.8865	93578.7386	93623.2682	44.5295565	22.0340354	0	0	0	0	3
233	513	0	1.67832025	93623.6568	93602.4942	93578.7386	93623.6568	44.9181737	22.0340354	0	0	0	0	3
234	516	0	1.68552334	93622.5805	93603.1205	93580.0547	93623.6568	43.6020443	22.0340354	0	0	0	0	3
235	518	0	1.69272644	93623.7147	93603.7387	93580.0547	93623.7147	43.6599858	22.0340354	0	0	0	0	3
236	520	0	1.69992953	93624.8215	93604.3043	93580.0547	93624.8215	44.7667963	22.0340354	0	0	0	0	3
237	522	0	1.70713262	93625.5402	93604.9148	93580.0547	93625.5402	45.4854716	22.0340354	0	0	0	0	3
238	524	0	1.71433571	93623.631	93605.5373	93583.915	93625.5402	41.6252301	22.0340354	0	0	0	0	3
239	526	0	1.7215388	93623.5275	93606.0956	93583.915	93625.5402	41.6252301	22.0340354	0	0	0	0	3
240	528	0	1.72874189	93625.8832	93606.6645	93583.915	93625.8832	41.9682466	22.0340354	0	0	0	0	3
241	531	0	1.73594498	93624.9803	93607.2026	93583.915	93625.8832	41.9682466	22.0340354	0	0	0	0	3
242	534	0	1.74314807	93627.129	93607.8199	93586.4932	93627.129	40.6357932	22.0340354	0	0	0	0	3
243	536	0	1.75035117	93630.5543	93608.4494	93586.9709	93630.5543	43.5834379	22.0340354	0	0	0	0	3
244	538	0	1.75755426	93626.6081	93609.0156	93587.3197	93630.5543	43.2345841	22.0340354	0	0	0	0	3
245	540	0	1.76475735	93628.6386	93609.5845	93587.3197	93630.5543	43.2345841	22.0340354	0	0	0	0	3
246	543	0	1.77196044	93630.7168	93610.2044	93588.936	93630.7168	41.7808836	22.0340354	0	0	0	0	3
247	545	0	1.77916353	93630.5612	93610.7991	93590.1076	93630.7168	40.6092287	22.0340354	0	0	0	0	3
248	547	0	1.78636662	93629.8311	93611.3666	93590.6761	93630.7168	40.040723	22.0340354	0	0	0	0	3
249	549	0	1.79356971	93629.3458	93611.9115	93590.6761	93630.7168	40.040723	22.0340354	0	0	0	0	3
250	552	0	1.8007728	93628.7702	93612.4557	93590.7	93630.7168	40.0168536	22.0340354	0	0	0	0	3
251	554	0	1.8079759	93630.9476	93613.0307	93592.6103	93630.9476	38.3372513	22.0340354	0	0	0	0	3
252	556	0	1.81517899	93632.771	93613.6044	93593.8042	93632.771	38.9668497	22.0340354	0	0	0	0	3
253	558	0	1.82238208	93632.652	93614.1453	93593.8042	93632.771	38.9668497	22.0340354	0	0	0	0	3
254	560	0	1.82958517	93631.4589	93614.6832	93594.3097	93632.771	38.4613647	22.0340354	0	0	0	0	3
255	563	0	1.83678826	93632.86	93615.1983	93594.3097	93632.86	38.5503142	22.0340354	0	0	0	0	3
256	565	0	1.84399135	93633.9719	93615.7344	93594.3097	93633.9719	39.6622617	22.0340354	0	0	0	0	3
257	567	0	1.85119444	93630.637	93616.2533	93596.8891	93633.9719	37.0827815	22.0340354	0	0	0	0	3
258	569	0	1.85839753	93632.4994	93616.7621	93597.7552	93633.9719	36.2167611	22.0340354	0	0	0	0	3
259	571	0	1.86560063	93633.8362	93617.277	93597.7552	93633.9719	36.2167611	22.0340354	0	0	0	0	3
260	573	0	1.87280372	93633.5746	93617.7887	93599.53	93633.9719	34.4419286	22.0340354	0	0	0	0	3
261	575	0	1.88000681	93633.1773	93618.26	93599.53	93633.9719	34.4419286	22.0340354	0	0	0	0	3
262	578	0	1.8872099	93635.3156	93618.7713	93599.5921	93635.3156	35.7234981	22.0340354	0	0	0	0	3
263	580	0	1.89441299	93638.4013	93619.3257	93599.9724	93638.4013	38.4288891	22.0340354	0	0	0	0	3
264	583	0	1.90161608	93635.1484	93619.8282	93600.0295	93638.4013	38.3718076	22.0340354	0	0	0	0	3
265	585	0	1.90881917	93632.6749	93620.2946	93601.0243	93638.4013	37.3769577	22.0340354	0	0	0	0	3
266	587	0	1.91602226	93635.2134	93620.783	93601.137	93638.4013	37.264269	22.0340354	0	0	0	0	3
267	590	0	1.92322536	93637.9339	93621.3086	93601.6493	93638.4013	36.75202	22.0340354	0	0	0	0	3
268	592	0	1.93042845	93637.77	93621.8016	93601.6493	93638.4013	36.75202	22.0340354	0	0	0	0	3
269	594	0	1.93763154	93638.857	93622.2797	93601.6493	93638.857	37.2077291	22.0340354	0	0	0	0	3
270	596	0	1.94483463	93638.0736	93622.7606	93601.6493	93638.857	37.2077291	22.0340354	0	0	0	0	3
271	598	0	1.95203772	93640.2858	93623.287	93601.6493	93640.2858	38.6365091	22.0340354	0	0	0	0	3
272	601	0	1.95924081	93640.9093	93623.8479	93605.4622	93640.9093	35.4470805	22.0340354	0	0	0	0	3
273	603	0	1.9664439	93639.7826	93624.3183	93605.4622	93640.9093	35.4470805	22.0340354	0	0	0	0	3
274	605	0	1.97364699	93641.701	93624.815	93605.4622	93641.701	36.2387514	22.0340354	0	0	0	0	3
275	607	0	1.98085008	93642.8595	93625.3466	93605.4622	93642.8595	37.3972282	22.0340354	0	0	0	0	3
276	609	0	1.98805318	93643.4369	93625.8891	93606.7926	93643.4369	36.6442606	22.0340354	0	0	0	0	3
277	611	0	1.99525627	93640.2032	93626.3664	93607.4942	93643.4369	35.9426748	22.0340354	0	0	0	0	3
278	613	0	2.00245936	93641.0111	93626.8452	93607.7033	93643.4369	35.7335657	22.0340354	0	0	0	0	3
279	616	0	2.00966245	93644.5374	93627.3511	93607.7033	93644.5374	36.8340341	22.0340354	0	0	0	0	3
280	618	0	2.01686554	93644.1424	93627.8717	93608.6913	93644.5374	35.8460305	22.0340354	0	0	0	0	3
281	620	0	2.02406863	93646.0991	93628.3891	93608.6913	93646.0991	37.4078205	22.0340354	0	0	0	0	3
282	622	0	2.03127172	93645.3605	93628.9129	93610.4204	93646.0991	35.6787206	22.0340354	0	0	0	0	3
283	624	0	2.03847481	93646.9738	93629.4351	93612.117	93646.9738	34.8567629	22.0340354	0	0	0	0	3
284	627	0	2.04567791	93646.4885	93629.9222	93612.117	93646.9738	34.8567629	22.0340354	0	0	0	0	3
285	629	0	2.052881	93645.0921	93630.3713	93612.117	93646.9738	34.8567629	22.0340354	0	0	0	0	3
286	632	0	2.06008409	93644.1248	93630.818	93612.117	93646.9738	34.8567629	22.0340354	0	0	0	0	3
287	634	0	2.06728718	93648.8667	93631.2954	93612.117	93648.8667	36.749611	22.0340354	0	0	0	0	3
288	637	0	2.07449027	93649.5758	93631.8305	93614.7408	93649.5758	34.8350258	22.0340354	0	0	0	0	3
289	639	0	2.08169336	93651.142	93632.3505	93615.949	93651.142	35.193046	22.0340354	0	0	0	0	3
290	641	0	2.08889645	93648.1895	93632.8111	93616.983	93651.142	34.1590537	22.0340354	0	0	0	0	3
291	643	0	2.09609954	93647.5541	93633.2478	93617.6633	93651.142	33.4786943	22.0340354	0	0	0	0	3
292	645	0	2.10330264	93648.9907	93633.6807	93617.6633	93651.142	33.4786943	22.0340354	0	0	0	0	3
293	647	0	2.11050573	93649.5989	93634.1102	93617.6633	93651.142	33.4786943	22.0340354	0	0	0	0	3
294	650	0	2.11770882	93650.0371	93634.5708	93617.6633	93651.142	33.4786943	22.0340354	0	0	0	0	3
295	652	0	2.12491191	93652.5221	93635.0563	93617.6633	93652.5221	34.858788	22.0340354	0	0	0	0	3
296	654	0	2.132115	93650.2397	93635.5217	93619.8617	93652.5221	32.6604325	22.0340354	0	0	0	0	3
297	656	0	2.13931809	93650.5988	93635.9508	93619.8617	93652.5221	32.6604325	22.0340354	0	0	0	0	3
298	658	0	2.14652118	93653.695	93636.4129	93619.8617	93653.695	33.8333144	22.0340354	0	0	0	0	3
299	660	0	2.15372427	93654.2762	93636.8748	93619.8617	93654.2762	34.414467	22.0340354	0	0	0	0	3
300	663	0	2.16092737	93653.4113	93637.3054	93619.8617	93654.2762	34.414467	22.0340354	0	0	0	0	3
301	668	0	2.16813046	93651.2134	93637.7292	93619.8617	93654.2762	34.414467	22.0340354	0	0	0	0	3
302	670	0	2.17533355	93652.5582	93638.1963	93622.5805	93654.2762	31.6956522	22.0340354	0	0	0	0	3
303	672	0	2.18253664	93651.4252	93638.593	93622.5805	93654.2762	31.6956522	22.0340354	0	0	0	0	3
304	674	0	2.18973973	93654.6349	93639.0509	93623.5275	93654.6349	31.1074125	22.0340354	0	0	0	0	3
305	676	0	2.19694282	93656.4867	93639.5191	93623.5275	93656.4867	32.9592493	22.0340354	0	0	0	0	3
306	678	0	2.20414591	93655.1481	93639.9523	93623.5275	93656.4867	32.9592493	22.0340354	0	0	0	0	3
307	680	0	2.211349	93655.4545	93640.3797	93623.5275	93656.4867	32.9592493	22.0340354	0	0	0	0	3
308	682	0	2.2185521	93657.2803	93640.8604	93623.5275	93657.2803	33.7528009	22.0340354	0	0	0	0	3
309	684	0	2.22575519	93657.6183	93641.3474	93624.9803	93657.6183	32.6379681	22.0340354	0	0	0	0	3
310	686	0	2.23295828	93654.0318	93641.7495	93624.9803	93657.6183	32.6379681	22.0340354	0	0	0	0	3
311	689	0	2.24016137	93653.0383	93642.1504	93626.6081	93657.6183	31.0101477	22.0340354	0	0	0	0	3
312	691	0	2.24736446	93656.2756	93642.5667	93626.6081	93657.6183	31.0101477	22.0340354	0	0	0	0	3
313	693	0	2.25456755	93655.8612	93642.9283	93626.6081	93657.6183	31.0101477	22.0340354	0	0	0	0	3
314	695	0	2.26177064	93659.1171	93643.3927	93628.6386	93659.1171	30.4784714	22.0340354	0	0	0	0	3
315	697	0	2.26897373	93657.2527	93643.8014	93628.7702	93659.1171	30.3469219	22.0340354	0	0	0	0	3
316	700	0	2.27617682	93656.4383	93644.1689	93628.7702	93659.1171	30.3469219	22.0340354	0	0	0	0	3
317	702	0	2.28337992	93656.8033	93644.5438	93628.7702	93659.1171	30.3469219	22.0340354	0	0	0	0	3
318	704	0	2.29058301	93659.4794	93644.9673	93628.7702	93659.4794	30.709161	22.0340354	0	0	0	0	3
319	707	0	2.2977861	93657.6336	93645.3714	93628.7702	93659.4794	30.709161	22.0340354	0	0	0	0	3
320	709	0	2.30498919	93658.4602	93645.7956	93630.637	93659.4794	28.8423632	22.0340354	0	0	0	0	3
321	712	0	2.31219228	93659.4826	93646.2032	93630.637	93659.4826	28.8455737	22.0340354	0	0	0	0	3
322	714	0	2.31939537	93660.6862	93646.602	93630.637	93660.6862	30.0491749	22.0340354	0	0	0	0	3
323	716	0	2.32659846	93663.0312	93647.036	93630.637	93663.0312	32.3528219	22.0340354	0	0	0	0	3
324	718	0	2.33380155	93662.0745	93647.4734	93630.637	93663.0312	32.2751075	22.0340354	0	0	0	0	3
325	721	0	2.34100465	93658.9969	93647.8468	93630.637	93663.0312	32.1123789	22.0340354	0	0	0	0	3
326	723	0	2.34820774	93660.8897	93648.2313	93630.637	93663.0312	31.9779566	22.0340354	0	0	0	0	3
327	725	0	2.35541083	93663.6205	93648.7025	93632.4994	93663.6205	31.1211359	22.0340354	0	0	0	0	3
328	727	0	2.36261392	93662.8686	93649.1363	93632.6749	93663.6205	30.9456456	22.0340354	0	0	0	0	3
329	729	0	2.36981701	93662.9274	93649.5519	93632.6749	93663.6205	30.9456456	22.0340354	0	0	0	0	3
330	732	0	2.3770201	93663.1053	93649.9738	93632.6749	93663.6205	30.9456456	22.0340354	0	0	0	0	3
331	734	0	2.38422319	93662.4047	93650.3913	93632.6749	93663.6205	30.9456456	22.0340354	0	0	0	0	3
332	736	0	2.39142628	93662.6219	93650.7814	93632.6749	93663.6205	30.9456456	22.0340354	0	0	0	0	3
333	738	0	2.39862938	93662.5972	93651.1271	93632.6749	93663.6205	30.9456456	22.0340354	0	0	0	0	3
334	740	0	2.40583247	93663.6453	93651.5342	93632.6749	93663.6453	30.9703605	22.0340354	0	0	0	0	3
335	742	0	2.41303556	93664.783	93651.9929	93635.2134	93664.783	29.5696097	22.0340354	0	0	0	0	3
336	744	0	2.42023865	93666.2244	93652.4359	93637.77	93666.2244	28.4544245	22.0340354	0	0	0	0	3
337	747	0	2.42744174	93663.0194	93652.7942	93637.77	93666.2244	28.4544245	22.0340354	0	0	0	0	3
338	749	0	2.43464483	93663.2965	93653.1589	93638.0736	93666.2244	28.1507836	22.0340354	0	0	0	0	3
339	752	0	2.44184792	93666.9274	93653.5599	93638.0736	93666.9274	28.8538179	22.0340354	0	0	0	0	3
340	754	0	2.44905101	93664.76	93653.9411	93639.7826	93666.9274	27.1448831	22.0340354	0	0	0	0	3
341	756	0	2.45625411	93666.6592	93654.3179	93639.7826	93666.9274	27.1448831	22.0340354	0	0	0	0	3
342	758	0	2.4634572	93666.7902	93654.6876	93639.7826	93666.9274	27.1448831	22.0340354	0	0	0	0	3
343	760	0	2.47066029	93664.6786	93655.0433	93640.2032	93666.9274	26.7242163	22.0340354	0	0	0	0	3
344	762	0	2.47786338	93664.7661	93655.3728	93640.2032	93666.9274	26.7242163	22.0340354	0	0	0	0	3
345	765	0	2.48506647	93668.4502	93655.7384	93640.2032	93668.4502	28.2469403	22.0340354	0	0	0	0	3
346	767	0	2.49226956	93667.6122	93656.0837	93640.2032	93668.4502	28.2469403	22.0340354	0	0	0	0	3
347	770	0	2.49947265	93666.8217	93656.464	93641.0111	93668.4502	27.4390976	22.0340354	0	0	0	0	3
348	772	0	2.50667574	93667.5352	93656.8429	93644.1248	93668.4502	24.3253645	22.0340354	0	0	0	0	3
349	774	0	2.51387883	93668.0962	93657.1795	93644.1248	93668.4502	24.3253645	22.0340354	0	0	0	0	3
350	777	0	2.52108193	93668.4045	93657.5261	93644.1248	93668.4502	24.3253645	22.0340354	0	0	0	0	3
351	779	0	2.52828502	93670.77	93657.8785	93644.1248	93670.77	26.6451876	22.0340354	0	0	0	0	3
352	781	0	2.53548811	93670.6191	93658.2393	93644.1248	93670.77	26.6451876	22.0340354	0	0	0	0	3
353	783	0	2.5426912	93668.515	93658.5471	93644.1248	93670.77	26.6451876	22.0340354	0	0	0	0	3
354	785	0	2.54989429	93668.8721	93658.8668	93644.1248	93670.77	26.6451876	22.0340354	0	0	0	0	3
355	787	0	2.55709738	93667.8699	93659.1922	93644.1248	93670.77	26.6451876	22.0340354	0	0	0	0	3
356	791	0	2.56430047	93669.2567	93659.5513	93647.5541	93670.77	23.2159021	22.0340354	0	0	0	0	3
357	793	0	2.57150356	93670.3499	93659.8582	93647.5541	93670.77	23.2159021	22.0340354	0	0	0	0	3
358	795	0	2.57870666	93671.2858	93660.1683	93647.5541	93671.2858	23.731712	22.0340354	0	0	0	0	3
359	797	0	2.58590975	93672.24	93660.4697	93647.5541	93672.24	24.685951	22.0340354	0	0	0	0	3
360	800	0	2.59311284	93673.8413	93660.8362	93647.5541	93673.8413	26.2872137	22.0340354	0	0	0	0	3
361	802	0	2.60031593	93672.874	93661.1979	93648.9907	93673.8413	24.8505553	22.0340354	0	0	0	0	3
362	804	0	2.60751902	93671.6551	93661.5217	93649.5989	93673.8413	24.2423787	22.0340354	0	0	0	0	3
363	806	0	2.61472211	93672.5523	93661.8496	93650.0371	93673.8413	23.8042116	22.0340354	0	0	0	0	3
364	808	0	2.6219252	93672.0786	93662.1644	93650.2397	93673.8413	23.60158	22.0340354	0	0	0	0	3
365	810	0	2.62912829	93671.7347	93662.4389	93650.2397	93673.8413	23.60158	22.0340354	0	0	0	0	3
366	812	0	2.63633139	93675.1497	93662.7948	93650.5988	93675.1497	24.55084	22.0340354	0	0	0	0	3
367	814	0	2.64353448	93676.8764	93663.1702	93651.2134	93676.8764	25.6630946	22.0340354	0	0	0	0	3
368	817	0	2.65073757	93676.1937	93663.4916	93651.2134	93676.8764	25.6630946	22.0340354	0	0	0	0	3
369	819	0	2.65794066	93675.5249	93663.7951	93651.2134	93676.8764	25.6630946	22.0340354	0	0	0	0	3
370	822	0	2.66514375	93675.1013	93664.105	93651.2134	93676.8764	25.6630946	22.0340354	0	0	0	0	3
371	824	0	2.67234684	93675.2399	93664.4482	93651.4252	93676.8764	25.451272	22.0340354	0	0	0	0	3
372	826	0	2.67954993	93676.9703	93664.797	93651.4252	93676.9703	25.5451461	22.0340354	0	0	0	0	3
373	828	0	2.68675302	93674.8785	93665.132	93653.0383	93676.9703	23.932069	22.0340354	0	0	0	0	3
374	830	0	2.69395612	93677.5916	93665.46	93653.0383	93677.5916	24.5533752	22.0340354	0	0	0	0	3
375	832	0	2.70115921	93677.057	93665.7538	93653.0383	93677.5916	24.5533752	22.0340354	0	0	0	0	3
376	834	0	2.7083623	93677.0627	93666.0669	93653.0383	93677.5916	24.5533752	22.0340354	0	0	0	0	3
377	837	0	2.71556539	93676.8828	93666.373	93653.0383	93677.5916	24.5533752	22.0340354	0	0	0	0	3
378	839	0	2.72276848	93677.4349	93666.6609	93653.0383	93677.5916	24.5533752	22.0340354	0	0	0	0	3
379	842	0	2.72997157	93677.8969	93666.9506	93653.0383	93677.8969	24.8586499	22.0340354	0	0	0	0	3
380	845	0	2.73717466	93677.7549	93667.2895	93653.0383	93677.8969	24.8586499	22.0340354	0	0	0	0	3
381	847	0	2.74437775	93681.384	93667.6945	93655.8612	93681.384	25.1277356	22.0340354	0	0	0	0	3
382	849	0	2.75158085	93678.7518	93668.0156	93655.8612	93681.384	25.0872979	22.0340354	0	0	0	0	3
383	851	0	2.75878394	93677.9807	93668.3315	93656.4383	93681.384	24.9388758	22.0340354	0	0	0	0	3
384	854	0	2.76598703	93679.1948	93668.6184	93656.4383	93681.384	24.8169273	22.0340354	0	0	0	0	3
385	856	0	2.77319012	93677.8498	93668.9126	93656.4383	93681.384	24.7437211	22.0340354	0	0	0	0	3
386	858	0	2.78039321	93679.745	93669.2456	93656.8033	93681.384	24.5807222	22.0340354	0	0	0	0	3
387	860	0	2.7875963	93680.6768	93669.5866	93657.6336	93681.384	23.7504314	22.0340354	0	0	0	0	3
388	862	0	2.79479939	93682.3826	93669.9138	93657.6336	93682.3826	24.542367	22.0340354	0	0	0	0	3
389	864	0	2.80200248	93681.4863	93670.2546	93658.4602	93682.3826	23.9224044	22.0340354	0	0	0	0	3
390	867	0	2.80920557	93681.333	93670.5813	93658.9969	93682.3826	23.3857423	22.0340354	0	0	0	0	3
391	869	0	2.81640867	93680.5596	93670.8824	93658.9969	93682.3826	23.3857423	22.0340354	0	0	0	0	3
392	871	0	2.82361176	93680.9701	93671.1722	93658.9969	93682.3826	23.3857423	22.0340354	0	0	0	0	3
393	873	0	2.83081485	93681.0005	93671.4289	93658.9969	93682.3826	23.3857423	22.0340354	0	0	0	0	3
394	876	0	2.83801794	93680.0729	93671.686	93658.9969	93682.3826	23.3857423	22.0340354	0	0	0	0	3
395	878	0	2.84522103	93681.2361	93672.0037	93660.8897	93682.3826	21.4929337	22.0340354	0	0	0	0	3
