Iteration	CPUTime	PhysTime	Travels	Value	AvValue	MinValue	MaxValue	Delta	Criteria	PrevAvRefValue	Progress	CriteriaType	CriteriaVarType	CriteriaPercentage
1	13	0	0.00720309122	-0.00277735313	-0.00277735313	-0.00277735313	-0.00277735313	0	0	0	0	0	0	3
2	15	0	0.0144061824	-0.00277777773	-0.00277756543	-0.00277777773	-0.00277735313	2.12298299e-07	0	0	0	0	0	3
3	17	0	0.0216092737	-0.00277777791	-0.00277763626	-0.00277777791	-0.00277735313	2.83125315e-07	0	0	0	0	0	3
4	19	0	0.0288123649	-0.00277777777	-0.00277767164	-0.00277777791	-0.00277735313	3.18502359e-07	0	0	0	0	0	3
5	20	0	0.0360154561	-0.00277777777	-0.00277769286	-0.00277777791	-0.00277735313	3.39729302e-07	0	0	0	0	0	3
6	22	0	0.0432185473	-0.00277777778	-0.00277770702	-0.00277777791	-0.00277735313	3.53881656e-07	0	0	0	0	0	3
7	24	0	0.0504216385	-0.00277777777	-0.00277771712	-0.00277777791	-0.00277735313	3.63988926e-07	0	0	0	0	0	3
8	26	0	0.0576247297	-0.00277777773	-0.0027777247	-0.00277777791	-0.00277735313	3.71564575e-07	0	0	0	0	0	3
9	27	0	0.064827821	-0.00277777759	-0.00277773058	-0.00277777791	-0.00277735313	3.7744157e-07	0	0	0	0	0	3
10	29	0	0.0720309122	-0.00277777767	-0.00277773529	-0.00277777791	-0.00277735313	3.82150593e-07	0	0	0	0	0	3
11	31	0	0.0792340034	-0.00277777766	-0.00277773914	-0.00277777791	-0.00277735313	3.86002558e-07	0	0	0	0	0	3
12	33	0	0.0864370946	-0.00277777455	-0.00277774209	-0.00277777791	-0.00277735313	3.88953493e-07	0	0	0	0	0	3
13	35	0	0.0936401858	-0.00277777853	-0.00277774489	-0.00277777853	-0.00277735313	3.9175663e-07	0	0	0	0	0	3
14	37	0	0.100843277	-0.00277777638	-0.00277774714	-0.00277777853	-0.00277735313	3.94005768e-07	0	0	0	0	0	3
15	39	0	0.108046368	-0.00277777949	-0.0027777493	-0.00277777949	-0.00277735313	3.96162128e-07	0	0	0	0	0	3
16	41	0	0.115249459	-0.00277777819	-0.0027777511	-0.00277777949	-0.00277735313	3.97967938e-07	0	0	0	0	0	3
17	43	0	0.122452551	-0.00277778172	-0.0027777529	-0.00277778172	-0.00277735313	3.99769112e-07	0	0	0	0	0	3
18	45	0	0.129655642	-0.00277778552	-0.00277775472	-0.00277778552	-0.00277735313	4.01581218e-07	0	0	0	0	0	3
19	47	0	0.136858733	-0.0027777819	-0.00277775615	-0.00277778552	-0.00277735313	4.03011982e-07	0	0	0	0	0	3
20	49	0	0.144061824	-0.00277778777	-0.00277775773	-0.00277778777	-0.00277735313	4.04593154e-07	0	0	0	0	0	3
21	51	0	0.151264916	-0.00277778531	-0.00277775904	-0.00277778777	-0.00277735313	4.05906716e-07	0	0	0	0	0	3
22	53	0	0.158468007	-0.00277779073	-0.00277776048	-0.00277779073	-0.00277735313	4.07347052e-07	0	0	0	0	0	3
23	55	0	0.165671098	-0.0027777911	-0.00277776181	-0.0027777911	-0.00277735313	4.08678451e-07	0	0	0	0	0	3
24	57	0	0.172874189	-0.00277779046	-0.00277776301	-0.0027777911	-0.00277735313	4.09872136e-07	0	0	0	0	0	3
25	59	0	0.18007728	-0.00277778357	-0.00277776383	-0.0027777911	-0.00277735313	4.10694515e-07	0	0	0	0	0	3
26	61	0	0.187280372	-0.00277778635	-0.0027777647	-0.0027777911	-0.00277735313	4.11560707e-07	0	0	0	0	0	3
27	63	0	0.194483463	-0.00277778979	-0.00277776563	-0.0027777911	-0.00277735313	4.12490238e-07	0	0	0	0	0	3
28	65	0	0.201686554	-0.00277779466	-0.00277776666	-0.00277779466	-0.00277735313	4.13527236e-07	0	0	0	0	0	3
29	67	0	0.208889645	-0.00277778748	-0.00277776738	-0.00277779466	-0.00277735313	4.14245231e-07	0	0	0	0	0	3
30	69	0	0.216092737	-0.0027778019	-0.00277776853	-0.0027778019	-0.00277735313	4.15395986e-07	0	0	0	0	0	3
31	72	0	0.223295828	-0.00277779208	-0.00277776929	-0.0027778019	-0.00277735313	4.16155557e-07	0	0	0	0	0	3
32	74	0	0.230498919	-0.00277779051	-0.00277776995	-0.0027778019	-0.00277735313	4.16818602e-07	0	0	0	0	0	3
33	76	0	0.23770201	-0.0027777917	-0.00277777061	-0.0027778019	-0.00277735313	4.1747754e-07	0	0	0	0	0	3
34	78	0	0.244905101	-0.00277779062	-0.0027777712	-0.0027778019	-0.00277735313	4.18065901e-07	0	0	0	0	0	3
35	80	0	0.252108193	-0.00277779058	-0.00277777175	-0.0027778019	-0.00277735313	4.18619682e-07	0	0	0	0	0	3
36	83	0	0.259311284	-0.00277777917	-0.00277777196	-0.0027778019	-0.00277735313	4.18825528e-07	0	0	0	0	0	3
37	85	0	0.266514375	-0.00277783615	-0.0027777737	-0.00277783615	-0.00277735313	4.20560451e-07	0	0	0	0	0	3
38	87	0	0.273717466	-0.00277780207	-0.00277777444	-0.00277783615	-0.00277735313	4.21307079e-07	0	0	0	0	0	3
39	89	0	0.280920557	-0.00277778396	-0.00277777469	-0.00277783615	-0.00277735313	4.21551128e-07	0	0	0	0	0	3
40	91	0	0.288123649	-0.00277779171	-0.00277777511	-0.00277783615	-0.00277735313	4.21976698e-07	0	0	0	0	0	3
41	94	0	0.29532674	-0.00277779288	-0.00277777555	-0.00277783615	-0.00277735313	4.22410164e-07	0	0	0	0	0	3
42	96	0	0.302529831	-0.00277781442	-0.00277777647	-0.00277783615	-0.00277735313	4.23335812e-07	0	0	0	0	0	3
43	98	0	0.309732922	-0.00277779497	-0.0027777769	-0.00277783615	-0.00277735313	4.23766065e-07	0	0	0	0	0	3
44	100	0	0.316936014	-0.00277778593	-0.00277777711	-0.00277783615	-0.00277735313	4.23971235e-07	0	0	0	0	0	3
45	103	0	0.324139105	-0.00277778027	-0.00277777718	-0.00277783615	-0.00277735313	4.24041556e-07	0	0	0	0	0	3
46	105	0	0.331342196	-0.00277779619	-0.00277777759	-0.00277783615	-0.00277735313	4.24455e-07	0	0	0	0	0	3
47	107	0	0.338545287	-0.002777785	-0.00277777775	-0.00277783615	-0.00277735313	4.24612679e-07	0	0	0	0	0	3
48	110	0	0.345748378	-0.00277779997	-0.00277777821	-0.00277783615	-0.00277735313	4.25075713e-07	0	0	0	0	0	3
49	112	0	0.35295147	-0.00277778171	-0.00277777828	-0.00277783615	-0.00277735313	4.25147172e-07	0	0	0	0	0	3
50	114	0	0.360154561	-0.00277780914	-0.0027777789	-0.00277783615	-0.00277735313	4.25764394e-07	0	0	0	0	0	3
51	116	0	0.367357652	-0.00277778897	-0.0027777791	-0.00277783615	-0.00277735313	4.2596191e-07	0	0	0	0	0	3
52	118	0	0.374560743	-0.00277778864	-0.00277777928	-0.00277783615	-0.00277735313	4.26145369e-07	0	0	0	0	0	3
53	121	0	0.381763835	-0.00277778543	-0.0027777794	-0.00277783615	-0.00277735313	4.26261461e-07	0	0	0	0	0	3
54	123	0	0.388966926	-0.00277780261	-0.00277777983	-0.00277783615	-0.00277735313	4.26691319e-07	0	0	0	0	0	3
55	125	0	0.396170017	-0.00277779301	-0.00277778007	-0.00277783615	-0.00277735313	4.26931093e-07	0	0	0	0	0	3
56	127	0	0.403373108	-0.00277780375	-0.00277778049	-0.00277783615	-0.00277735313	4.27354023e-07	0	0	0	0	0	3
57	129	0	0.410576199	-0.00277782879	-0.00277778134	-0.00277783615	-0.00277735313	4.28201488e-07	0	0	0	0	0	3
58	132	0	0.417779291	-0.00277780023	-0.00277778166	-0.00277783615	-0.00277735313	4.28527249e-07	0	0	0	0	0	3
59	134	0	0.424982382	-0.00277778293	-0.00277778168	-0.00277783615	-0.00277735313	4.28548701e-07	0	0	0	0	0	3
60	136	0	0.432185473	-0.00277780184	-0.00277778202	-0.00277783615	-0.00277735313	4.28884683e-07	0	0	0	0	0	3
61	138	0	0.439388564	-0.0027778019	-0.00277778235	-0.00277783615	-0.00277735313	4.29210539e-07	0	0	0	0	0	3
62	141	0	0.446591655	-0.00277780882	-0.00277778277	-0.00277783615	-0.00277735313	4.29637559e-07	0	0	0	0	0	3
63	143	0	0.453794747	-0.0027777892	-0.00277778287	-0.00277783615	-0.00277735313	4.29739611e-07	0	0	0	0	0	3
64	145	0	0.460997838	-0.00277780649	-0.00277778324	-0.00277783615	-0.00277735313	4.30108527e-07	0	0	0	0	0	3
65	147	0	0.468200929	-0.0027777974	-0.00277778346	-0.00277783615	-0.00277735313	4.30326298e-07	0	0	0	0	0	3
66	149	0	0.47540402	-0.00277779985	-0.00277778371	-0.00277783615	-0.00277735313	4.30574632e-07	0	0	0	0	0	3
67	152	0	0.482607112	-0.00277779913	-0.00277778394	-0.00277783615	-0.00277735313	4.30804749e-07	0	0	0	0	0	3
68	154	0	0.489810203	-0.00277778877	-0.00277778401	-0.00277783615	-0.00277735313	4.30875854e-07	0	0	0	0	0	3
69	156	0	0.497013294	-0.00277779381	-0.00277778415	-0.00277783615	-0.00277735313	4.3101788e-07	0	0	0	0	0	3
70	158	0	0.504216385	-0.00277779672	-0.00277778433	-0.00277783615	-0.00277735313	4.31197468e-07	0	0	0	0	0	3
71	160	0	0.511419476	-0.00277777486	-0.00277779036	-0.00277783615	-0.00277777455	6.16038978e-08	0	0	0	0	0	3
72	162	0	0.518622568	-0.0027777898	-0.00277779053	-0.00277783615	-0.00277777455	6.16038978e-08	0	0	0	0	0	3
73	164	0	0.525825659	-0.00277780833	-0.00277779096	-0.00277783615	-0.00277777455	6.16038978e-08	0	0	0	0	0	3
74	167	0	0.53302875	-0.00277779573	-0.00277779122	-0.00277783615	-0.00277777455	6.16038978e-08	0	0	0	0	0	3
75	169	0	0.540231841	-0.0027778045	-0.0027777916	-0.00277783615	-0.00277777455	6.16038978e-08	0	0	0	0	0	3
76	171	0	0.547434933	-0.00277782476	-0.00277779227	-0.00277783615	-0.00277777455	6.16038978e-08	0	0	0	0	0	3
77	173	0	0.554638024	-0.00277779049	-0.00277779246	-0.00277783615	-0.00277777455	6.16038978e-08	0	0	0	0	0	3
78	175	0	0.561841115	-0.00277780281	-0.00277779281	-0.00277783615	-0.00277777455	6.16038978e-08	0	0	0	0	0	3
79	177	0	0.569044206	-0.0027777812	-0.00277779287	-0.00277783615	-0.00277777455	5.75795422e-08	0	0	0	0	0	3
80	179	0	0.576247297	-0.00277780299	-0.00277779323	-0.00277783615	-0.00277777455	5.40893123e-08	0	0	0	0	0	3
81	182	0	0.583450389	-0.00277779129	-0.00277779342	-0.00277783615	-0.00277777455	5.13330726e-08	0	0	0	0	0	3
82	184	0	0.59065348	-0.00277782373	-0.00277779412	-0.00277783615	-0.00277777486	4.92325303e-08	0	0	0	0	0	3
83	186	0	0.597856571	-0.00277778893	-0.00277779427	-0.00277783615	-0.00277777486	4.71319783e-08	0	0	0	0	0	3
84	188	0	0.605059662	-0.00277778897	-0.00277779445	-0.00277783615	-0.00277777486	4.51554494e-08	0	0	0	0	0	3
85	190	0	0.612262754	-0.00277780372	-0.0027777948	-0.00277783615	-0.00277777486	4.36959028e-08	0	0	0	0	0	3
86	192	0	0.619465845	-0.00277780242	-0.00277779514	-0.00277783615	-0.00277777486	4.22408748e-08	0	0	0	0	0	3
87	194	0	0.626668936	-0.0027777896	-0.00277779526	-0.00277783615	-0.00277777486	4.05413187e-08	0	0	0	0	0	3
88	197	0	0.633872027	-0.0027777987	-0.00277779545	-0.00277783615	-0.00277777486	3.92987662e-08	0	0	0	0	0	3
89	199	0	0.641075118	-0.00277780075	-0.00277779571	-0.00277783615	-0.00277777486	3.79868138e-08	0	0	0	0	0	3
90	201	0	0.64827821	-0.00277780872	-0.00277779601	-0.00277783615	-0.00277777486	3.69724989e-08	0	0	0	0	0	3
91	203	0	0.655481301	-0.00277779697	-0.00277779618	-0.00277783615	-0.00277777486	3.56986245e-08	0	0	0	0	0	3
92	205	0	0.662684392	-0.00277779173	-0.00277779619	-0.00277783615	-0.00277777486	3.43815475e-08	0	0	0	0	0	3
93	208	0	0.669887483	-0.00277780426	-0.00277779638	-0.00277783615	-0.00277777486	3.33757449e-08	0	0	0	0	0	3
94	210	0	0.677090574	-0.00277780058	-0.00277779653	-0.00277783615	-0.00277777486	3.26979373e-08	0	0	0	0	0	3
95	212	0	0.684293666	-0.00277780235	-0.0027777968	-0.00277783615	-0.00277777486	3.2100082e-08	0	0	0	0	0	3
96	214	0	0.691496757	-0.00277779519	-0.00277779692	-0.00277783615	-0.00277777486	3.12967643e-08	0	0	0	0	0	3
97	216	0	0.698699848	-0.00277779365	-0.00277779698	-0.00277783615	-0.00277777486	3.0314934e-08	0	0	0	0	0	3
98	218	0	0.705902939	-0.00277779484	-0.00277779698	-0.00277783615	-0.00277777486	2.95994897e-08	0	0	0	0	0	3
99	220	0	0.713106031	-0.00277778679	-0.00277779697	-0.00277783615	-0.00277777486	2.84487349e-08	0	0	0	0	0	3
100	223	0	0.720309122	-0.00277779558	-0.00277779688	-0.00277783615	-0.00277777486	2.76891639e-08	0	0	0	0	0	3
101	227	0	0.727512213	-0.00277781848	-0.00277779726	-0.00277783615	-0.00277777486	2.73029282e-08	0	0	0	0	0	3
102	230	0	0.734715304	-0.00277780188	-0.00277779742	-0.00277783615	-0.00277777486	2.68064734e-08	0	0	0	0	0	3
103	232	0	0.741918395	-0.00277779808	-0.00277779751	-0.00277783615	-0.00277777486	2.63092288e-08	0	0	0	0	0	3
104	234	0	0.749121487	-0.00277778379	-0.00277779741	-0.00277783615	-0.00277777486	2.57554475e-08	0	0	0	0	0	3
105	236	0	0.756324578	-0.0027777928	-0.00277779744	-0.00277783615	-0.00277777486	2.55496013e-08	0	0	0	0	0	3
106	238	0	0.763527669	-0.00277781189	-0.00277779791	-0.00277783615	-0.00277777486	2.42162525e-08	0	0	0	0	0	3
107	240	0	0.77073076	-0.00277779382	-0.00277779731	-0.00277782879	-0.00277777486	2.34696245e-08	0	0	0	0	0	3
108	242	0	0.777933852	-0.00277779704	-0.00277779724	-0.00277782879	-0.00277777486	2.32255752e-08	0	0	0	0	0	3
109	244	0	0.785136943	-0.00277778769	-0.00277779729	-0.00277782879	-0.00277777486	2.28000053e-08	0	0	0	0	0	3
110	246	0	0.792340034	-0.00277780024	-0.00277779741	-0.00277782879	-0.00277777486	2.2366539e-08	0	0	0	0	0	3
111	249	0	0.799543125	-0.00277778341	-0.00277779727	-0.00277782879	-0.00277777486	2.14408919e-08	0	0	0	0	0	3
112	251	0	0.806746216	-0.00277777974	-0.00277779678	-0.00277782879	-0.00277777486	2.10106383e-08	0	0	0	0	0	3
113	253	0	0.813949308	-0.00277777648	-0.00277779652	-0.00277782879	-0.00277777486	2.08054685e-08	0	0	0	0	0	3
114	255	0	0.821152399	-0.00277781397	-0.00277779692	-0.00277782879	-0.00277777486	2.07351476e-08	0	0	0	0	0	3
115	257	0	0.82835549	-0.00277780815	-0.00277779731	-0.00277782879	-0.00277777486	2.03217031e-08	0	0	0	0	0	3
116	259	0	0.835558581	-0.00277778243	-0.00277779712	-0.00277782879	-0.00277777486	2.0164024e-08	0	0	0	0	0	3
117	261	0	0.842761672	-0.00277777951	-0.00277779704	-0.00277782879	-0.00277777486	1.97009905e-08	0	0	0	0	0	3
118	263	0	0.849964764	-0.00277778288	-0.00277779679	-0.00277782879	-0.00277777486	1.96295319e-08	0	0	0	0	0	3
119	265	0	0.857167855	-0.00277777817	-0.00277779674	-0.00277782879	-0.00277777486	1.90123099e-08	0	0	0	0	0	3
120	268	0	0.864370946	-0.00277778952	-0.00277779646	-0.00277782879	-0.00277777486	1.88147931e-08	0	0	0	0	0	3
121	270	0	0.871574037	-0.00277777847	-0.00277779631	-0.00277782879	-0.00277777486	1.86313349e-08	0	0	0	0	0	3
122	272	0	0.878777129	-0.00277778322	-0.00277779624	-0.00277782879	-0.00277777486	1.85152427e-08	0	0	0	0	0	3
123	274	0	0.88598022	-0.00277778862	-0.00277779628	-0.00277782879	-0.00277777486	1.8085384e-08	0	0	0	0	0	3
124	276	0	0.893183311	-0.00277778897	-0.00277779609	-0.00277782879	-0.00277777486	1.78456102e-08	0	0	0	0	0	3
125	278	0	0.900386402	-0.00277778328	-0.00277779595	-0.00277782879	-0.00277777486	1.742268e-08	0	0	0	0	0	3
126	280	0	0.907589493	-0.00277778357	-0.00277779566	-0.00277782879	-0.00277777486	1.65752152e-08	0	0	0	0	0	3
127	282	0	0.914792585	-0.00277777803	-0.00277779493	-0.00277782476	-0.00277777486	1.62494546e-08	0	0	0	0	0	3
128	285	0	0.921995676	-0.00277778171	-0.00277779467	-0.00277782476	-0.00277777486	1.62280024e-08	0	0	0	0	0	3
129	287	0	0.929198767	-0.00277778406	-0.00277779469	-0.00277782476	-0.00277777486	1.58920203e-08	0	0	0	0	0	3
130	289	0	0.936401858	-0.00277778495	-0.00277779444	-0.00277782476	-0.00277777486	1.55661648e-08	0	0	0	0	0	3
131	291	0	0.94360495	-0.00277778672	-0.00277779423	-0.00277782476	-0.00277777486	1.51391443e-08	0	0	0	0	0	3
132	293	0	0.950808041	-0.00277778183	-0.00277779384	-0.00277782476	-0.00277777486	1.50370927e-08	0	0	0	0	0	3
133	295	0	0.958011132	-0.00277779428	-0.00277779391	-0.00277782476	-0.00277777486	1.46681766e-08	0	0	0	0	0	3
134	298	0	0.965214223	-0.00277778163	-0.00277779356	-0.00277782476	-0.00277777486	1.44504057e-08	0	0	0	0	0	3
135	300	0	0.972417314	-0.00277777408	-0.00277779323	-0.00277782476	-0.00277777408	1.42020715e-08	0	0	0	0	0	3
136	302	0	0.979620406	-0.00277778351	-0.00277779299	-0.00277782476	-0.00277777408	1.39719542e-08	0	0	0	0	0	3
137	304	0	0.986823497	-0.00277778113	-0.00277779274	-0.00277782476	-0.00277777408	1.39008499e-08	0	0	0	0	0	3
138	306	0	0.994026588	-0.00277778348	-0.00277779266	-0.00277782476	-0.00277777408	1.37588231e-08	0	0	0	0	0	3
139	308	0	1.00122968	-0.00277779155	-0.00277779263	-0.00277782476	-0.00277777408	1.35792353e-08	1e-08	0	0	0	0	3
140	310	0	1.00843277	-0.00277779502	-0.0027777926	-0.00277782476	-0.00277777408	7.55457113e-09	1e-08	0	0	0	0	3
141	312	0	1.01563586	-0.00277778107	-0.00277779269	-0.00277782476	-0.00277777408	7.38220005e-09	1e-08	0	0	0	0	3
142	314	0	1.02283895	-0.00277778648	-0.00277779265	-0.00277782476	-0.00277777408	6.94763709e-09	1e-08	0	0	0	0	3
143	316	0	1.03004204	-0.0027777885	-0.00277779236	-0.00277782476	-0.00277777408	6.69101975e-09	1e-08	0	0	0	0	3
144	318	0	1.03724514	-0.00277778074	-0.00277779215	-0.00277782476	-0.00277777408	6.30925373e-09	1e-08	0	0	0	0	3
145	320	0	1.04444823	-0.00277779193	-0.00277779197	-0.00277782476	-0.00277777408	5.94336219e-09	1e-08	0	0	0	0	3
146	322	0	1.05165132	-0.00277778124	-0.00277779135	-0.00277782373	-0.00277777408	6.56503996e-09	1e-08	0	0	0	0	3
147	325	0	1.05885441	-0.00277777071	-0.00277779106	-0.00277782373	-0.00277777071	6.84753966e-09	1e-08	0	0	0	0	3
148	327	0	1.0660575	-0.00277776956	-0.00277779059	-0.00277782373	-0.00277776956	7.3226005e-09	1e-08	0	0	0	0	3
149	329	0	1.07326059	-0.00277779322	-0.00277779076	-0.00277782373	-0.00277776956	7.3226005e-09	1e-08	0	0	0	0	3
150	331	0	1.08046368	-0.00277781019	-0.00277779086	-0.00277782373	-0.00277776956	7.3226005e-09	1e-08	0	0	0	0	3
151	333	0	1.08766677	-0.00277779272	-0.00277779088	-0.00277782373	-0.00277776956	7.3226005e-09	1e-08	0	0	0	0	3
152	335	0	1.09486987	-0.00277777145	-0.00277779014	-0.00277781848	-0.00277776956	7.77439563e-09	1e-08	0	0	0	0	3
153	337	0	1.10207296	-0.00277777881	-0.00277778999	-0.00277781848	-0.00277776956	7.9188998e-09	1e-08	0	0	0	0	3
154	339	0	1.10927605	-0.0027777929	-0.00277779005	-0.00277781848	-0.00277776956	7.9188998e-09	1e-08	0	0	0	0	3
155	341	0	1.11647914	-0.00277777778	-0.00277778968	-0.00277781848	-0.00277776956	8.23339377e-09	1e-08	0	0	0	0	3
156	343	0	1.12368223	-0.00277776631	-0.00277778916	-0.00277781848	-0.00277776631	8.7492757e-09	1e-08	0	0	0	0	3
157	345	0	1.13088532	-0.00277779064	-0.00277778918	-0.00277781848	-0.00277776631	8.7492757e-09	1e-08	0	0	0	0	3
158	347	0	1.13808841	-0.00277778204	-0.00277778894	-0.00277781848	-0.00277776631	8.9723446e-09	1e-08	0	0	0	0	3
159	349	0	1.1452915	-0.00277780363	-0.00277778898	-0.00277781848	-0.00277776631	8.9723446e-09	1e-08	0	0	0	0	3
160	351	0	1.15249459	-0.00277779086	-0.00277778873	-0.00277781848	-0.00277776631	9.1861433e-09	1e-08	0	0	0	0	3
161	353	0	1.15969769	-0.0027777966	-0.00277778872	-0.00277781848	-0.00277776631	9.19133286e-09	1e-08	0	0	0	0	3
162	356	0	1.16690078	-0.0027777652	-0.00277778834	-0.00277781848	-0.0027777652	9.57034459e-09	1e-08	0	0	0	0	3
163	358	0	1.17410387	-0.00277778308	-0.00277778804	-0.00277781848	-0.0027777652	9.87291228e-09	1e-08	0	0	0	0	3
164	360	0	1.18130696	-0.00277775929	-0.00277778745	-0.00277781848	-0.00277775929	1.04627349e-08	1e-08	0	0	0	0	3
165	362	0	1.18851005	-0.00277779924	-0.0027777874	-0.00277781848	-0.00277775929	1.05071518e-08	1e-08	0	0	0	0	3
166	365	0	1.19571314	-0.00277778349	-0.00277778724	-0.00277781848	-0.00277775929	1.06742399e-08	1e-08	0	0	0	0	3
167	367	0	1.20291623	-0.00277779433	-0.00277778725	-0.00277781848	-0.00277775929	1.06742399e-08	1e-08	0	0	0	0	3
168	369	0	1.21011932	-0.00277780774	-0.00277778743	-0.00277781848	-0.00277775929	1.06742399e-08	1e-08	0	0	0	0	3
169	371	0	1.21732242	-0.00277777359	-0.00277778724	-0.00277781848	-0.00277775929	1.06742399e-08	1e-08	0	0	0	0	3
170	373	0	1.22452551	-0.00277776911	-0.00277778686	-0.00277781848	-0.00277775929	1.1046863e-08	1e-08	0	0	0	0	3
171	375	0	1.2317286	-0.00277778673	-0.00277778641	-0.00277781397	-0.00277775929	1.15004509e-08	1e-08	0	0	0	0	3
172	377	0	1.23893169	-0.00277780133	-0.0027777864	-0.00277781397	-0.00277775929	1.15083037e-08	1e-08	0	0	0	0	3
173	379	0	1.24613478	-0.00277779367	-0.00277778634	-0.00277781397	-0.00277775929	1.15713175e-08	1e-08	0	0	0	0	3
174	381	0	1.25333787	-0.00277777424	-0.0027777862	-0.00277781397	-0.00277775929	1.17076709e-08	1e-08	0	0	0	0	3
175	383	0	1.26054096	-0.00277778184	-0.00277778605	-0.00277781397	-0.00277775929	1.18642706e-08	1e-08	0	0	0	0	3
176	386	0	1.26774405	-0.00277776621	-0.00277778539	-0.00277781397	-0.00277775929	1.20155211e-08	1e-08	0	0	0	0	3
177	388	0	1.27494715	-0.0027777943	-0.0027777854	-0.00277781397	-0.00277775929	1.20155211e-08	1e-08	0	0	0	0	3
178	390	0	1.28215024	-0.00277780522	-0.00277778552	-0.00277781397	-0.00277775929	1.20155211e-08	1e-08	0	0	0	0	3
179	392	0	1.28935333	-0.00277777718	-0.00277778537	-0.00277781397	-0.00277775929	1.2042016e-08	1e-08	0	0	0	0	3
180	394	0	1.29655642	-0.00277776864	-0.00277778492	-0.00277781397	-0.00277775929	1.23973029e-08	1e-08	0	0	0	0	3
181	397	0	1.30375951	-0.00277779293	-0.00277778505	-0.00277781397	-0.00277775929	1.23973029e-08	1e-08	0	0	0	0	3
182	399	0	1.3109626	-0.00277779057	-0.00277778521	-0.00277781397	-0.00277775929	1.23973029e-08	1e-08	0	0	0	0	3
183	401	0	1.31816569	-0.00277777203	-0.00277778514	-0.00277781397	-0.00277775929	1.23973029e-08	1e-08	0	0	0	0	3
184	403	0	1.32536878	-0.00277776761	-0.00277778448	-0.00277781019	-0.00277775929	1.28324995e-08	1e-08	0	0	0	0	3
185	405	0	1.33257188	-0.00277778222	-0.00277778411	-0.00277781019	-0.00277775929	1.30062425e-08	1e-08	0	0	0	0	3
186	408	0	1.33977497	-0.00277778274	-0.00277778412	-0.00277781019	-0.00277775929	1.29277554e-08	1e-08	0	0	0	0	3
187	410	0	1.34697806	-0.0027777946	-0.00277778433	-0.00277781019	-0.00277775929	1.26835714e-08	1e-08	0	0	0	0	3
188	413	0	1.35418115	-0.00277780188	-0.0027777846	-0.00277781019	-0.00277775929	1.26329825e-08	1e-08	0	0	0	0	3
189	415	0	1.36138424	-0.00277777501	-0.00277778456	-0.00277781019	-0.00277775929	1.23525858e-08	1e-08	0	0	0	0	3
190	417	0	1.36858733	-0.0027777806	-0.00277778443	-0.00277781019	-0.00277775929	1.22025965e-08	1e-08	0	0	0	0	3
191	419	0	1.37579042	-0.00277777578	-0.00277778439	-0.00277781019	-0.00277775929	1.21706737e-08	1e-08	0	0	0	0	3
192	421	0	1.38299351	-0.00277777553	-0.00277778428	-0.00277781019	-0.00277775929	1.21706737e-08	1e-08	0	0	0	0	3
193	423	0	1.39019661	-0.00277779363	-0.00277778435	-0.00277781019	-0.00277775929	1.19758801e-08	1e-08	0	0	0	0	3
194	425	0	1.3973997	-0.00277779341	-0.00277778442	-0.00277781019	-0.00277775929	1.18367566e-08	1e-08	0	0	0	0	3
195	428	0	1.40460279	-0.002777771	-0.00277778424	-0.00277781019	-0.00277775929	1.15484632e-08	1e-08	0	0	0	0	3
196	430	0	1.41180588	-0.00277777568	-0.00277778413	-0.00277781019	-0.00277775929	1.08232595e-08	1e-08	0	0	0	0	3
197	432	0	1.41900897	-0.0027778009	-0.00277778446	-0.00277781019	-0.00277775929	1.05748496e-08	1e-08	0	0	0	0	3
198	434	0	1.42621206	-0.00277778449	-0.0027777845	-0.00277781019	-0.00277775929	1.05748496e-08	1e-08	0	0	0	0	3
199	436	0	1.43341515	-0.00277777438	-0.00277778436	-0.00277781019	-0.00277775929	1.03335761e-08	1e-08	0	0	0	0	3
200	439	0	1.44061824	-0.00277778038	-0.00277778429	-0.00277781019	-0.00277775929	1.01167266e-08	1e-08	0	0	0	0	3
201	444	0	1.44782133	-0.0027777919	-0.00277778437	-0.00277781019	-0.00277775929	9.80358952e-09	1e-08	0	0	0	0	3
202	446	0	1.45502443	-0.00277779098	-0.0027777845	-0.00277781019	-0.00277775929	9.80358952e-09	1e-08	0	0	0	0	3
203	448	0	1.46222752	-0.00277777854	-0.00277778427	-0.00277781019	-0.00277775929	9.4485193e-09	1e-08	0	0	0	0	3
204	450	0	1.46943061	-0.00277775306	-0.00277778386	-0.00277781019	-0.00277775306	9.36327492e-09	1e-08	0	0	0	0	3
205	452	0	1.4766337	-0.00277779969	-0.00277778423	-0.00277781019	-0.00277775306	9.1298924e-09	1e-08	0	0	0	0	3
206	454	0	1.48383679	-0.0027778124	-0.00277778464	-0.0027778124	-0.00277775306	8.87283638e-09	1e-08	0	0	0	0	3
207	456	0	1.49103988	-0.00277778871	-0.00277778475	-0.0027778124	-0.00277775306	8.82936265e-09	1e-08	0	0	0	0	3
208	458	0	1.49824297	-0.00277777375	-0.00277778461	-0.0027778124	-0.00277775306	8.82936265e-09	1e-08	0	0	0	0	3
209	460	0	1.50544606	-0.00277777963	-0.00277778444	-0.0027778124	-0.00277775306	8.82936265e-09	1e-08	0	0	0	0	3
210	462	0	1.51264916	-0.00277778761	-0.00277778433	-0.0027778124	-0.00277775306	8.82936265e-09	1e-08	0	0	0	0	3
211	464	0	1.51985225	-0.00277777433	-0.00277778424	-0.0027778124	-0.00277775306	8.781925e-09	1e-08	0	0	0	0	3
212	466	0	1.52705534	-0.00277775809	-0.00277778383	-0.0027778124	-0.00277775306	8.52895633e-09	1e-08	0	0	0	0	3
213	469	0	1.53425843	-0.00277780944	-0.00277778413	-0.0027778124	-0.00277775306	8.31483841e-09	1e-08	0	0	0	0	3
214	471	0	1.54146152	-0.00277778732	-0.00277778423	-0.0027778124	-0.00277775306	8.13530074e-09	1e-08	0	0	0	0	3
215	473	0	1.54866461	-0.00277780681	-0.00277778444	-0.0027778124	-0.00277775306	7.51362297e-09	1e-08	0	0	0	0	3
216	476	0	1.5558677	-0.00277776351	-0.00277778419	-0.0027778124	-0.00277775306	7.23112327e-09	1e-08	0	0	0	0	3
217	478	0	1.56307079	-0.0027777769	-0.00277778427	-0.0027778124	-0.00277775306	7.05116849e-09	1e-08	0	0	0	0	3
218	480	0	1.57027389	-0.00277778133	-0.00277778444	-0.0027778124	-0.00277775306	7.05116849e-09	1e-08	0	0	0	0	3
219	482	0	1.57747698	-0.002777801	-0.00277778455	-0.0027778124	-0.00277775306	7.05116849e-09	1e-08	0	0	0	0	3
220	485	0	1.58468007	-0.00277775453	-0.00277778376	-0.0027778124	-0.00277775306	7.12615743e-09	1e-08	0	0	0	0	3
221	487	0	1.59188316	-0.00277776281	-0.00277778333	-0.0027778124	-0.00277775306	6.80660283e-09	1e-08	0	0	0	0	3
222	489	0	1.59908625	-0.00277778447	-0.00277778352	-0.0027778124	-0.00277775306	6.71826336e-09	1e-08	0	0	0	0	3
223	491	0	1.60628934	-0.00277779762	-0.00277778379	-0.0027778124	-0.00277775306	6.71826336e-09	1e-08	0	0	0	0	3
224	493	0	1.61349243	-0.00277779823	-0.00277778386	-0.0027778124	-0.00277775306	6.34760469e-09	1e-08	0	0	0	0	3
225	496	0	1.62069552	-0.00277778279	-0.00277778393	-0.0027778124	-0.00277775306	5.84657543e-09	1e-08	0	0	0	0	3
226	498	0	1.62789862	-0.00277777728	-0.00277778409	-0.0027778124	-0.00277775306	5.84657543e-09	1e-08	0	0	0	0	3
227	500	0	1.63510171	-0.00277777335	-0.00277778384	-0.0027778124	-0.00277775306	5.64991243e-09	1e-08	0	0	0	0	3
228	502	0	1.6423048	-0.00277776564	-0.00277778361	-0.0027778124	-0.00277775306	5.64991243e-09	1e-08	0	0	0	0	3
229	504	0	1.64950789	-0.00277778836	-0.00277778339	-0.0027778124	-0.00277775306	5.39485516e-09	1e-08	0	0	0	0	3
230	506	0	1.65671098	-0.00277779158	-0.0027777834	-0.0027778124	-0.00277775306	5.3896656e-09	1e-08	0	0	0	0	3
231	509	0	1.66391407	-0.00277778775	-0.00277778327	-0.0027778124	-0.00277775306	5.06739862e-09	1e-08	0	0	0	0	3
232	511	0	1.67111716	-0.00277780668	-0.00277778387	-0.0027778124	-0.00277775306	4.76483094e-09	1e-08	0	0	0	0	3
233	513	0	1.67832025	-0.00277777753	-0.00277778379	-0.0027778124	-0.00277775306	4.17500832e-09	1e-08	0	0	0	0	3
234	516	0	1.68552334	-0.00277777721	-0.00277778404	-0.0027778124	-0.00277775306	4.15749488e-09	1e-08	0	0	0	0	3
235	518	0	1.69272644	-0.00277779435	-0.00277778397	-0.0027778124	-0.00277775306	4.15749488e-09	1e-08	0	0	0	0	3
236	520	0	1.69992953	-0.00277775801	-0.00277778361	-0.0027778124	-0.00277775306	4.15749488e-09	1e-08	0	0	0	0	3
237	522	0	1.70713262	-0.00277778288	-0.00277778345	-0.0027778124	-0.00277775306	4.15749488e-09	1e-08	0	0	0	0	3
238	524	0	1.71433571	-0.00277779756	-0.0027777833	-0.0027778124	-0.00277775306	3.96898494e-09	1e-08	0	0	0	0	3
239	526	0	1.7215388	-0.00277780148	-0.0027777837	-0.0027778124	-0.00277775306	3.59088025e-09	1e-08	0	0	0	0	3
240	528	0	1.72874189	-0.00277780239	-0.00277778417	-0.0027778124	-0.00277775306	3.13729228e-09	1e-08	0	0	0	0	3
241	531	0	1.73594498	-0.00277777357	-0.00277778399	-0.0027778124	-0.00277775306	3.12943952e-09	1e-08	0	0	0	0	3
242	534	0	1.74314807	-0.00277777897	-0.00277778367	-0.0027778124	-0.00277775306	3.06642574e-09	1e-08	0	0	0	0	3
243	536	0	1.75035117	-0.0027777695	-0.00277778332	-0.0027778124	-0.00277775306	2.9300723e-09	1e-08	0	0	0	0	3
244	538	0	1.75755426	-0.00277778315	-0.00277778345	-0.0027778124	-0.00277775306	2.77347266e-09	1e-08	0	0	0	0	3
245	540	0	1.76475735	-0.00277780325	-0.00277778375	-0.0027778124	-0.00277775306	2.24462309e-09	1e-08	0	0	0	0	3
246	543	0	1.77196044	-0.00277777359	-0.00277778386	-0.0027778124	-0.00277775306	2.24462309e-09	1e-08	0	0	0	0	3
247	545	0	1.77916353	-0.0027777725	-0.00277778355	-0.0027778124	-0.00277775306	2.24462309e-09	1e-08	0	0	0	0	3
248	547	0	1.78636662	-0.00277780807	-0.00277778359	-0.0027778124	-0.00277775306	2.09436139e-09	1e-08	0	0	0	0	3
249	549	0	1.79356971	-0.00277779423	-0.00277778383	-0.0027778124	-0.00277775306	1.93365717e-09	1e-08	0	0	0	0	3
250	552	0	1.8007728	-0.00277778967	-0.00277778413	-0.0027778124	-0.00277775306	1.93365717e-09	1e-08	0	0	0	0	3
251	554	0	1.8079759	-0.00277777541	-0.00277778388	-0.0027778124	-0.00277775306	1.93365717e-09	1e-08	0	0	0	0	3
252	556	0	1.81517899	-0.00277775903	-0.00277778343	-0.0027778124	-0.00277775306	1.87007415e-09	1e-08	0	0	0	0	3
253	558	0	1.82238208	-0.00277777781	-0.00277778351	-0.0027778124	-0.00277775306	1.47614436e-09	1e-08	0	0	0	0	3
254	560	0	1.82958517	-0.00277778487	-0.00277778376	-0.0027778124	-0.00277775306	1.47614436e-09	1e-08	0	0	0	0	3
255	563	0	1.83678826	-0.0027777968	-0.00277778397	-0.0027778124	-0.00277775306	1.47614436e-09	1e-08	0	0	0	0	3
256	565	0	1.84399135	-0.00277780475	-0.00277778428	-0.0027778124	-0.00277775306	1.47614436e-09	1e-08	0	0	0	0	3
257	567	0	1.85119444	-0.00277779143	-0.00277778424	-0.0027778124	-0.00277775306	1.47614436e-09	1e-08	0	0	0	0	3
258	569	0	1.85839753	-0.00277777877	-0.00277778391	-0.0027778124	-0.00277775306	1.47614436e-09	1e-08	0	0	0	0	3
259	571	0	1.86560063	-0.00277778505	-0.00277778405	-0.0027778124	-0.00277775306	1.47614436e-09	1e-08	0	0	0	0	3
260	573	0	1.87280372	-0.00277777084	-0.00277778391	-0.0027778124	-0.00277775306	1.47614436e-09	1e-08	0	0	0	0	3
261	575	0	1.88000681	-0.00277778633	-0.00277778406	-0.0027778124	-0.00277775306	1.47614436e-09	1e-08	0	0	0	0	3
262	578	0	1.8872099	-0.00277776467	-0.00277778391	-0.0027778124	-0.00277775306	1.47614436e-09	1e-08	0	0	0	0	3
263	580	0	1.89441299	-0.00277777849	-0.00277778369	-0.0027778124	-0.00277775306	1.47614436e-09	1e-08	0	0	0	0	3
264	583	0	1.90161608	-0.00277781954	-0.00277778407	-0.00277781954	-0.00277775306	1.47614436e-09	1e-08	0	0	0	0	3
265	585	0	1.90881917	-0.00277779208	-0.00277778437	-0.00277781954	-0.00277775306	1.47614436e-09	1e-08	0	0	0	0	3
266	587	0	1.91602226	-0.00277777777	-0.0027777844	-0.00277781954	-0.00277775306	1.47614436e-09	1e-08	0	0	0	0	3
267	590	0	1.92322536	-0.00277776855	-0.00277778393	-0.00277781954	-0.00277775306	1.47614436e-09	1e-08	0	0	0	0	3
268	592	0	1.93042845	-0.00277776549	-0.00277778366	-0.00277781954	-0.00277775306	1.47614436e-09	1e-08	0	0	0	0	3
269	594	0	1.93763154	-0.00277779229	-0.00277778392	-0.00277781954	-0.00277775306	1.47614436e-09	1e-08	0	0	0	0	3
270	596	0	1.94483463	-0.00277777892	-0.0027777839	-0.00277781954	-0.00277775306	1.47614436e-09	1e-08	0	0	0	0	3
271	598	0	1.95203772	-0.00277779073	-0.00277778388	-0.00277781954	-0.00277775306	1.47614436e-09	1e-08	0	0	0	0	3
272	601	0	1.95924081	-0.00277779472	-0.00277778393	-0.00277781954	-0.00277775306	1.47614436e-09	1e-08	0	0	0	0	3
273	603	0	1.9664439	-0.00277777331	-0.00277778386	-0.00277781954	-0.00277775306	1.47614436e-09	1e-08	0	0	0	0	3
274	605	0	1.97364699	-0.00277777409	-0.00277778416	-0.00277781954	-0.00277775453	1.47614436e-09	1e-08	0	0	0	0	3
275	607	0	1.98085008	-0.0027777773	-0.00277778384	-0.00277781954	-0.00277775453	1.47614436e-09	1e-08	0	0	0	0	3
276	609	0	1.98805318	-0.00277779266	-0.00277778356	-0.00277781954	-0.00277775453	1.47614436e-09	1e-08	0	0	0	0	3
277	611	0	1.99525627	-0.00277779234	-0.00277778361	-0.00277781954	-0.00277775453	1.33704813e-09	1e-08	0	0	0	0	3
278	613	0	2.00245936	-0.00277778603	-0.00277778379	-0.00277781954	-0.00277775453	1.27918839e-09	1e-08	0	0	0	0	3
279	616	0	2.00966245	-0.00277778226	-0.00277778382	-0.00277781954	-0.00277775453	1.27918839e-09	1e-08	0	0	0	0	3
280	618	0	2.01686554	-0.00277779679	-0.00277778395	-0.00277781954	-0.00277775453	1.27918839e-09	1e-08	0	0	0	0	3
281	620	0	2.02406863	-0.0027777809	-0.00277778405	-0.00277781954	-0.00277775453	1.27918839e-09	1e-08	0	0	0	0	3
282	622	0	2.03127172	-0.00277777003	-0.00277778422	-0.00277781954	-0.00277775453	1.27918839e-09	1e-08	0	0	0	0	3
283	624	0	2.03847481	-0.00277778369	-0.00277778385	-0.00277781954	-0.00277775453	1.27918839e-09	1e-08	0	0	0	0	3
284	627	0	2.04567791	-0.00277779269	-0.00277778393	-0.00277781954	-0.00277775453	1.27918839e-09	1e-08	0	0	0	0	3
285	629	0	2.052881	-0.00277779247	-0.00277778372	-0.00277781954	-0.00277775453	1.27918839e-09	1e-08	0	0	0	0	3
286	632	0	2.06008409	-0.00277777916	-0.00277778395	-0.00277781954	-0.00277775453	1.27918839e-09	1e-08	0	0	0	0	3
287	634	0	2.06728718	-0.0027777692	-0.00277778384	-0.00277781954	-0.00277775453	1.27918839e-09	1e-08	0	0	0	0	3
288	637	0	2.07449027	-0.00277778352	-0.00277778387	-0.00277781954	-0.00277775453	1.27918839e-09	1e-08	0	0	0	0	3
289	639	0	2.08169336	-0.00277779672	-0.00277778381	-0.00277781954	-0.00277775453	1.12245064e-09	1e-08	0	0	0	0	3
290	641	0	2.08889645	-0.00277778642	-0.00277778426	-0.00277781954	-0.00277775801	1.12245064e-09	1e-08	0	0	0	0	3
291	643	0	2.09609954	-0.00277779404	-0.00277778471	-0.00277781954	-0.00277775801	1.43418992e-09	1e-08	0	0	0	0	3
292	645	0	2.10330264	-0.00277777017	-0.0027777845	-0.00277781954	-0.00277775801	1.43418992e-09	1e-08	0	0	0	0	3
293	647	0	2.11050573	-0.00277777745	-0.00277778422	-0.00277781954	-0.00277775801	1.43418992e-09	1e-08	0	0	0	0	3
294	650	0	2.11770882	-0.00277778917	-0.00277778409	-0.00277781954	-0.00277775801	1.43418992e-09	1e-08	0	0	0	0	3
295	652	0	2.12491191	-0.00277779446	-0.00277778425	-0.00277781954	-0.00277775801	1.43418992e-09	1e-08	0	0	0	0	3
296	654	0	2.132115	-0.00277779444	-0.0027777845	-0.00277781954	-0.00277775801	1.43418992e-09	1e-08	0	0	0	0	3
297	656	0	2.13931809	-0.00277778464	-0.00277778466	-0.00277781954	-0.00277775801	1.43418992e-09	1e-08	0	0	0	0	3
298	658	0	2.14652118	-0.0027777773	-0.00277778483	-0.00277781954	-0.00277775801	1.55224813e-09	1e-08	0	0	0	0	3
299	660	0	2.15372427	-0.0027777859	-0.00277778479	-0.00277781954	-0.00277775801	1.55224813e-09	1e-08	0	0	0	0	3
300	663	0	2.16092737	-0.00277777914	-0.00277778461	-0.00277781954	-0.00277775801	1.55224813e-09	1e-08	0	0	0	0	3
301	668	0	2.16813046	-0.00277778363	-0.00277778455	-0.00277781954	-0.00277775801	1.52578305e-09	1e-08	0	0	0	0	3
302	670	0	2.17533355	-0.00277778195	-0.0027777842	-0.00277781954	-0.00277775801	1.52578305e-09	1e-08	0	0	0	0	3
303	672	0	2.18253664	-0.00277778557	-0.00277778432	-0.00277781954	-0.00277775801	1.52578305e-09	1e-08	0	0	0	0	3
304	674	0	2.18973973	-0.00277781238	-0.00277778482	-0.00277781954	-0.00277775801	1.52578305e-09	1e-08	0	0	0	0	3
305	676	0	2.19694282	-0.00277777045	-0.00277778448	-0.00277781954	-0.00277775801	1.52578305e-09	1e-08	0	0	0	0	3
306	678	0	2.20414591	-0.00277777295	-0.00277778469	-0.00277781954	-0.00277775903	1.52578305e-09	1e-08	0	0	0	0	3
307	680	0	2.211349	-0.00277778748	-0.00277778476	-0.00277781954	-0.00277775903	1.52578305e-09	1e-08	0	0	0	0	3
308	682	0	2.2185521	-0.00277778105	-0.00277778452	-0.00277781954	-0.00277775903	1.50474786e-09	1e-08	0	0	0	0	3
309	684	0	2.22575519	-0.00277779299	-0.0027777844	-0.00277781954	-0.00277775903	1.50474786e-09	1e-08	0	0	0	0	3
310	686	0	2.23295828	-0.00277778064	-0.00277778409	-0.00277781954	-0.00277775903	1.50474786e-09	1e-08	0	0	0	0	3
311	689	0	2.24016137	-0.00277778513	-0.00277778425	-0.00277781954	-0.00277775903	1.50474786e-09	1e-08	0	0	0	0	3
312	691	0	2.24736446	-0.00277778979	-0.00277778441	-0.00277781954	-0.00277775903	1.50474786e-09	1e-08	0	0	0	0	3
313	693	0	2.25456755	-0.0027777728	-0.00277778446	-0.00277781954	-0.00277775903	1.39376563e-09	1e-08	0	0	0	0	3
314	695	0	2.26177064	-0.002777792	-0.00277778458	-0.00277781954	-0.00277775903	1.39376563e-09	1e-08	0	0	0	0	3
315	697	0	2.26897373	-0.00277777989	-0.00277778425	-0.00277781954	-0.00277775903	1.39376563e-09	1e-08	0	0	0	0	3
316	700	0	2.27617682	-0.00277777989	-0.00277778434	-0.00277781954	-0.00277775903	1.39376563e-09	1e-08	0	0	0	0	3
317	702	0	2.28337992	-0.00277778318	-0.00277778449	-0.00277781954	-0.00277775903	1.39376563e-09	1e-08	0	0	0	0	3
318	704	0	2.29058301	-0.00277776843	-0.00277778392	-0.00277781954	-0.00277775903	1.39376563e-09	1e-08	0	0	0	0	3
319	707	0	2.2977861	-0.00277778864	-0.00277778384	-0.00277781954	-0.00277775903	1.39376563e-09	1e-08	0	0	0	0	3
320	709	0	2.30498919	-0.0027778104	-0.00277778414	-0.00277781954	-0.00277775903	1.39376563e-09	1e-08	0	0	0	0	3
321	712	0	2.31219228	-0.00277778176	-0.00277778423	-0.00277781954	-0.00277775903	1.39376563e-09	1e-08	0	0	0	0	3
322	714	0	2.31939537	-0.0027777631	-0.00277778429	-0.00277781954	-0.0027777631	1.31114433e-09	1e-08	0	0	0	0	3
323	716	0	2.32659846	-0.00277777104	-0.00277778419	-0.00277781954	-0.0027777631	1.26771034e-09	1e-08	0	0	0	0	3
324	718	0	2.33380155	-0.00277778847	-0.00277778424	-0.00277781954	-0.0027777631	1.26771034e-09	1e-08	0	0	0	0	3
325	721	0	2.34100465	-0.00277779531	-0.00277778422	-0.00277781954	-0.0027777631	1.26771034e-09	1e-08	0	0	0	0	3
326	723	0	2.34820774	-0.0027777855	-0.00277778395	-0.00277781954	-0.0027777631	1.26771034e-09	1e-08	0	0	0	0	3
327	725	0	2.35541083	-0.00277776216	-0.00277778353	-0.00277781954	-0.00277776216	1.29631108e-09	1e-08	0	0	0	0	3
328	727	0	2.36261392	-0.00277777424	-0.00277778347	-0.00277781954	-0.00277776216	1.36108394e-09	1e-08	0	0	0	0	3
329	729	0	2.36981701	-0.00277780685	-0.00277778378	-0.00277781954	-0.00277776216	1.36108394e-09	1e-08	0	0	0	0	3
330	732	0	2.3770201	-0.00277776744	-0.00277778373	-0.00277781954	-0.00277776216	1.36108394e-09	1e-08	0	0	0	0	3
331	734	0	2.38422319	-0.00277779759	-0.00277778389	-0.00277781954	-0.00277776216	1.36108394e-09	1e-08	0	0	0	0	3
332	736	0	2.39142628	-0.00277778506	-0.00277778418	-0.00277781954	-0.00277776216	1.36108394e-09	1e-08	0	0	0	0	3
333	738	0	2.39862938	-0.00277777361	-0.00277778411	-0.00277781954	-0.00277776216	1.36108394e-09	1e-08	0	0	0	0	3
334	740	0	2.40583247	-0.00277777989	-0.00277778354	-0.00277781238	-0.00277776216	1.36108394e-09	1e-08	0	0	0	0	3
335	742	0	2.41303556	-0.00277777216	-0.00277778326	-0.00277781238	-0.00277776216	1.56656562e-09	1e-08	0	0	0	0	3
336	744	0	2.42023865	-0.00277778962	-0.00277778343	-0.00277781238	-0.00277776216	1.56656562e-09	1e-08	0	0	0	0	3
337	747	0	2.42744174	-0.00277780201	-0.00277778391	-0.00277781238	-0.00277776216	1.56656562e-09	1e-08	0	0	0	0	3
338	749	0	2.43464483	-0.00277777936	-0.00277778411	-0.00277781238	-0.00277776216	1.56656562e-09	1e-08	0	0	0	0	3
339	752	0	2.44184792	-0.00277778345	-0.00277778398	-0.00277781238	-0.00277776216	1.56656562e-09	1e-08	0	0	0	0	3
340	754	0	2.44905101	-0.00277776573	-0.00277778379	-0.00277781238	-0.00277776216	1.56656562e-09	1e-08	0	0	0	0	3
341	756	0	2.45625411	-0.00277780502	-0.00277778399	-0.00277781238	-0.00277776216	1.56656562e-09	1e-08	0	0	0	0	3
342	758	0	2.4634572	-0.00277777566	-0.00277778372	-0.00277781238	-0.00277776216	1.56656562e-09	1e-08	0	0	0	0	3
343	760	0	2.47066029	-0.00277777855	-0.0027777838	-0.00277781238	-0.00277776216	1.56656562e-09	1e-08	0	0	0	0	3
344	762	0	2.47786338	-0.00277778771	-0.00277778399	-0.00277781238	-0.00277776216	1.56656562e-09	1e-08	0	0	0	0	3
345	765	0	2.48506647	-0.00277777757	-0.002777784	-0.00277781238	-0.00277776216	1.56656562e-09	1e-08	0	0	0	0	3
346	767	0	2.49226956	-0.0027777768	-0.00277778377	-0.00277781238	-0.00277776216	1.56656562e-09	1e-08	0	0	0	0	3
347	770	0	2.49947265	-0.00277780162	-0.0027777839	-0.00277781238	-0.00277776216	1.56656562e-09	1e-08	0	0	0	0	3
348	772	0	2.50667574	-0.00277778176	-0.00277778384	-0.00277781238	-0.00277776216	1.56656562e-09	1e-08	0	0	0	0	3
349	774	0	2.51387883	-0.00277778738	-0.00277778391	-0.00277781238	-0.00277776216	1.56656562e-09	1e-08	0	0	0	0	3
350	777	0	2.52108193	-0.00277777306	-0.00277778357	-0.00277781238	-0.00277776216	1.56656562e-09	1e-08	0	0	0	0	3
351	779	0	2.52828502	-0.00277777887	-0.00277778355	-0.00277781238	-0.00277776216	1.56656562e-09	1e-08	0	0	0	0	3
352	781	0	2.53548811	-0.00277777011	-0.00277778355	-0.00277781238	-0.00277776216	1.56656562e-09	1e-08	0	0	0	0	3
353	783	0	2.5426912	-0.00277779315	-0.00277778368	-0.00277781238	-0.00277776216	1.56656562e-09	1e-08	0	0	0	0	3
354	785	0	2.54989429	-0.00277779216	-0.00277778367	-0.00277781238	-0.00277776216	1.56656562e-09	1e-08	0	0	0	0	3
355	787	0	2.55709738	-0.00277777977	-0.00277778349	-0.00277781238	-0.00277776216	1.56656562e-09	1e-08	0	0	0	0	3
356	791	0	2.56430047	-0.00277778988	-0.00277778365	-0.00277781238	-0.00277776216	1.56656562e-09	1e-08	0	0	0	0	3
357	793	0	2.57150356	-0.00277779355	-0.00277778399	-0.00277781238	-0.00277776216	1.56656562e-09	1e-08	0	0	0	0	3
358	795	0	2.57870666	-0.00277776813	-0.00277778377	-0.00277781238	-0.00277776216	1.56656562e-09	1e-08	0	0	0	0	3
359	797	0	2.58590975	-0.00277778883	-0.00277778366	-0.00277781238	-0.00277776216	1.56656562e-09	1e-08	0	0	0	0	3
360	800	0	2.59311284	-0.00277777885	-0.00277778355	-0.00277781238	-0.00277776216	1.56656562e-09	1e-08	0	0	0	0	3
361	802	0	2.60031593	-0.00277778585	-0.00277778344	-0.00277781238	-0.00277776216	1.56656562e-09	1e-08	0	0	0	0	3
362	804	0	2.60751902	-0.00277777581	-0.00277778352	-0.00277781238	-0.00277776216	1.56656562e-09	1e-08	0	0	0	0	3
363	806	0	2.61472211	-0.00277778786	-0.00277778367	-0.00277781238	-0.00277776216	1.56656562e-09	1e-08	0	0	0	0	3
364	808	0	2.6219252	-0.0027777861	-0.00277778362	-0.00277781238	-0.00277776216	1.56656562e-09	1e-08	0	0	0	0	3
365	810	0	2.62912829	-0.00277777848	-0.00277778339	-0.00277781238	-0.00277776216	1.56656562e-09	1e-08	0	0	0	0	3
366	812	0	2.63633139	-0.00277778438	-0.00277778325	-0.00277781238	-0.00277776216	1.57626651e-09	1e-08	0	0	0	0	3
367	814	0	2.64353448	-0.00277780152	-0.00277778349	-0.00277781238	-0.00277776216	1.57626651e-09	1e-08	0	0	0	0	3
368	817	0	2.65073757	-0.00277774964	-0.0027777831	-0.00277781238	-0.00277774964	1.72276183e-09	1e-08	0	0	0	0	3
369	819	0	2.65794066	-0.00277779448	-0.00277778322	-0.00277781238	-0.00277774964	1.72276183e-09	1e-08	0	0	0	0	3
370	822	0	2.66514375	-0.00277779685	-0.00277778347	-0.00277781238	-0.00277774964	1.72276183e-09	1e-08	0	0	0	0	3
371	824	0	2.67234684	-0.00277778943	-0.00277778355	-0.00277781238	-0.00277774964	1.72276183e-09	1e-08	0	0	0	0	3
372	826	0	2.67954993	-0.00277777514	-0.00277778346	-0.00277781238	-0.00277774964	1.72276183e-09	1e-08	0	0	0	0	3
373	828	0	2.68675302	-0.00277777415	-0.00277778329	-0.00277781238	-0.00277774964	1.72276183e-09	1e-08	0	0	0	0	3
374	830	0	2.69395612	-0.002777785	-0.0027777829	-0.0027778104	-0.00277774964	1.85364088e-09	1e-08	0	0	0	0	3
375	832	0	2.70115921	-0.00277780428	-0.00277778339	-0.0027778104	-0.00277774964	1.85364088e-09	1e-08	0	0	0	0	3
376	834	0	2.7083623	-0.00277777795	-0.00277778346	-0.0027778104	-0.00277774964	1.85364088e-09	1e-08	0	0	0	0	3
377	837	0	2.71556539	-0.0027777872	-0.00277778345	-0.0027778104	-0.00277774964	1.67936229e-09	1e-08	0	0	0	0	3
378	839	0	2.72276848	-0.00277778295	-0.00277778348	-0.0027778104	-0.00277774964	1.67936229e-09	1e-08	0	0	0	0	3
379	842	0	2.72997157	-0.00277778685	-0.00277778339	-0.0027778104	-0.00277774964	1.67936229e-09	1e-08	0	0	0	0	3
380	845	0	2.73717466	-0.00277777	-0.00277778324	-0.0027778104	-0.00277774964	1.67936229e-09	1e-08	0	0	0	0	3
381	847	0	2.74437775	-0.00277778963	-0.0027777833	-0.0027778104	-0.00277774964	1.67936229e-09	1e-08	0	0	0	0	3
382	849	0	2.75158085	-0.00277776789	-0.00277778299	-0.0027778104	-0.00277774964	1.67936229e-09	1e-08	0	0	0	0	3
383	851	0	2.75878394	-0.00277782089	-0.00277778368	-0.00277782089	-0.00277774964	1.67936229e-09	1e-08	0	0	0	0	3
384	854	0	2.76598703	-0.00277778889	-0.00277778363	-0.00277782089	-0.00277774964	1.58817717e-09	1e-08	0	0	0	0	3
385	856	0	2.77319012	-0.00277777874	-0.00277778362	-0.00277782089	-0.00277774964	1.58817717e-09	1e-08	0	0	0	0	3
386	858	0	2.78039321	-0.00277776622	-0.00277778342	-0.00277782089	-0.00277774964	1.58817717e-09	1e-08	0	0	0	0	3
387	860	0	2.7875963	-0.00277778014	-0.00277778338	-0.00277782089	-0.00277774964	1.38698021e-09	1e-08	0	0	0	0	3
388	862	0	2.79479939	-0.00277778664	-0.00277778364	-0.00277782089	-0.00277774964	1.38698021e-09	1e-08	0	0	0	0	3
389	864	0	2.80200248	-0.00277778384	-0.00277778357	-0.00277782089	-0.00277774964	1.38698021e-09	1e-08	0	0	0	0	3
390	867	0	2.80920557	-0.00277776052	-0.00277778286	-0.00277782089	-0.00277774964	1.43120581e-09	1e-08	0	0	0	0	3
391	869	0	2.81640867	-0.00277781022	-0.00277778326	-0.00277782089	-0.00277774964	1.43120581e-09	1e-08	0	0	0	0	3
392	871	0	2.82361176	-0.00277778865	-0.00277778363	-0.00277782089	-0.00277774964	1.38601256e-09	1e-08	0	0	0	0	3
393	873	0	2.83081485	-0.00277779652	-0.00277778399	-0.00277782089	-0.00277774964	1.38601256e-09	1e-08	0	0	0	0	3
394	876	0	2.83801794	-0.00277778726	-0.00277778398	-0.00277782089	-0.00277774964	1.36473464e-09	1e-08	0	0	0	0	3
395	878	0	2.84522103	-0.0027777798	-0.00277778376	-0.00277782089	-0.00277774964	1.32168224e-09	1e-08	0	0	0	0	3
