Iteration	CPUTime	PhysTime	Travels	Value	AvValue	MinValue	MaxValue	Delta	Criteria	PrevAvRefValue	Progress	CriteriaType	CriteriaVarType	CriteriaPercentage
1	13	0	0.00720309122	-2.77061645	-2.77061645	-2.77061645	-2.77061645	0	0	0	0	0	0	3
2	15	0	0.0144061824	-2.77104002	-2.77082824	-2.77104002	-2.77061645	0.000211783059	0	0	0	0	0	3
3	17	0	0.0216092737	-2.7710402	-2.77089889	-2.7710402	-2.77061645	0.000282438097	0	0	0	0	0	3
4	19	0	0.0288123649	-2.77104006	-2.77093418	-2.7710402	-2.77061645	0.000317729177	0	0	0	0	0	3
5	20	0	0.0360154561	-2.77104006	-2.77095536	-2.7710402	-2.77061645	0.000338904489	0	0	0	0	0	3
6	22	0	0.0432185473	-2.77104007	-2.77096948	-2.7710402	-2.77061645	0.000353022352	0	0	0	0	0	3
7	24	0	0.0504216385	-2.77104006	-2.77097956	-2.7710402	-2.77061645	0.000363104933	0	0	0	0	0	3
8	26	0	0.0576247297	-2.77104002	-2.77098712	-2.7710402	-2.77061645	0.000370662035	0	0	0	0	0	3
9	27	0	0.064827821	-2.77103988	-2.77099298	-2.7710402	-2.77061645	0.000376524616	0	0	0	0	0	3
10	29	0	0.0720309122	-2.77103995	-2.77099768	-2.7710402	-2.77061645	0.000381222069	0	0	0	0	0	3
11	31	0	0.0792340034	-2.77103994	-2.77100152	-2.7710402	-2.77061645	0.000385064555	0	0	0	0	0	3
12	33	0	0.0864370946	-2.77103684	-2.77100446	-2.7710402	-2.77061645	0.00038800821	0	0	0	0	0	3
13	35	0	0.0936401858	-2.77104081	-2.77100726	-2.77104081	-2.77061645	0.000390804442	0	0	0	0	0	3
14	37	0	0.100843277	-2.77103867	-2.7710095	-2.77104081	-2.77061645	0.000393048033	0	0	0	0	0	3
15	39	0	0.108046368	-2.77104177	-2.77101165	-2.77104177	-2.77061645	0.000395199083	0	0	0	0	0	3
16	41	0	0.115249459	-2.77104048	-2.77101346	-2.77104177	-2.77061645	0.000397000445	0	0	0	0	0	3
17	43	0	0.122452551	-2.771044	-2.77101525	-2.771044	-2.77061645	0.000398797196	0	0	0	0	0	3
18	45	0	0.129655642	-2.77104779	-2.77101706	-2.77104779	-2.77061645	0.00040060486	0	0	0	0	0	3
19	47	0	0.136858733	-2.77104418	-2.77101849	-2.77104779	-2.77061645	0.000402032115	0	0	0	0	0	3
20	49	0	0.144061824	-2.77105003	-2.77102006	-2.77105003	-2.77061645	0.00040360942	0	0	0	0	0	3
21	51	0	0.151264916	-2.77104758	-2.77102137	-2.77105003	-2.77061645	0.000404919768	0	0	0	0	0	3
22	53	0	0.158468007	-2.77105298	-2.77102281	-2.77105298	-2.77061645	0.000406356591	0	0	0	0	0	3
23	55	0	0.165671098	-2.77105336	-2.77102414	-2.77105336	-2.77061645	0.000407684742	0	0	0	0	0	3
24	57	0	0.172874189	-2.77105272	-2.77102533	-2.77105336	-2.77061645	0.000408875514	0	0	0	0	0	3
25	59	0	0.18007728	-2.77104584	-2.77102615	-2.77105336	-2.77061645	0.000409695883	0	0	0	0	0	3
26	61	0	0.187280372	-2.77104862	-2.77102701	-2.77105336	-2.77061645	0.000410559954	0	0	0	0	0	3
27	63	0	0.194483463	-2.77105205	-2.77102794	-2.77105336	-2.77061645	0.000411487215	0	0	0	0	0	3
28	65	0	0.201686554	-2.77105691	-2.77102898	-2.77105691	-2.77061645	0.000412521673	0	0	0	0	0	3
29	67	0	0.208889645	-2.77104975	-2.77102969	-2.77105691	-2.77061645	0.0004132379	0	0	0	0	0	3
30	69	0	0.216092737	-2.77106413	-2.77103084	-2.77106413	-2.77061645	0.000414385825	0	0	0	0	0	3
31	72	0	0.223295828	-2.77105433	-2.7710316	-2.77106413	-2.77061645	0.000415143515	0	0	0	0	0	3
32	74	0	0.230498919	-2.77105276	-2.77103226	-2.77106413	-2.77061645	0.000415804924	0	0	0	0	0	3
33	76	0	0.23770201	-2.77105395	-2.77103292	-2.77106413	-2.77061645	0.000416462242	0	0	0	0	0	3
34	78	0	0.244905101	-2.77105287	-2.7710335	-2.77106413	-2.77061645	0.000417049166	0	0	0	0	0	3
35	80	0	0.252108193	-2.77105284	-2.77103406	-2.77106413	-2.77061645	0.000417601607	0	0	0	0	0	3
36	83	0	0.259311284	-2.77104145	-2.77103426	-2.77106413	-2.77061645	0.000417806981	0	0	0	0	0	3
37	85	0	0.266514375	-2.7710983	-2.77103599	-2.7710983	-2.77061645	0.000419537726	0	0	0	0	0	3
38	87	0	0.273717466	-2.7710643	-2.77103674	-2.7710983	-2.77061645	0.000420282591	0	0	0	0	0	3
39	89	0	0.280920557	-2.77104624	-2.77103698	-2.7710983	-2.77061645	0.000420526124	0	0	0	0	0	3
40	91	0	0.288123649	-2.77105397	-2.77103741	-2.7710983	-2.77061645	0.000420950765	0	0	0	0	0	3
41	94	0	0.29532674	-2.77105514	-2.77103784	-2.7710983	-2.77061645	0.000421383356	0	0	0	0	0	3
42	96	0	0.302529831	-2.77107663	-2.77103876	-2.7710983	-2.77061645	0.000422307014	0	0	0	0	0	3
43	98	0	0.309732922	-2.77105723	-2.77103919	-2.7710983	-2.77061645	0.000422736566	0	0	0	0	0	3
44	100	0	0.316936014	-2.77104822	-2.7710394	-2.7710983	-2.77061645	0.000422941665	0	0	0	0	0	3
45	103	0	0.324139105	-2.77104258	-2.77103947	-2.7710983	-2.77061645	0.00042301231	0	0	0	0	0	3
46	105	0	0.331342196	-2.77105846	-2.77103988	-2.7710983	-2.77061645	0.000423425299	0	0	0	0	0	3
47	107	0	0.338545287	-2.7710473	-2.77104004	-2.7710983	-2.77061645	0.000423583187	0	0	0	0	0	3
48	110	0	0.345748378	-2.77106224	-2.7710405	-2.7710983	-2.77061645	0.000424045714	0	0	0	0	0	3
49	112	0	0.35295147	-2.77104402	-2.77104057	-2.7710983	-2.77061645	0.000424117637	0	0	0	0	0	3
50	114	0	0.360154561	-2.77107139	-2.77104119	-2.7710983	-2.77061645	0.000424734002	0	0	0	0	0	3
51	116	0	0.367357652	-2.77105127	-2.77104139	-2.7710983	-2.77061645	0.000424931685	0	0	0	0	0	3
52	118	0	0.374560743	-2.77105094	-2.77104157	-2.7710983	-2.77061645	0.000425115332	0	0	0	0	0	3
53	121	0	0.381763835	-2.77104774	-2.77104169	-2.7710983	-2.77061645	0.000425231769	0	0	0	0	0	3
54	123	0	0.388966926	-2.77106488	-2.77104212	-2.7710983	-2.77061645	0.000425661202	0	0	0	0	0	3
55	125	0	0.396170017	-2.7710553	-2.77104236	-2.7710983	-2.77061645	0.000425901	0	0	0	0	0	3
56	127	0	0.403373108	-2.77106602	-2.77104278	-2.7710983	-2.77061645	0.000426323499	0	0	0	0	0	3
57	129	0	0.410576199	-2.771091	-2.77104362	-2.7710983	-2.77061645	0.000427169481	0	0	0	0	0	3
58	132	0	0.417779291	-2.7710625	-2.77104395	-2.7710983	-2.77061645	0.000427495008	0	0	0	0	0	3
59	134	0	0.424982382	-2.77104524	-2.77104397	-2.7710983	-2.77061645	0.00042751695	0	0	0	0	0	3
60	136	0	0.432185473	-2.77106411	-2.77104431	-2.7710983	-2.77061645	0.000427852647	0	0	0	0	0	3
61	138	0	0.439388564	-2.77106417	-2.77104463	-2.7710983	-2.77061645	0.000428178232	0	0	0	0	0	3
62	141	0	0.446591655	-2.77107108	-2.77104506	-2.7710983	-2.77061645	0.000428604723	0	0	0	0	0	3
63	143	0	0.453794747	-2.7710515	-2.77104516	-2.7710983	-2.77061645	0.000428707022	0	0	0	0	0	3
64	145	0	0.460997838	-2.77106875	-2.77104553	-2.7710983	-2.77061645	0.000429075524	0	0	0	0	0	3
65	147	0	0.468200929	-2.77105968	-2.77104575	-2.7710983	-2.77061645	0.000429293237	0	0	0	0	0	3
66	149	0	0.47540402	-2.77106213	-2.771046	-2.7710983	-2.77061645	0.000429541432	0	0	0	0	0	3
67	152	0	0.482607112	-2.77106141	-2.77104623	-2.7710983	-2.77061645	0.000429771436	0	0	0	0	0	3
68	154	0	0.489810203	-2.77105108	-2.7710463	-2.7710983	-2.77061645	0.000429842802	0	0	0	0	0	3
69	156	0	0.497013294	-2.7710561	-2.77104644	-2.7710983	-2.77061645	0.000429984908	0	0	0	0	0	3
70	158	0	0.504216385	-2.77105901	-2.77104662	-2.7710983	-2.77061645	0.000430164473	0	0	0	0	0	3
71	160	0	0.511419476	-2.7710372	-2.77105263	-2.7710983	-2.77103684	6.14561357e-05	0	0	0	0	0	3
72	162	0	0.518622568	-2.7710521	-2.7710528	-2.7710983	-2.77103684	6.14561357e-05	0	0	0	0	0	3
73	164	0	0.525825659	-2.77107059	-2.77105324	-2.7710983	-2.77103684	6.14561357e-05	0	0	0	0	0	3
74	167	0	0.53302875	-2.77105802	-2.77105349	-2.7710983	-2.77103684	6.14561357e-05	0	0	0	0	0	3
75	169	0	0.540231841	-2.77106676	-2.77105387	-2.7710983	-2.77103684	6.14561357e-05	0	0	0	0	0	3
76	171	0	0.547434933	-2.77108698	-2.77105454	-2.7710983	-2.77103684	6.14561357e-05	0	0	0	0	0	3
77	173	0	0.554638024	-2.77105279	-2.77105473	-2.7710983	-2.77103684	6.14561357e-05	0	0	0	0	0	3
78	175	0	0.561841115	-2.77106508	-2.77105508	-2.7710983	-2.77103684	6.14561357e-05	0	0	0	0	0	3
79	177	0	0.569044206	-2.77104352	-2.77105514	-2.7710983	-2.77103684	5.74598385e-05	0	0	0	0	0	3
80	179	0	0.576247297	-2.77106526	-2.7710555	-2.7710983	-2.77103684	5.39788248e-05	0	0	0	0	0	3
81	182	0	0.583450389	-2.77105358	-2.77105569	-2.7710983	-2.77103684	5.12300063e-05	0	0	0	0	0	3
82	184	0	0.59065348	-2.77108595	-2.77105639	-2.7710983	-2.7710372	4.91352722e-05	0	0	0	0	0	3
83	186	0	0.597856571	-2.77105123	-2.77105654	-2.7710983	-2.7710372	4.70405128e-05	0	0	0	0	0	3
84	188	0	0.605059662	-2.77105127	-2.77105672	-2.7710983	-2.7710372	4.50694571e-05	0	0	0	0	0	3
85	190	0	0.612262754	-2.77106599	-2.77105707	-2.7710983	-2.7710372	4.36141084e-05	0	0	0	0	0	3
86	192	0	0.619465845	-2.77106469	-2.77105742	-2.7710983	-2.7710372	4.21632495e-05	0	0	0	0	0	3
87	194	0	0.626668936	-2.7710519	-2.77105753	-2.7710983	-2.7710372	4.0468441e-05	0	0	0	0	0	3
88	197	0	0.633872027	-2.77106097	-2.77105772	-2.7710983	-2.7710372	3.92295138e-05	0	0	0	0	0	3
89	199	0	0.641075118	-2.77106302	-2.77105799	-2.7710983	-2.7710372	3.79213351e-05	0	0	0	0	0	3
90	201	0	0.64827821	-2.77107097	-2.77105828	-2.7710983	-2.7710372	3.69100606e-05	0	0	0	0	0	3
91	203	0	0.655481301	-2.77105924	-2.77105845	-2.7710983	-2.7710372	3.56398417e-05	0	0	0	0	0	3
92	205	0	0.662684392	-2.77105402	-2.77105847	-2.7710983	-2.7710372	3.43265157e-05	0	0	0	0	0	3
93	208	0	0.669887483	-2.77106652	-2.77105865	-2.7710983	-2.7710372	3.33237022e-05	0	0	0	0	0	3
94	210	0	0.677090574	-2.77106285	-2.7710588	-2.7710983	-2.7710372	3.26480763e-05	0	0	0	0	0	3
95	212	0	0.684293666	-2.77106461	-2.77105907	-2.7710983	-2.7710372	3.20522026e-05	0	0	0	0	0	3
96	214	0	0.691496757	-2.77105747	-2.77105919	-2.7710983	-2.7710372	3.12513579e-05	0	0	0	0	0	3
97	216	0	0.698699848	-2.77105594	-2.77105925	-2.7710983	-2.7710372	3.02724339e-05	0	0	0	0	0	3
98	218	0	0.705902939	-2.77105712	-2.77105925	-2.7710983	-2.7710372	2.95592501e-05	0	0	0	0	0	3
99	220	0	0.713106031	-2.77104908	-2.77105924	-2.7710983	-2.7710372	2.84113259e-05	0	0	0	0	0	3
100	223	0	0.720309122	-2.77105786	-2.77105915	-2.7710983	-2.7710372	2.76536351e-05	0	0	0	0	0	3
101	227	0	0.727512213	-2.7710807	-2.77105953	-2.7710983	-2.7710372	2.72698441e-05	0	0	0	0	0	3
102	230	0	0.734715304	-2.77106414	-2.77105969	-2.7710983	-2.7710372	2.67750959e-05	0	0	0	0	0	3
103	232	0	0.741918395	-2.77106035	-2.77105978	-2.7710983	-2.7710372	2.62795406e-05	0	0	0	0	0	3
104	234	0	0.749121487	-2.77104609	-2.77105969	-2.7710983	-2.7710372	2.57270996e-05	0	0	0	0	0	3
105	236	0	0.756324578	-2.77105508	-2.77105972	-2.7710983	-2.7710372	2.55217258e-05	0	0	0	0	0	3
106	238	0	0.763527669	-2.77107413	-2.77106019	-2.7710983	-2.7710372	2.41929345e-05	0	0	0	0	0	3
107	240	0	0.77073076	-2.7710561	-2.77105958	-2.771091	-2.7710372	2.34480695e-05	0	0	0	0	0	3
108	242	0	0.777933852	-2.77105931	-2.77105951	-2.771091	-2.7710372	2.32045364e-05	0	0	0	0	0	3
109	244	0	0.785136943	-2.77104999	-2.77105956	-2.771091	-2.7710372	2.2779895e-05	0	0	0	0	0	3
110	246	0	0.792340034	-2.7710625	-2.77105969	-2.771091	-2.7710372	2.23473042e-05	0	0	0	0	0	3
111	249	0	0.799543125	-2.77104572	-2.77105955	-2.771091	-2.7710372	2.14236463e-05	0	0	0	0	0	3
112	251	0	0.806746216	-2.77104205	-2.77105906	-2.771091	-2.7710372	2.09940942e-05	0	0	0	0	0	3
113	253	0	0.813949308	-2.7710388	-2.77105879	-2.771091	-2.7710372	2.07889954e-05	0	0	0	0	0	3
114	255	0	0.821152399	-2.7710762	-2.77105919	-2.771091	-2.7710372	2.07183502e-05	0	0	0	0	0	3
115	257	0	0.82835549	-2.77107039	-2.77105959	-2.771091	-2.7710372	2.03053619e-05	0	0	0	0	0	3
116	259	0	0.835558581	-2.77104473	-2.7710594	-2.771091	-2.7710372	2.01474734e-05	0	0	0	0	0	3
117	261	0	0.842761672	-2.77104182	-2.77105932	-2.771091	-2.7710372	1.96849461e-05	0	0	0	0	0	3
118	263	0	0.849964764	-2.77104518	-2.77105907	-2.771091	-2.7710372	1.96130233e-05	0	0	0	0	0	3
119	265	0	0.857167855	-2.77104048	-2.77105902	-2.771091	-2.7710372	1.89966585e-05	0	0	0	0	0	3
120	268	0	0.864370946	-2.7710518	-2.77105874	-2.771091	-2.7710372	1.87989756e-05	0	0	0	0	0	3
121	270	0	0.871574037	-2.77104079	-2.77105859	-2.771091	-2.7710372	1.86153282e-05	0	0	0	0	0	3
122	272	0	0.878777129	-2.77104552	-2.77105852	-2.771091	-2.7710372	1.84988912e-05	0	0	0	0	0	3
123	274	0	0.88598022	-2.7710509	-2.77105856	-2.771091	-2.7710372	1.80694586e-05	0	0	0	0	0	3
124	276	0	0.893183311	-2.77105126	-2.77105837	-2.771091	-2.7710372	1.78296609e-05	0	0	0	0	0	3
125	278	0	0.900386402	-2.77104557	-2.77105823	-2.771091	-2.7710372	1.74071617e-05	0	0	0	0	0	3
126	280	0	0.907589493	-2.77104587	-2.77105794	-2.771091	-2.7710372	1.65611792e-05	0	0	0	0	0	3
127	282	0	0.914792585	-2.77104034	-2.77105722	-2.77108698	-2.7710372	1.62356527e-05	0	0	0	0	0	3
128	285	0	0.921995676	-2.77104401	-2.77105695	-2.77108698	-2.7710372	1.62137103e-05	0	0	0	0	0	3
129	287	0	0.929198767	-2.77104635	-2.77105697	-2.77108698	-2.7710372	1.58780136e-05	0	0	0	0	0	3
130	289	0	0.936401858	-2.77104725	-2.77105673	-2.77108698	-2.7710372	1.55524285e-05	0	0	0	0	0	3
131	291	0	0.94360495	-2.77104901	-2.77105651	-2.77108698	-2.7710372	1.51259375e-05	0	0	0	0	0	3
132	293	0	0.950808041	-2.77104413	-2.77105613	-2.77108698	-2.7710372	1.50236387e-05	0	0	0	0	0	3
133	295	0	0.958011132	-2.77105655	-2.7710562	-2.77108698	-2.7710372	1.46551365e-05	0	0	0	0	0	3
134	298	0	0.965214223	-2.77104393	-2.77105584	-2.77108698	-2.7710372	1.44374232e-05	0	0	0	0	0	3
135	300	0	0.972417314	-2.7710364	-2.77105551	-2.77108698	-2.7710364	1.41892283e-05	0	0	0	0	0	3
136	302	0	0.979620406	-2.77104581	-2.77105528	-2.77108698	-2.7710364	1.39592244e-05	0	0	0	0	0	3
137	304	0	0.986823497	-2.77104343	-2.77105502	-2.77108698	-2.7710364	1.38878584e-05	0	0	0	0	0	3
138	306	0	0.994026588	-2.77104578	-2.77105494	-2.77108698	-2.7710364	1.37457529e-05	0	0	0	0	0	3
139	308	0	1.00122968	-2.77105383	-2.77105491	-2.77108698	-2.7710364	1.35661877e-05	0.00277105383	0	0	0	0	3
140	310	0	1.00843277	-2.77105729	-2.77105489	-2.77108698	-2.7710364	7.55554581e-06	0.00277105729	0	0	0	0	3
141	312	0	1.01563586	-2.77104336	-2.77105498	-2.77108698	-2.7710364	7.38299192e-06	0.00277104336	0	0	0	0	3
142	314	0	1.02283895	-2.77104876	-2.77105493	-2.77108698	-2.7710364	6.94888029e-06	0.00277104876	0	0	0	0	3
143	316	0	1.03004204	-2.77105078	-2.77105464	-2.77108698	-2.7710364	6.69227701e-06	0.00277105078	0	0	0	0	3
144	318	0	1.03724514	-2.77104304	-2.77105443	-2.77108698	-2.7710364	6.31082799e-06	0.00277104304	0	0	0	0	3
145	320	0	1.04444823	-2.7710542	-2.77105425	-2.77108698	-2.7710364	5.9338317e-06	0.0027710542	0	0	0	0	3
146	322	0	1.05165132	-2.77104354	-2.77105363	-2.77108595	-2.7710364	6.55436247e-06	0.00277104354	0	0	0	0	3
147	325	0	1.05885441	-2.77103303	-2.77105335	-2.77108595	-2.77103303	6.83653995e-06	0.00277103303	0	0	0	0	3
148	327	0	1.0660575	-2.77103188	-2.77105287	-2.77108595	-2.77103188	7.31081495e-06	0.00277103188	0	0	0	0	3
149	329	0	1.07326059	-2.77105548	-2.77105305	-2.77108595	-2.77103188	7.31081495e-06	0.00277105548	0	0	0	0	3
150	331	0	1.08046368	-2.77107241	-2.77105315	-2.77108595	-2.77103188	7.31081495e-06	0.00277107241	0	0	0	0	3
151	333	0	1.08766677	-2.77105499	-2.77105317	-2.77108595	-2.77103188	7.31081495e-06	0.00277105499	0	0	0	0	3
152	335	0	1.09486987	-2.77103377	-2.77105242	-2.7710807	-2.77103188	7.76299621e-06	0.00277103377	0	0	0	0	3
153	337	0	1.10207296	-2.77104112	-2.77105228	-2.7710807	-2.77103188	7.90752297e-06	0.00277104112	0	0	0	0	3
154	339	0	1.10927605	-2.77105516	-2.77105233	-2.7710807	-2.77103188	7.90752297e-06	0.00277105516	0	0	0	0	3
155	341	0	1.11647914	-2.77104008	-2.77105196	-2.7710807	-2.77103188	8.22199663e-06	0.00277104008	0	0	0	0	3
156	343	0	1.12368223	-2.77102864	-2.77105145	-2.7710807	-2.77102864	8.73699472e-06	0.00277102864	0	0	0	0	3
157	345	0	1.13088532	-2.77105291	-2.77105146	-2.7710807	-2.77102864	8.73699472e-06	0.00277105291	0	0	0	0	3
158	347	0	1.13808841	-2.77104433	-2.77105123	-2.7710807	-2.77102864	8.96026071e-06	0.00277104433	0	0	0	0	3
159	349	0	1.1452915	-2.77106587	-2.77105127	-2.7710807	-2.77102864	8.96026071e-06	0.00277106587	0	0	0	0	3
160	351	0	1.15249459	-2.77105313	-2.77105101	-2.7710807	-2.77102864	9.1742679e-06	0.00277105313	0	0	0	0	3
161	353	0	1.15969769	-2.77105886	-2.77105101	-2.7710807	-2.77102864	9.17980792e-06	0.00277105886	0	0	0	0	3
162	356	0	1.16690078	-2.77102753	-2.77105063	-2.7710807	-2.77102753	9.55826132e-06	0.00277102753	0	0	0	0	3
163	358	0	1.17410387	-2.77104536	-2.77105032	-2.7710807	-2.77102753	9.86045562e-06	0.00277104536	0	0	0	0	3
164	360	0	1.18130696	-2.77102164	-2.77104974	-2.7710807	-2.77102164	1.04492037e-05	0.00277102164	0	0	0	0	3
165	362	0	1.18851005	-2.77106149	-2.77104969	-2.7710807	-2.77102164	1.04938649e-05	0.00277106149	0	0	0	0	3
166	365	0	1.19571314	-2.77104577	-2.77104952	-2.7710807	-2.77102164	1.0660898e-05	0.00277104577	0	0	0	0	3
167	367	0	1.20291623	-2.77105659	-2.77104953	-2.7710807	-2.77102164	1.0660898e-05	0.00277105659	0	0	0	0	3
168	369	0	1.21011932	-2.77106997	-2.77104972	-2.7710807	-2.77102164	1.0660898e-05	0.00277106997	0	0	0	0	3
169	371	0	1.21732242	-2.7710359	-2.77104953	-2.7710807	-2.77102164	1.0660898e-05	0.0027710359	0	0	0	0	3
170	373	0	1.22452551	-2.77103143	-2.77104915	-2.7710807	-2.77102164	1.10340235e-05	0.00277103143	0	0	0	0	3
171	375	0	1.2317286	-2.771049	-2.7710487	-2.7710762	-2.77102164	1.14868645e-05	0.002771049	0	0	0	0	3
172	377	0	1.23893169	-2.77106357	-2.77104869	-2.7710762	-2.77102164	1.14950503e-05	0.00277106357	0	0	0	0	3
173	379	0	1.24613478	-2.77105592	-2.77104863	-2.7710762	-2.77102164	1.15582632e-05	0.00277105592	0	0	0	0	3
174	381	0	1.25333787	-2.77103654	-2.77104849	-2.7710762	-2.77102164	1.16946406e-05	0.00277103654	0	0	0	0	3
175	383	0	1.26054096	-2.77104412	-2.77104833	-2.7710762	-2.77102164	1.18512164e-05	0.00277104412	0	0	0	0	3
176	386	0	1.26774405	-2.77102853	-2.77104768	-2.7710762	-2.77102164	1.2004059e-05	0.00277102853	0	0	0	0	3
177	388	0	1.27494715	-2.77105656	-2.77104769	-2.7710762	-2.77102164	1.2004059e-05	0.00277105656	0	0	0	0	3
178	390	0	1.28215024	-2.77106745	-2.77104781	-2.7710762	-2.77102164	1.2004059e-05	0.00277106745	0	0	0	0	3
179	392	0	1.28935333	-2.77103947	-2.77104766	-2.7710762	-2.77102164	1.2031563e-05	0.00277103947	0	0	0	0	3
180	394	0	1.29655642	-2.77103095	-2.7710472	-2.7710762	-2.77102164	1.23873258e-05	0.00277103095	0	0	0	0	3
181	397	0	1.30375951	-2.77105519	-2.77104734	-2.7710762	-2.77102164	1.23873258e-05	0.00277105519	0	0	0	0	3
182	399	0	1.3109626	-2.77105283	-2.77104749	-2.7710762	-2.77102164	1.23873258e-05	0.00277105283	0	0	0	0	3
183	401	0	1.31816569	-2.77103433	-2.77104743	-2.7710762	-2.77102164	1.23873258e-05	0.00277103433	0	0	0	0	3
184	403	0	1.32536878	-2.77102992	-2.77104677	-2.77107241	-2.77102164	1.28229218e-05	0.00277102992	0	0	0	0	3
185	405	0	1.33257188	-2.7710445	-2.7710464	-2.77107241	-2.77102164	1.29966126e-05	0.0027710445	0	0	0	0	3
186	408	0	1.33977497	-2.77104502	-2.7710464	-2.77107241	-2.77102164	1.29182753e-05	0.00277104502	0	0	0	0	3
187	410	0	1.34697806	-2.77105685	-2.77104662	-2.77107241	-2.77102164	1.26746052e-05	0.00277105685	0	0	0	0	3
188	413	0	1.35418115	-2.77106411	-2.77104689	-2.77107241	-2.77102164	1.26240233e-05	0.00277106411	0	0	0	0	3
189	415	0	1.36138424	-2.77103731	-2.77104684	-2.77107241	-2.77102164	1.23441661e-05	0.00277103731	0	0	0	0	3
190	417	0	1.36858733	-2.77104288	-2.77104672	-2.77107241	-2.77102164	1.21943738e-05	0.00277104288	0	0	0	0	3
191	419	0	1.37579042	-2.77103807	-2.77104668	-2.77107241	-2.77102164	1.21621493e-05	0.00277103807	0	0	0	0	3
192	421	0	1.38299351	-2.77103782	-2.77104657	-2.77107241	-2.77102164	1.21621493e-05	0.00277103782	0	0	0	0	3
193	423	0	1.39019661	-2.77105588	-2.77104664	-2.77107241	-2.77102164	1.19676141e-05	0.00277105588	0	0	0	0	3
194	425	0	1.3973997	-2.77105566	-2.7710467	-2.77107241	-2.77102164	1.18286008e-05	0.00277105566	0	0	0	0	3
195	428	0	1.40460279	-2.7710333	-2.77104653	-2.77107241	-2.77102164	1.15407655e-05	0.0027710333	0	0	0	0	3
196	430	0	1.41180588	-2.77103797	-2.77104641	-2.77107241	-2.77102164	1.08170758e-05	0.00277103797	0	0	0	0	3
197	432	0	1.41900897	-2.77106313	-2.77104674	-2.77107241	-2.77102164	1.05687614e-05	0.00277106313	0	0	0	0	3
198	434	0	1.42621206	-2.77104676	-2.77104678	-2.77107241	-2.77102164	1.05687614e-05	0.00277104676	0	0	0	0	3
199	436	0	1.43341515	-2.77103668	-2.77104664	-2.77107241	-2.77102164	1.03278076e-05	0.00277103668	0	0	0	0	3
200	439	0	1.44061824	-2.77104266	-2.77104657	-2.77107241	-2.77102164	1.01112056e-05	0.00277104266	0	0	0	0	3
201	444	0	1.44782133	-2.77105415	-2.77104665	-2.77107241	-2.77102164	9.79824996e-06	0.00277105415	0	0	0	0	3
202	446	0	1.45502443	-2.77105323	-2.77104678	-2.77107241	-2.77102164	9.79824996e-06	0.00277105323	0	0	0	0	3
203	448	0	1.46222752	-2.77104082	-2.77104655	-2.77107241	-2.77102164	9.44374162e-06	0.00277104082	0	0	0	0	3
204	450	0	1.46943061	-2.7710154	-2.77104614	-2.77107241	-2.7710154	9.36534106e-06	0.0027710154	0	0	0	0	3
205	452	0	1.4766337	-2.77106192	-2.77104651	-2.77107241	-2.7710154	9.13220622e-06	0.00277106192	0	0	0	0	3
206	454	0	1.48383679	-2.7710746	-2.77104692	-2.7710746	-2.7710154	8.87545582e-06	0.0027710746	0	0	0	0	3
207	456	0	1.49103988	-2.77105096	-2.77104703	-2.7710746	-2.7710154	8.83075489e-06	0.00277105096	0	0	0	0	3
208	458	0	1.49824297	-2.77103604	-2.77104689	-2.7710746	-2.7710154	8.83075489e-06	0.00277103604	0	0	0	0	3
209	460	0	1.50544606	-2.77104191	-2.77104672	-2.7710746	-2.7710154	8.83075489e-06	0.00277104191	0	0	0	0	3
210	462	0	1.51264916	-2.77104986	-2.77104661	-2.7710746	-2.7710154	8.83075489e-06	0.00277104986	0	0	0	0	3
211	464	0	1.51985225	-2.77103662	-2.77104652	-2.7710746	-2.7710154	8.7830823e-06	0.00277103662	0	0	0	0	3
212	466	0	1.52705534	-2.77102042	-2.77104611	-2.7710746	-2.7710154	8.53338126e-06	0.00277102042	0	0	0	0	3
213	469	0	1.53425843	-2.77107164	-2.77104641	-2.7710746	-2.7710154	8.3194235e-06	0.00277107164	0	0	0	0	3
214	471	0	1.54146152	-2.77104957	-2.7710465	-2.7710746	-2.7710154	8.13995959e-06	0.00277104957	0	0	0	0	3
215	473	0	1.54866461	-2.77106902	-2.77104671	-2.7710746	-2.7710154	7.51942882e-06	0.00277106902	0	0	0	0	3
216	476	0	1.5558677	-2.77102582	-2.77104646	-2.7710746	-2.7710154	7.23725134e-06	0.00277102582	0	0	0	0	3
217	478	0	1.56307079	-2.77103918	-2.77104655	-2.7710746	-2.7710154	7.05625523e-06	0.00277103918	0	0	0	0	3
218	480	0	1.57027389	-2.7710436	-2.77104672	-2.7710746	-2.7710154	7.05625523e-06	0.0027710436	0	0	0	0	3
219	482	0	1.57747698	-2.77106322	-2.77104683	-2.7710746	-2.7710154	7.05625523e-06	0.00277106322	0	0	0	0	3
220	485	0	1.58468007	-2.77101687	-2.77104603	-2.7710746	-2.7710154	7.1340767e-06	0.00277101687	0	0	0	0	3
221	487	0	1.59188316	-2.77102512	-2.77104561	-2.7710746	-2.7710154	6.81530024e-06	0.00277102512	0	0	0	0	3
222	489	0	1.59908625	-2.77104673	-2.77104579	-2.7710746	-2.7710154	6.72642846e-06	0.00277104673	0	0	0	0	3
223	491	0	1.60628934	-2.77105985	-2.77104606	-2.7710746	-2.7710154	6.72642846e-06	0.00277105985	0	0	0	0	3
224	493	0	1.61349243	-2.77106045	-2.77104614	-2.7710746	-2.7710154	6.35629982e-06	0.00277106045	0	0	0	0	3
225	496	0	1.62069552	-2.77104506	-2.77104621	-2.7710746	-2.7710154	5.85574908e-06	0.00277104506	0	0	0	0	3
226	498	0	1.62789862	-2.77103955	-2.77104636	-2.7710746	-2.7710154	5.85574908e-06	0.00277103955	0	0	0	0	3
227	500	0	1.63510171	-2.77103564	-2.77104612	-2.7710746	-2.7710154	5.65883092e-06	0.00277103564	0	0	0	0	3
228	502	0	1.6423048	-2.77102794	-2.77104588	-2.7710746	-2.7710154	5.65883092e-06	0.00277102794	0	0	0	0	3
229	504	0	1.64950789	-2.77105061	-2.77104566	-2.7710746	-2.7710154	5.40402856e-06	0.00277105061	0	0	0	0	3
230	506	0	1.65671098	-2.77105383	-2.77104567	-2.7710746	-2.7710154	5.39848853e-06	0.00277105383	0	0	0	0	3
231	509	0	1.66391407	-2.77105	-2.77104555	-2.7710746	-2.7710154	5.08037044e-06	0.00277105	0	0	0	0	3
232	511	0	1.67111716	-2.77106889	-2.77104614	-2.7710746	-2.7710154	4.77817614e-06	0.00277106889	0	0	0	0	3
233	513	0	1.67832025	-2.77103981	-2.77104606	-2.7710746	-2.7710154	4.18942803e-06	0.00277103981	0	0	0	0	3
234	516	0	1.68552334	-2.77103948	-2.77104631	-2.7710746	-2.7710154	4.17055296e-06	0.00277103948	0	0	0	0	3
235	518	0	1.69272644	-2.77105659	-2.77104624	-2.7710746	-2.7710154	4.17055296e-06	0.00277105659	0	0	0	0	3
236	520	0	1.69992953	-2.77102033	-2.77104588	-2.7710746	-2.7710154	4.17055296e-06	0.00277102033	0	0	0	0	3
237	522	0	1.70713262	-2.77104513	-2.77104572	-2.7710746	-2.7710154	4.17055296e-06	0.00277104513	0	0	0	0	3
238	524	0	1.71433571	-2.77105978	-2.77104557	-2.7710746	-2.7710154	3.9821492e-06	0.00277105978	0	0	0	0	3
239	526	0	1.7215388	-2.77106369	-2.77104597	-2.7710746	-2.7710154	3.6046083e-06	0.00277106369	0	0	0	0	3
240	528	0	1.72874189	-2.7710646	-2.77104644	-2.7710746	-2.7710154	3.15176726e-06	0.0027710646	0	0	0	0	3
241	531	0	1.73594498	-2.77103585	-2.77104625	-2.7710746	-2.7710154	3.14358145e-06	0.00277103585	0	0	0	0	3
242	534	0	1.74314807	-2.77104123	-2.77104593	-2.7710746	-2.7710154	3.08036855e-06	0.00277104123	0	0	0	0	3
243	536	0	1.75035117	-2.77103178	-2.77104559	-2.7710746	-2.7710154	2.94399116e-06	0.00277103178	0	0	0	0	3
244	538	0	1.75755426	-2.7710454	-2.77104572	-2.7710746	-2.7710154	2.78741531e-06	0.0027710454	0	0	0	0	3
245	540	0	1.76475735	-2.77106546	-2.77104602	-2.7710746	-2.7710154	2.2587789e-06	0.00277106546	0	0	0	0	3
246	543	0	1.77196044	-2.77103587	-2.77104613	-2.7710746	-2.7710154	2.2587789e-06	0.00277103587	0	0	0	0	3
247	545	0	1.77916353	-2.77103478	-2.77104581	-2.7710746	-2.7710154	2.2587789e-06	0.00277103478	0	0	0	0	3
248	547	0	1.78636662	-2.77107026	-2.77104586	-2.7710746	-2.7710154	2.10852228e-06	0.00277107026	0	0	0	0	3
249	549	0	1.79356971	-2.77105646	-2.7710461	-2.7710746	-2.7710154	1.94712024e-06	0.00277105646	0	0	0	0	3
250	552	0	1.8007728	-2.7710519	-2.7710464	-2.7710746	-2.7710154	1.94712024e-06	0.0027710519	0	0	0	0	3
251	554	0	1.8079759	-2.77103768	-2.77104615	-2.7710746	-2.7710154	1.94712024e-06	0.00277103768	0	0	0	0	3
252	556	0	1.81517899	-2.77102134	-2.7710457	-2.7710746	-2.7710154	1.88332622e-06	0.00277102134	0	0	0	0	3
253	558	0	1.82238208	-2.77104008	-2.77104578	-2.7710746	-2.7710154	1.48156496e-06	0.00277104008	0	0	0	0	3
254	560	0	1.82958517	-2.77104712	-2.77104602	-2.7710746	-2.7710154	1.48156496e-06	0.00277104712	0	0	0	0	3
255	563	0	1.83678826	-2.77105902	-2.77104623	-2.7710746	-2.7710154	1.48156496e-06	0.00277105902	0	0	0	0	3
256	565	0	1.84399135	-2.77106695	-2.77104655	-2.7710746	-2.7710154	1.48156496e-06	0.00277106695	0	0	0	0	3
257	567	0	1.85119444	-2.77105366	-2.7710465	-2.7710746	-2.7710154	1.48156496e-06	0.00277105366	0	0	0	0	3
258	569	0	1.85839753	-2.77104103	-2.77104617	-2.7710746	-2.7710154	1.48156496e-06	0.00277104103	0	0	0	0	3
259	571	0	1.86560063	-2.77104729	-2.77104631	-2.7710746	-2.7710154	1.48156496e-06	0.00277104729	0	0	0	0	3
260	573	0	1.87280372	-2.77103312	-2.77104617	-2.7710746	-2.7710154	1.48156496e-06	0.00277103312	0	0	0	0	3
261	575	0	1.88000681	-2.77104858	-2.77104632	-2.7710746	-2.7710154	1.48156496e-06	0.00277104858	0	0	0	0	3
262	578	0	1.8872099	-2.77102697	-2.77104617	-2.7710746	-2.7710154	1.48156496e-06	0.00277102697	0	0	0	0	3
263	580	0	1.89441299	-2.77104075	-2.77104595	-2.7710746	-2.7710154	1.48156496e-06	0.00277104075	0	0	0	0	3
264	583	0	1.90161608	-2.7710817	-2.77104632	-2.7710817	-2.7710154	1.48156496e-06	0.0027710817	0	0	0	0	3
265	585	0	1.90881917	-2.7710543	-2.77104662	-2.7710817	-2.7710154	1.48156496e-06	0.0027710543	0	0	0	0	3
266	587	0	1.91602226	-2.77104003	-2.77104665	-2.7710817	-2.7710154	1.48156496e-06	0.00277104003	0	0	0	0	3
267	590	0	1.92322536	-2.77103083	-2.77104619	-2.7710817	-2.7710154	1.48156496e-06	0.00277103083	0	0	0	0	3
268	592	0	1.93042845	-2.77102778	-2.77104592	-2.7710817	-2.7710154	1.48156496e-06	0.00277102778	0	0	0	0	3
269	594	0	1.93763154	-2.77105452	-2.77104618	-2.7710817	-2.7710154	1.48156496e-06	0.00277105452	0	0	0	0	3
270	596	0	1.94483463	-2.77104118	-2.77104616	-2.7710817	-2.7710154	1.48156496e-06	0.00277104118	0	0	0	0	3
271	598	0	1.95203772	-2.77105296	-2.77104614	-2.7710817	-2.7710154	1.48156496e-06	0.00277105296	0	0	0	0	3
272	601	0	1.95924081	-2.77105694	-2.77104619	-2.7710817	-2.7710154	1.48156496e-06	0.00277105694	0	0	0	0	3
273	603	0	1.9664439	-2.77103558	-2.77104612	-2.7710817	-2.7710154	1.48156496e-06	0.00277103558	0	0	0	0	3
274	605	0	1.97364699	-2.77103636	-2.77104642	-2.7710817	-2.77101687	1.48156496e-06	0.00277103636	0	0	0	0	3
275	607	0	1.98085008	-2.77103956	-2.7710461	-2.7710817	-2.77101687	1.48156496e-06	0.00277103956	0	0	0	0	3
276	609	0	1.98805318	-2.77105488	-2.77104581	-2.7710817	-2.77101687	1.48156496e-06	0.00277105488	0	0	0	0	3
277	611	0	1.99525627	-2.77105456	-2.77104587	-2.7710817	-2.77101687	1.34242857e-06	0.00277105456	0	0	0	0	3
278	613	0	2.00245936	-2.77104827	-2.77104604	-2.7710817	-2.77101687	1.28056354e-06	0.00277104827	0	0	0	0	3
279	616	0	2.00966245	-2.7710445	-2.77104608	-2.7710817	-2.77101687	1.28056354e-06	0.0027710445	0	0	0	0	3
280	618	0	2.01686554	-2.771059	-2.77104621	-2.7710817	-2.77101687	1.28056354e-06	0.002771059	0	0	0	0	3
281	620	0	2.02406863	-2.77104315	-2.7710463	-2.7710817	-2.77101687	1.28056354e-06	0.00277104315	0	0	0	0	3
282	622	0	2.03127172	-2.7710323	-2.77104647	-2.7710817	-2.77101687	1.28056354e-06	0.0027710323	0	0	0	0	3
283	624	0	2.03847481	-2.77104593	-2.7710461	-2.7710817	-2.77101687	1.28056354e-06	0.00277104593	0	0	0	0	3
284	627	0	2.04567791	-2.77105491	-2.77104618	-2.7710817	-2.77101687	1.28056354e-06	0.00277105491	0	0	0	0	3
285	629	0	2.052881	-2.77105469	-2.77104598	-2.7710817	-2.77101687	1.28056354e-06	0.00277105469	0	0	0	0	3
286	632	0	2.06008409	-2.77104141	-2.7710462	-2.7710817	-2.77101687	1.28056354e-06	0.00277104141	0	0	0	0	3
287	634	0	2.06728718	-2.77103148	-2.77104609	-2.7710817	-2.77101687	1.28056354e-06	0.00277103148	0	0	0	0	3
288	637	0	2.07449027	-2.77104576	-2.77104612	-2.7710817	-2.77101687	1.28056354e-06	0.00277104576	0	0	0	0	3
289	639	0	2.08169336	-2.77105893	-2.77104606	-2.7710817	-2.77101687	1.10730641e-06	0.00277105893	0	0	0	0	3
290	641	0	2.08889645	-2.77104865	-2.77104651	-2.7710817	-2.77102033	1.10730641e-06	0.00277104865	0	0	0	0	3
291	643	0	2.09609954	-2.77105625	-2.77104696	-2.7710817	-2.77102033	1.40990447e-06	0.00277105625	0	0	0	0	3
292	645	0	2.10330264	-2.77103244	-2.77104675	-2.7710817	-2.77102033	1.40990447e-06	0.00277103244	0	0	0	0	3
293	647	0	2.11050573	-2.77103971	-2.77104646	-2.7710817	-2.77102033	1.40990447e-06	0.00277103971	0	0	0	0	3
294	650	0	2.11770882	-2.77105139	-2.77104634	-2.7710817	-2.77102033	1.40990447e-06	0.00277105139	0	0	0	0	3
295	652	0	2.12491191	-2.77105667	-2.7710465	-2.7710817	-2.77102033	1.40990447e-06	0.00277105667	0	0	0	0	3
296	654	0	2.132115	-2.77105666	-2.77104675	-2.7710817	-2.77102033	1.40990447e-06	0.00277105666	0	0	0	0	3
297	656	0	2.13931809	-2.77104687	-2.77104691	-2.7710817	-2.77102033	1.40990447e-06	0.00277104687	0	0	0	0	3
298	658	0	2.14652118	-2.77103956	-2.77104707	-2.7710817	-2.77102033	1.52539239e-06	0.00277103956	0	0	0	0	3
299	660	0	2.15372427	-2.77104813	-2.77104704	-2.7710817	-2.77102033	1.52539239e-06	0.00277104813	0	0	0	0	3
300	663	0	2.16092737	-2.77104139	-2.77104686	-2.7710817	-2.77102033	1.52539239e-06	0.00277104139	0	0	0	0	3
301	668	0	2.16813046	-2.77104587	-2.7710468	-2.7710817	-2.77102033	1.50156571e-06	0.00277104587	0	0	0	0	3
302	670	0	2.17533355	-2.77104419	-2.77104645	-2.7710817	-2.77102033	1.50156571e-06	0.00277104419	0	0	0	0	3
303	672	0	2.18253664	-2.7710478	-2.77104656	-2.7710817	-2.77102033	1.50156571e-06	0.0027710478	0	0	0	0	3
304	674	0	2.18973973	-2.77107455	-2.77104706	-2.7710817	-2.77102033	1.50156571e-06	0.00277107455	0	0	0	0	3
305	676	0	2.19694282	-2.77103271	-2.77104672	-2.7710817	-2.77102033	1.50156571e-06	0.00277103271	0	0	0	0	3
306	678	0	2.20414591	-2.77103521	-2.77104693	-2.7710817	-2.77102134	1.50156571e-06	0.00277103521	0	0	0	0	3
307	680	0	2.211349	-2.7710497	-2.771047	-2.7710817	-2.77102134	1.50156571e-06	0.0027710497	0	0	0	0	3
308	682	0	2.2185521	-2.77104329	-2.77104676	-2.7710817	-2.77102134	1.48238491e-06	0.00277104329	0	0	0	0	3
309	684	0	2.22575519	-2.7710552	-2.77104664	-2.7710817	-2.77102134	1.48238491e-06	0.0027710552	0	0	0	0	3
310	686	0	2.23295828	-2.77104288	-2.77104633	-2.7710817	-2.77102134	1.48238491e-06	0.00277104288	0	0	0	0	3
311	689	0	2.24016137	-2.77104736	-2.7710465	-2.7710817	-2.77102134	1.48238491e-06	0.00277104736	0	0	0	0	3
312	691	0	2.24736446	-2.77105201	-2.77104665	-2.7710817	-2.77102134	1.48238491e-06	0.00277105201	0	0	0	0	3
313	693	0	2.25456755	-2.77103506	-2.7710467	-2.7710817	-2.77102134	1.37485878e-06	0.00277103506	0	0	0	0	3
314	695	0	2.26177064	-2.77105421	-2.77104682	-2.7710817	-2.77102134	1.37485878e-06	0.00277105421	0	0	0	0	3
315	697	0	2.26897373	-2.77104213	-2.77104649	-2.7710817	-2.77102134	1.37485878e-06	0.00277104213	0	0	0	0	3
316	700	0	2.27617682	-2.77104213	-2.77104658	-2.7710817	-2.77102134	1.37485878e-06	0.00277104213	0	0	0	0	3
317	702	0	2.28337992	-2.77104541	-2.77104673	-2.7710817	-2.77102134	1.37485878e-06	0.00277104541	0	0	0	0	3
318	704	0	2.29058301	-2.7710307	-2.77104617	-2.7710817	-2.77102134	1.37485878e-06	0.0027710307	0	0	0	0	3
319	707	0	2.2977861	-2.77105086	-2.77104609	-2.7710817	-2.77102134	1.37485878e-06	0.00277105086	0	0	0	0	3
320	709	0	2.30498919	-2.77107257	-2.77104638	-2.7710817	-2.77102134	1.37485878e-06	0.00277107257	0	0	0	0	3
321	712	0	2.31219228	-2.77104399	-2.77104647	-2.7710817	-2.77102134	1.37485878e-06	0.00277104399	0	0	0	0	3
322	714	0	2.31939537	-2.77102538	-2.77104653	-2.7710817	-2.77102538	1.29278731e-06	0.00277102538	0	0	0	0	3
323	716	0	2.32659846	-2.7710333	-2.77104643	-2.7710817	-2.77102538	1.25736608e-06	0.0027710333	0	0	0	0	3
324	718	0	2.33380155	-2.77105069	-2.77104648	-2.7710817	-2.77102538	1.25736608e-06	0.00277105069	0	0	0	0	3
325	721	0	2.34100465	-2.77105751	-2.77104646	-2.7710817	-2.77102538	1.25736608e-06	0.00277105751	0	0	0	0	3
326	723	0	2.34820774	-2.77104773	-2.77104619	-2.7710817	-2.77102538	1.25736608e-06	0.00277104773	0	0	0	0	3
327	725	0	2.35541083	-2.77102444	-2.77104577	-2.7710817	-2.77102444	1.30233191e-06	0.00277102444	0	0	0	0	3
328	727	0	2.36261392	-2.77103649	-2.7710457	-2.7710817	-2.77102444	1.3672509e-06	0.00277103649	0	0	0	0	3
329	729	0	2.36981701	-2.77106902	-2.77104602	-2.7710817	-2.77102444	1.3672509e-06	0.00277106902	0	0	0	0	3
330	732	0	2.3770201	-2.7710297	-2.77104597	-2.7710817	-2.77102444	1.3672509e-06	0.0027710297	0	0	0	0	3
331	734	0	2.38422319	-2.77105979	-2.77104613	-2.7710817	-2.77102444	1.3672509e-06	0.00277105979	0	0	0	0	3
332	736	0	2.39142628	-2.77104728	-2.77104642	-2.7710817	-2.77102444	1.3672509e-06	0.00277104728	0	0	0	0	3
333	738	0	2.39862938	-2.77103586	-2.77104635	-2.7710817	-2.77102444	1.3672509e-06	0.00277103586	0	0	0	0	3
334	740	0	2.40583247	-2.77104213	-2.77104578	-2.77107455	-2.77102444	1.3672509e-06	0.00277104213	0	0	0	0	3
335	742	0	2.41303556	-2.77103442	-2.7710455	-2.77107455	-2.77102444	1.57435453e-06	0.00277103442	0	0	0	0	3
336	744	0	2.42023865	-2.77105183	-2.77104567	-2.77107455	-2.77102444	1.57435453e-06	0.00277105183	0	0	0	0	3
337	747	0	2.42744174	-2.7710642	-2.77104614	-2.77107455	-2.77102444	1.57435453e-06	0.0027710642	0	0	0	0	3
338	749	0	2.43464483	-2.7710416	-2.77104634	-2.77107455	-2.77102444	1.57435453e-06	0.0027710416	0	0	0	0	3
339	752	0	2.44184792	-2.77104568	-2.77104621	-2.77107455	-2.77102444	1.57435453e-06	0.00277104568	0	0	0	0	3
340	754	0	2.44905101	-2.77102799	-2.77104603	-2.77107455	-2.77102444	1.57435453e-06	0.00277102799	0	0	0	0	3
341	756	0	2.45625411	-2.77106719	-2.77104623	-2.77107455	-2.77102444	1.57435453e-06	0.00277106719	0	0	0	0	3
342	758	0	2.4634572	-2.77103791	-2.77104596	-2.77107455	-2.77102444	1.57435453e-06	0.00277103791	0	0	0	0	3
343	760	0	2.47066029	-2.77104078	-2.77104603	-2.77107455	-2.77102444	1.57435453e-06	0.00277104078	0	0	0	0	3
344	762	0	2.47786338	-2.77104993	-2.77104623	-2.77107455	-2.77102444	1.57435453e-06	0.00277104993	0	0	0	0	3
345	765	0	2.48506647	-2.77103981	-2.77104623	-2.77107455	-2.77102444	1.57435453e-06	0.00277103981	0	0	0	0	3
346	767	0	2.49226956	-2.77103904	-2.771046	-2.77107455	-2.77102444	1.57435453e-06	0.00277103904	0	0	0	0	3
347	770	0	2.49947265	-2.7710638	-2.77104613	-2.77107455	-2.77102444	1.57435453e-06	0.0027710638	0	0	0	0	3
348	772	0	2.50667574	-2.77104399	-2.77104607	-2.77107455	-2.77102444	1.57435453e-06	0.00277104399	0	0	0	0	3
349	774	0	2.51387883	-2.77104959	-2.77104615	-2.77107455	-2.77102444	1.57435453e-06	0.00277104959	0	0	0	0	3
350	777	0	2.52108193	-2.77103531	-2.77104581	-2.77107455	-2.77102444	1.57435453e-06	0.00277103531	0	0	0	0	3
351	779	0	2.52828502	-2.7710411	-2.77104578	-2.77107455	-2.77102444	1.57435453e-06	0.0027710411	0	0	0	0	3
352	781	0	2.53548811	-2.77103237	-2.77104578	-2.77107455	-2.77102444	1.57435453e-06	0.00277103237	0	0	0	0	3
353	783	0	2.5426912	-2.77105535	-2.77104591	-2.77107455	-2.77102444	1.57435453e-06	0.00277105535	0	0	0	0	3
354	785	0	2.54989429	-2.77105436	-2.77104591	-2.77107455	-2.77102444	1.57435453e-06	0.00277105436	0	0	0	0	3
355	787	0	2.55709738	-2.771042	-2.77104572	-2.77107455	-2.77102444	1.57435453e-06	0.002771042	0	0	0	0	3
356	791	0	2.56430047	-2.77105209	-2.77104588	-2.77107455	-2.77102444	1.57435453e-06	0.00277105209	0	0	0	0	3
357	793	0	2.57150356	-2.77105575	-2.77104622	-2.77107455	-2.77102444	1.57435453e-06	0.00277105575	0	0	0	0	3
358	795	0	2.57870666	-2.77103039	-2.771046	-2.77107455	-2.77102444	1.57435453e-06	0.00277103039	0	0	0	0	3
359	797	0	2.58590975	-2.77105104	-2.77104589	-2.77107455	-2.77102444	1.57435453e-06	0.00277105104	0	0	0	0	3
360	800	0	2.59311284	-2.77104108	-2.77104578	-2.77107455	-2.77102444	1.57435453e-06	0.00277104108	0	0	0	0	3
361	802	0	2.60031593	-2.77104807	-2.77104567	-2.77107455	-2.77102444	1.57435453e-06	0.00277104807	0	0	0	0	3
362	804	0	2.60751902	-2.77103805	-2.77104575	-2.77107455	-2.77102444	1.57435453e-06	0.00277103805	0	0	0	0	3
363	806	0	2.61472211	-2.77105007	-2.77104589	-2.77107455	-2.77102444	1.57435453e-06	0.00277105007	0	0	0	0	3
364	808	0	2.6219252	-2.77104831	-2.77104585	-2.77107455	-2.77102444	1.57435453e-06	0.00277104831	0	0	0	0	3
365	810	0	2.62912829	-2.77104071	-2.77104562	-2.77107455	-2.77102444	1.57435453e-06	0.00277104071	0	0	0	0	3
366	812	0	2.63633139	-2.7710466	-2.77104548	-2.77107455	-2.77102444	1.59290579e-06	0.0027710466	0	0	0	0	3
367	814	0	2.64353448	-2.7710637	-2.77104572	-2.77107455	-2.77102444	1.59290579e-06	0.0027710637	0	0	0	0	3
368	817	0	2.65073757	-2.77101194	-2.77104532	-2.77107455	-2.77101194	1.73764841e-06	0.00277101194	0	0	0	0	3
369	819	0	2.65794066	-2.77105667	-2.77104545	-2.77107455	-2.77101194	1.73764841e-06	0.00277105667	0	0	0	0	3
370	822	0	2.66514375	-2.77105904	-2.7710457	-2.77107455	-2.77101194	1.73764841e-06	0.00277105904	0	0	0	0	3
371	824	0	2.67234684	-2.77105163	-2.77104578	-2.77107455	-2.77101194	1.73764841e-06	0.00277105163	0	0	0	0	3
372	826	0	2.67954993	-2.77103738	-2.77104568	-2.77107455	-2.77101194	1.73764841e-06	0.00277103738	0	0	0	0	3
373	828	0	2.68675302	-2.77103639	-2.77104552	-2.77107455	-2.77101194	1.73764841e-06	0.00277103639	0	0	0	0	3
374	830	0	2.69395612	-2.77104722	-2.77104513	-2.77107257	-2.77101194	1.86884e-06	0.00277104722	0	0	0	0	3
375	832	0	2.70115921	-2.77106645	-2.77104561	-2.77107257	-2.77101194	1.86884e-06	0.00277106645	0	0	0	0	3
376	834	0	2.7083623	-2.77104018	-2.77104568	-2.77107257	-2.77101194	1.86884e-06	0.00277104018	0	0	0	0	3
377	837	0	2.71556539	-2.77104941	-2.77104568	-2.77107257	-2.77101194	1.69276437e-06	0.00277104941	0	0	0	0	3
378	839	0	2.72276848	-2.77104517	-2.77104571	-2.77107257	-2.77101194	1.69276437e-06	0.00277104517	0	0	0	0	3
379	842	0	2.72997157	-2.77104906	-2.77104562	-2.77107257	-2.77101194	1.69276437e-06	0.00277104906	0	0	0	0	3
380	845	0	2.73717466	-2.77103225	-2.77104547	-2.77107257	-2.77101194	1.69276437e-06	0.00277103225	0	0	0	0	3
381	847	0	2.74437775	-2.77105183	-2.77104553	-2.77107257	-2.77101194	1.69276437e-06	0.00277105183	0	0	0	0	3
382	849	0	2.75158085	-2.77103014	-2.77104522	-2.77107257	-2.77101194	1.69276437e-06	0.00277103014	0	0	0	0	3
383	851	0	2.75878394	-2.77108301	-2.7710459	-2.77108301	-2.77101194	1.69276437e-06	0.00277108301	0	0	0	0	3
384	854	0	2.76598703	-2.77105109	-2.77104586	-2.77108301	-2.77101194	1.60085385e-06	0.00277105109	0	0	0	0	3
385	856	0	2.77319012	-2.77104096	-2.77104584	-2.77108301	-2.77101194	1.60085385e-06	0.00277104096	0	0	0	0	3
386	858	0	2.78039321	-2.77102848	-2.77104565	-2.77108301	-2.77101194	1.60085385e-06	0.00277102848	0	0	0	0	3
387	860	0	2.7875963	-2.77104236	-2.7710456	-2.77108301	-2.77101194	1.39858776e-06	0.00277104236	0	0	0	0	3
388	862	0	2.79479939	-2.77104884	-2.77104586	-2.77108301	-2.77101194	1.39858776e-06	0.00277104884	0	0	0	0	3
389	864	0	2.80200248	-2.77104606	-2.77104579	-2.77108301	-2.77101194	1.39858776e-06	0.00277104606	0	0	0	0	3
390	867	0	2.80920557	-2.77102279	-2.77104508	-2.77108301	-2.77101194	1.4467669e-06	0.00277102279	0	0	0	0	3
391	869	0	2.81640867	-2.77107237	-2.77104549	-2.77108301	-2.77101194	1.4467669e-06	0.00277107237	0	0	0	0	3
392	871	0	2.82361176	-2.77105085	-2.77104585	-2.77108301	-2.77101194	1.40106296e-06	0.00277105085	0	0	0	0	3
393	873	0	2.83081485	-2.7710587	-2.77104621	-2.77108301	-2.77101194	1.40106296e-06	0.0027710587	0	0	0	0	3
394	876	0	2.83801794	-2.77104947	-2.7710462	-2.77108301	-2.77101194	1.3795266e-06	0.00277104947	0	0	0	0	3
395	878	0	2.84522103	-2.77104202	-2.77104598	-2.77108301	-2.77101194	1.33444673e-06	0.00277104202	0	0	0	0	3
