Iteration	CPUTime	PhysTime	Travels	Value	AvValue	MinValue	MaxValue	Delta	Criteria	PrevAvRefValue	Progress	CriteriaType	CriteriaVarType	CriteriaPercentage
1	13	0	0.00720309122	97051.593	97051.593	97051.593	97051.593	0	0	0	0	0	0	3
2	15	0	0.0144061824	97066.5116	97059.0523	97051.593	97066.5116	7.45931424	0	0	0	0	0	3
3	17	0	0.0216092737	97067.0377	97061.7141	97051.593	97067.0377	10.1211337	0	0	0	0	0	3
4	19	0	0.0288123649	97067.6672	97063.2024	97051.593	97067.6672	11.6093979	0	0	0	0	0	3
5	20	0	0.0360154561	97068.0913	97064.1802	97051.593	97068.0913	12.5871925	0	0	0	0	0	3
6	22	0	0.0432185473	97068.4707	97064.8952	97051.593	97068.4707	13.3022793	0	0	0	0	0	3
7	24	0	0.0504216385	97068.8759	97065.4639	97051.593	97068.8759	13.8709375	0	0	0	0	0	3
8	26	0	0.0576247297	97069.2744	97065.9402	97051.593	97069.2744	14.3472553	0	0	0	0	0	3
9	27	0	0.064827821	97069.6387	97066.3512	97051.593	97069.6387	14.7581961	0	0	0	0	0	3
10	29	0	0.0720309122	97069.9798	97066.714	97051.593	97069.9798	15.1210591	0	0	0	0	0	3
11	31	0	0.0792340034	97070.3916	97067.0484	97051.593	97070.3916	15.4553877	0	0	0	0	0	3
12	33	0	0.0864370946	97070.822	97067.3628	97051.593	97070.822	15.7698555	0	0	0	0	0	3
13	35	0	0.0936401858	97071.2077	97067.6586	97051.593	97071.2077	16.0656127	0	0	0	0	0	3
14	37	0	0.100843277	97071.5486	97067.9364	97051.593	97071.5486	16.3434707	0	0	0	0	0	3
15	39	0	0.108046368	97071.8818	97068.1995	97051.593	97071.8818	16.6064953	0	0	0	0	0	3
16	41	0	0.115249459	97072.0867	97068.4424	97051.593	97072.0867	16.8494458	0	0	0	0	0	3
17	43	0	0.122452551	97072.6889	97068.6922	97051.593	97072.6889	17.0992375	0	0	0	0	0	3
18	45	0	0.129655642	97072.8038	97068.9206	97051.593	97072.8038	17.3276614	0	0	0	0	0	3
19	47	0	0.136858733	97073.1737	97069.1445	97051.593	97073.1737	17.5515081	0	0	0	0	0	3
20	49	0	0.144061824	97073.3259	97069.3535	97051.593	97073.3259	17.7605804	0	0	0	0	0	3
21	51	0	0.151264916	97073.3159	97069.5422	97051.593	97073.3259	17.9492644	0	0	0	0	0	3
22	53	0	0.158468007	97073.8509	97069.7381	97051.593	97073.8509	18.1451131	0	0	0	0	0	3
23	55	0	0.165671098	97073.6227	97069.907	97051.593	97073.8509	18.3140092	0	0	0	0	0	3
24	57	0	0.172874189	97073.4483	97070.0545	97051.593	97073.8509	18.461563	0	0	0	0	0	3
25	59	0	0.18007728	97073.8841	97070.2077	97051.593	97073.8841	18.6147446	0	0	0	0	0	3
26	61	0	0.187280372	97073.7704	97070.3447	97051.593	97073.8841	18.7517693	0	0	0	0	0	3
27	63	0	0.194483463	97074.7506	97070.5079	97051.593	97074.7506	18.9149482	0	0	0	0	0	3
28	65	0	0.201686554	97074.6105	97070.6544	97051.593	97074.7506	19.0614706	0	0	0	0	0	3
29	67	0	0.208889645	97075.4396	97070.8194	97051.593	97075.4396	19.226476	0	0	0	0	0	3
30	69	0	0.216092737	97074.409	97070.9391	97051.593	97075.4396	19.3461278	0	0	0	0	0	3
31	72	0	0.223295828	97075.7766	97071.0951	97051.593	97075.7766	19.5021767	0	0	0	0	0	3
32	74	0	0.230498919	97078.1315	97071.315	97051.593	97078.1315	19.7220624	0	0	0	0	0	3
33	76	0	0.23770201	97078.3555	97071.5284	97051.593	97078.3555	19.9354115	0	0	0	0	0	3
34	78	0	0.244905101	97080.6048	97071.7953	97051.593	97080.6048	20.202366	0	0	0	0	0	3
35	80	0	0.252108193	97083.2217	97072.1218	97051.593	97083.2217	20.5288342	0	0	0	0	0	3
36	83	0	0.259311284	97088.3069	97072.5714	97051.593	97088.3069	20.9784209	0	0	0	0	0	3
37	85	0	0.266514375	97090.0872	97073.0448	97051.593	97090.0872	21.451821	0	0	0	0	0	3
38	87	0	0.273717466	97093.6617	97073.5873	97051.593	97093.6617	21.9943722	0	0	0	0	0	3
39	89	0	0.280920557	97097.9304	97074.2115	97051.593	97097.9304	22.6185527	0	0	0	0	0	3
40	91	0	0.288123649	97099.9774	97074.8557	97051.593	97099.9774	23.2626992	0	0	0	0	0	3
41	94	0	0.29532674	97102.4259	97075.5281	97051.593	97102.4259	23.9351449	0	0	0	0	0	3
42	96	0	0.302529831	97103.0757	97076.184	97051.593	97103.0757	24.5910408	0	0	0	0	0	3
43	98	0	0.309732922	97102.6124	97076.7986	97051.593	97103.0757	25.205655	0	0	0	0	0	3
44	100	0	0.316936014	97101.6439	97077.3633	97051.593	97103.0757	25.7703196	0	0	0	0	0	3
45	103	0	0.324139105	97098.4686	97077.8323	97051.593	97103.0757	26.2393256	0	0	0	0	0	3
46	105	0	0.331342196	97094.3588	97078.1916	97051.593	97103.0757	26.5985985	0	0	0	0	0	3
47	107	0	0.338545287	97093.0035	97078.5067	97051.593	97103.0757	26.9137455	0	0	0	0	0	3
48	110	0	0.345748378	97090.0781	97078.7478	97051.593	97103.0757	27.1548156	0	0	0	0	0	3
49	112	0	0.35295147	97090.1006	97078.9795	97051.593	97103.0757	27.386506	0	0	0	0	0	3
50	114	0	0.360154561	97087.7738	97079.1554	97051.593	97103.0757	27.5623917	0	0	0	0	0	3
51	116	0	0.367357652	97088.755	97079.3436	97051.593	97103.0757	27.75062	0	0	0	0	0	3
52	118	0	0.374560743	97086.9571	97079.49	97051.593	97103.0757	27.8970335	0	0	0	0	0	3
53	121	0	0.381763835	97087.2626	97079.6367	97051.593	97103.0757	28.0436869	0	0	0	0	0	3
54	123	0	0.388966926	97087.9406	97079.7904	97051.593	97103.0757	28.1974632	0	0	0	0	0	3
55	125	0	0.396170017	97088.3037	97079.9452	97051.593	97103.0757	28.3522495	0	0	0	0	0	3
56	127	0	0.403373108	97089.6541	97080.1186	97051.593	97103.0757	28.5256221	0	0	0	0	0	3
57	129	0	0.410576199	97087.3867	97080.2461	97051.593	97103.0757	28.6531333	0	0	0	0	0	3
58	132	0	0.417779291	97086.4978	97080.3539	97051.593	97103.0757	28.760922	0	0	0	0	0	3
59	134	0	0.424982382	97086.4927	97080.4579	97051.593	97103.0757	28.8649697	0	0	0	0	0	3
60	136	0	0.432185473	97087.0605	97080.568	97051.593	97103.0757	28.9750123	0	0	0	0	0	3
61	138	0	0.439388564	97088.4363	97080.697	97051.593	97103.0757	29.1040015	0	0	0	0	0	3
62	141	0	0.446591655	97087.9737	97080.8143	97051.593	97103.0757	29.2213684	0	0	0	0	0	3
63	143	0	0.453794747	97087.8434	97080.9259	97051.593	97103.0757	29.3329404	0	0	0	0	0	3
64	145	0	0.460997838	97086.4945	97081.0129	97051.593	97103.0757	29.4199503	0	0	0	0	0	3
65	147	0	0.468200929	97086.1328	97081.0917	97051.593	97103.0757	29.4987174	0	0	0	0	0	3
66	149	0	0.47540402	97087.1324	97081.1832	97051.593	97103.0757	29.5902431	0	0	0	0	0	3
67	152	0	0.482607112	97084.2029	97081.2283	97051.593	97103.0757	29.6353132	0	0	0	0	0	3
68	154	0	0.489810203	97084.1905	97081.2718	97051.593	97103.0757	29.6788752	0	0	0	0	0	3
69	156	0	0.497013294	97084.5145	97081.3188	97051.593	97103.0757	29.725871	0	0	0	0	0	3
70	158	0	0.504216385	97084.8112	97081.3687	97051.593	97103.0757	29.7757619	0	0	0	0	0	3
71	160	0	0.511419476	97084.4253	97081.8378	97066.5116	97103.0757	22.7854809	0	0	0	0	0	3
72	162	0	0.518622568	97085.0672	97082.1028	97067.0377	97103.0757	20.3887415	0	0	0	0	0	3
73	164	0	0.525825659	97084.709	97082.3553	97067.6672	97103.0757	19.152924	0	0	0	0	0	3
74	167	0	0.53302875	97086.123	97082.6189	97068.0913	97103.0757	18.4387841	0	0	0	0	0	3
75	169	0	0.540231841	97085.7175	97082.8707	97068.4707	97103.0757	17.9754993	0	0	0	0	0	3
76	171	0	0.547434933	97084.6221	97083.1015	97068.8759	97103.0757	17.6375755	0	0	0	0	0	3
77	173	0	0.554638024	97085.1095	97083.3334	97069.2744	97103.0757	17.3931673	0	0	0	0	0	3
78	175	0	0.561841115	97085.4309	97083.5642	97069.6387	97103.0757	17.2130337	0	0	0	0	0	3
79	177	0	0.569044206	97084.8746	97083.7818	97069.9798	97103.0757	17.0678267	0	0	0	0	0	3
80	179	0	0.576247297	97085.6786	97084.0061	97070.3916	97103.0757	16.9577672	0	0	0	0	0	3
81	182	0	0.583450389	97086.7085	97084.2392	97070.822	97103.0757	16.876397	0	0	0	0	0	3
82	184	0	0.59065348	97085.1235	97084.4435	97071.2077	97103.0757	16.7849469	0	0	0	0	0	3
83	186	0	0.597856571	97086.4187	97084.6608	97071.5486	97103.0757	16.7243894	0	0	0	0	0	3
84	188	0	0.605059662	97086.6268	97084.8762	97071.8818	97103.0757	16.6767675	0	0	0	0	0	3
85	190	0	0.612262754	97085.5169	97085.071	97072.0867	97103.0757	16.6286036	0	0	0	0	0	3
86	192	0	0.619465845	97086.1139	97085.2714	97072.6889	97103.0757	16.5792016	0	0	0	0	0	3
87	194	0	0.626668936	97086.453	97085.468	97072.8038	97103.0757	16.5474083	0	0	0	0	0	3
88	197	0	0.633872027	97087.2904	97085.675	97073.1737	97103.0757	16.5305127	0	0	0	0	0	3
89	199	0	0.641075118	97084.9959	97085.8439	97073.3159	97103.0757	16.4903291	0	0	0	0	0	3
90	201	0	0.64827821	97085.136	97086.0126	97073.3159	97103.0757	16.4703599	0	0	0	0	0	3
91	203	0	0.655481301	97085.5431	97086.1873	97073.4483	97103.0757	16.449185	0	0	0	0	0	3
92	205	0	0.662684392	97085.5147	97086.3539	97073.4483	97103.0757	16.446915	0	0	0	0	0	3
93	208	0	0.669887483	97085.5926	97086.5249	97073.4483	97103.0757	16.4703598	0	0	0	0	0	3
94	210	0	0.677090574	97084.5887	97086.684	97073.7704	97103.0757	16.4763276	0	0	0	0	0	3
95	212	0	0.684293666	97083.7423	97086.8249	97073.7704	97103.0757	16.4801354	0	0	0	0	0	3
96	214	0	0.691496757	97083.9331	97086.9701	97074.409	97103.0757	16.4621382	0	0	0	0	0	3
97	216	0	0.698699848	97084.3961	97087.1078	97074.409	97103.0757	16.453409	0	0	0	0	0	3
98	218	0	0.705902939	97085.1444	97087.2583	97074.409	97103.0757	16.4388875	0	0	0	0	0	3
99	220	0	0.713106031	97085.4049	97087.4007	97074.409	97103.0757	16.4615969	0	0	0	0	0	3
100	223	0	0.720309122	97086.2775	97087.5702	97075.7766	97103.0757	16.4750984	0	0	0	0	0	3
101	227	0	0.727512213	97086.7259	97087.7267	97078.1315	97103.0757	16.4116315	0	0	0	0	0	3
102	230	0	0.734715304	97086.5667	97087.8472	97078.3555	97103.0757	16.3187852	0	0	0	0	0	3
103	232	0	0.741918395	97086.919	97087.9695	97080.6048	97103.0757	16.1741658	0	0	0	0	0	3
104	234	0	0.749121487	97087.7314	97088.0713	97083.2217	97103.0757	15.9495055	0	0	0	0	0	3
105	236	0	0.756324578	97088.4745	97088.1463	97083.7423	97103.0757	15.5749584	0	0	0	0	0	3
106	238	0	0.763527669	97088.4886	97088.1489	97083.7423	97103.0757	15.1041531	0	0	0	0	0	3
107	240	0	0.77073076	97088.7135	97088.1293	97083.7423	97103.0757	14.561602	0	0	0	0	0	3
108	242	0	0.777933852	97088.1261	97088.0502	97083.7423	97103.0757	13.9374215	0	0	0	0	0	3
109	244	0	0.785136943	97087.9851	97087.9082	97083.7423	97103.0757	13.2932749	0	0	0	0	0	3
110	246	0	0.792340034	97087.665	97087.7323	97083.7423	97103.0757	12.6208292	0	0	0	0	0	3
111	249	0	0.799543125	97088.1364	97087.5281	97083.7423	97103.0757	11.9649333	0	0	0	0	0	3
112	251	0	0.806746216	97087.6647	97087.308	97083.7423	97102.6124	11.3503191	0	0	0	0	0	3
113	253	0	0.813949308	97087.439	97087.0912	97083.7423	97101.6439	10.7856545	0	0	0	0	0	3
114	255	0	0.821152399	97085.9707	97086.8673	97083.7423	97098.4686	10.3166485	0	0	0	0	0	3
115	257	0	0.82835549	97084.0793	97086.6617	97083.7423	97094.3588	9.95737563	0	0	0	0	0	3
116	259	0	0.835558581	97083.4396	97086.5058	97083.4396	97093.0035	9.56384657	0	0	0	0	0	3
117	261	0	0.842761672	97083.0252	97086.3632	97083.0252	97090.1006	7.07541312	0	0	0	0	0	3
118	263	0	0.849964764	97083.0229	97086.2624	97083.0229	97090.1006	7.0777564	0	0	0	0	0	3
119	265	0	0.857167855	97082.6297	97086.1557	97082.6297	97089.6541	7.02433027	0	0	0	0	0	3
120	268	0	0.864370946	97082.0831	97086.0744	97082.0831	97089.6541	7.57100279	0	0	0	0	0	3
121	270	0	0.871574037	97081.856	97085.9758	97081.856	97089.6541	7.79803647	0	0	0	0	0	3
122	272	0	0.878777129	97082.0253	97085.9054	97081.856	97089.6541	7.79803647	0	0	0	0	0	3
123	274	0	0.88598022	97080.6276	97085.8106	97080.6276	97089.6541	8.35851087	0	0	0	0	0	3
124	276	0	0.893183311	97080.2022	97085.7001	97080.2022	97089.6541	8.20372457	0	0	0	0	0	3
125	278	0	0.900386402	97079.7636	97085.5781	97079.7636	97089.6541	8.03035197	0	0	0	0	0	3
126	280	0	0.907589493	97078.9643	97085.4253	97078.9643	97088.7135	7.90284078	0	0	0	0	0	3
127	282	0	0.914792585	97078.3939	97085.2969	97078.3939	97088.7135	7.7950521	0	0	0	0	0	3
128	285	0	0.921995676	97078.2967	97085.1797	97078.2967	97088.7135	7.6910044	0	0	0	0	0	3
129	287	0	0.929198767	97078.4786	97085.0652	97078.2967	97088.7135	7.58096183	0	0	0	0	0	3
130	289	0	0.936401858	97077.9485	97084.9351	97077.9485	97088.7135	7.45197263	0	0	0	0	0	3
131	291	0	0.94360495	97076.7974	97084.7688	97076.7974	97088.7135	7.33460575	0	0	0	0	0	3
132	293	0	0.950808041	97076.8969	97084.6105	97076.7974	97088.7135	7.22303375	0	0	0	0	0	3
133	295	0	0.958011132	97075.9404	97084.4405	97075.9404	97088.7135	7.13602379	0	0	0	0	0	3
134	298	0	0.965214223	97075.8275	97084.2881	97075.8275	97088.7135	7.05725672	0	0	0	0	0	3
135	300	0	0.972417314	97076.1464	97084.1455	97075.8275	97088.7135	6.96573096	0	0	0	0	0	3
136	302	0	0.979620406	97075.4145	97083.9781	97075.4145	97088.7135	6.92066091	0	0	0	0	0	3
137	304	0	0.986823497	97075.4571	97083.8531	97075.4145	97088.7135	6.87709891	0	0	0	0	0	3
138	306	0	0.994026588	97075.7146	97083.732	97075.4145	97088.7135	6.83010313	0	0	0	0	0	3
139	308	0	1.00122968	97075.7853	97083.6073	97075.4145	97088.7135	6.78021224	1.08114004	0	0	0	0	3
140	310	0	1.00843277	97074.5383	97083.4606	97074.5383	97088.7135	6.31117894	1.08114004	0	0	0	0	3
141	312	0	1.01563586	97074.6806	97083.3214	97074.5383	97088.7135	6.04609888	1.08114004	0	0	0	0	3
142	314	0	1.02283895	97073.9219	97083.1621	97073.9219	97088.7135	5.79365225	1.08114004	0	0	0	0	3
143	316	0	1.03004204	97073.947	97083.0084	97073.9219	97088.7135	5.52999755	1.08114004	0	0	0	0	3
144	318	0	1.03724514	97074.2215	97082.8384	97073.9219	97088.7135	5.31055171	1.08114004	0	0	0	0	3
145	320	0	1.04444823	97073.9138	97082.6698	97073.9138	97088.7135	5.47917503	1.08114004	0	0	0	0	3
146	322	0	1.05165132	97074.0641	97082.5189	97073.9138	97088.7135	5.63000395	1.08114004	0	0	0	0	3
147	325	0	1.05885441	97074.5765	97082.3685	97073.9138	97088.7135	5.7804761	1.08114004	0	0	0	0	3
148	327	0	1.0660575	97074.1018	97082.2066	97073.9138	97088.7135	5.94232052	1.08114004	0	0	0	0	3
149	329	0	1.07326059	97074.1373	97082.0532	97073.9138	97088.7135	6.09570997	1.08114004	0	0	0	0	3
150	331	0	1.08046368	97073.5217	97081.8796	97073.5217	97088.7135	6.26938098	1.08114004	0	0	0	0	3
151	333	0	1.08766677	97073.0586	97081.6846	97073.0586	97088.7135	6.46437849	1.08114004	0	0	0	0	3
152	335	0	1.09486987	97073.208	97081.5143	97073.0586	97088.7135	6.63459968	1.08114004	0	0	0	0	3
153	337	0	1.10207296	97073.5456	97081.3304	97073.0586	97088.7135	6.81850047	1.08114004	0	0	0	0	3
154	339	0	1.10927605	97073.3178	97081.1403	97073.0586	97088.7135	7.00862909	1.08114004	0	0	0	0	3
155	341	0	1.11647914	97073.5081	97080.9688	97073.0586	97088.7135	7.18018217	1.08114004	0	0	0	0	3
156	343	0	1.12368223	97074.2941	97080.7999	97073.0586	97088.7135	7.34903693	1.08114004	0	0	0	0	3
157	345	0	1.13088532	97073.3668	97080.613	97073.0586	97088.7135	7.53598304	1.08114004	0	0	0	0	3
158	347	0	1.13808841	97073.8971	97080.4216	97073.0586	97088.7135	7.72731616	1.08114004	0	0	0	0	3
159	349	0	1.1452915	97073.3857	97080.2558	97073.0586	97088.7135	7.89317616	1.08114004	0	0	0	0	3
160	351	0	1.15249459	97073.0647	97080.0833	97073.0586	97088.7135	8.06562254	1.08114004	0	0	0	0	3
161	353	0	1.15969769	97073.2103	97079.9071	97073.0586	97088.7135	8.24180433	1.08114004	0	0	0	0	3
162	356	0	1.16690078	97073.5752	97079.7366	97073.0586	97088.7135	8.41236909	1.08114004	0	0	0	0	3
163	358	0	1.17410387	97073.2908	97079.5608	97073.0586	97088.7135	8.58810839	1.08114004	0	0	0	0	3
164	360	0	1.18130696	97073.5394	97079.403	97073.0586	97088.7135	8.7459563	1.08114004	0	0	0	0	3
165	362	0	1.18851005	97073.7212	97079.2598	97073.0586	97088.7135	8.8891159	1.08114004	0	0	0	0	3
166	365	0	1.19571314	97074.0901	97079.1192	97073.0586	97088.7135	9.02972924	1.08114004	0	0	0	0	3
167	367	0	1.20291623	97074.1177	97078.9724	97073.0586	97088.7135	9.17656407	1.08114004	0	0	0	0	3
168	369	0	1.21011932	97073.4672	97078.8056	97073.0586	97088.7135	9.34338134	1.08114004	0	0	0	0	3
169	371	0	1.21732242	97073.6202	97078.6372	97073.0586	97088.7135	9.5117336	1.08114004	0	0	0	0	3
170	373	0	1.22452551	97073.2347	97078.4509	97073.0586	97088.7135	9.69806016	1.08114004	0	0	0	0	3
171	375	0	1.2317286	97073.3652	97078.26	97073.0586	97088.7135	9.88892766	1.08114004	0	0	0	0	3
172	377	0	1.23893169	97073.5248	97078.0737	97073.0586	97088.7135	10.0752399	1.08114004	0	0	0	0	3
173	379	0	1.24613478	97073.8128	97077.8865	97073.0586	97088.7135	10.2624711	1.08114004	0	0	0	0	3
174	381	0	1.25333787	97073.566	97077.6841	97073.0586	97088.7135	10.4648331	1.08114004	0	0	0	0	3
175	383	0	1.26054096	97073.7802	97077.4742	97073.0586	97088.7135	10.6747517	1.08114004	0	0	0	0	3
176	386	0	1.26774405	97074.0665	97077.2682	97073.0586	97088.7135	10.8611583	1.08114004	0	0	0	0	3
177	388	0	1.27494715	97074.578	97077.0662	97073.0586	97088.1364	10.9840148	1.08114004	0	0	0	0	3
178	390	0	1.28215024	97073.5425	97076.8579	97073.0586	97088.1364	11.0502776	1.08114004	0	0	0	0	3
179	392	0	1.28935333	97073.5206	97076.6512	97073.0586	97088.1364	11.0810232	1.08114004	0	0	0	0	3
180	394	0	1.29655642	97073.5733	97076.4499	97073.0586	97088.1364	11.0781976	1.08114004	0	0	0	0	3
181	397	0	1.30375951	97073.788	97076.245	97073.0586	97087.6647	11.0630175	1.08114004	0	0	0	0	3
182	399	0	1.3109626	97073.5403	97076.0432	97073.0586	97087.439	11.0480312	1.08114004	0	0	0	0	3
183	401	0	1.31816569	97073.6912	97075.8468	97073.0586	97085.9707	11.0205267	1.08114004	0	0	0	0	3
184	403	0	1.32536878	97073.9157	97075.6746	97073.0586	97084.0793	10.9871815	1.08114004	0	0	0	0	3
185	405	0	1.33257188	97074.2127	97075.5336	97073.0586	97083.4396	10.380988	1.08114004	0	0	0	0	3
186	408	0	1.33977497	97073.9719	97075.3984	97073.0586	97083.0252	9.96655656	1.08114004	0	0	0	0	3
187	410	0	1.34697806	97074.4113	97075.2753	97073.0586	97083.0229	9.96421328	1.08114004	0	0	0	0	3
188	413	0	1.35418115	97073.7161	97075.1424	97073.0586	97082.6297	9.57110896	1.08114004	0	0	0	0	3
189	415	0	1.36138424	97073.7323	97075.0152	97073.0586	97082.0831	9.02443644	1.08114004	0	0	0	0	3
190	417	0	1.36858733	97073.4127	97074.8914	97073.0586	97082.0253	8.96662556	1.08114004	0	0	0	0	3
191	419	0	1.37579042	97073.499	97074.772	97073.0586	97082.0253	8.96662556	1.08114004	0	0	0	0	3
192	421	0	1.38299351	97073.5937	97074.6515	97073.0586	97080.6276	7.5689259	1.08114004	0	0	0	0	3
193	423	0	1.39019661	97073.898	97074.5554	97073.0586	97080.2022	7.14357445	1.08114004	0	0	0	0	3
194	425	0	1.3973997	97073.6726	97074.4621	97073.0586	97079.7636	6.70500772	1.08114004	0	0	0	0	3
195	428	0	1.40460279	97073.8207	97074.3772	97073.0586	97078.9643	5.90563252	1.08114004	0	0	0	0	3
196	430	0	1.41180588	97074.3083	97074.3107	97073.0586	97078.4786	5.41993621	1.08114004	0	0	0	0	3
197	432	0	1.41900897	97073.7581	97074.2445	97073.0586	97078.4786	5.41993621	1.08114004	0	0	0	0	3
198	434	0	1.42621206	97073.2714	97074.1727	97073.0586	97078.4786	5.41993621	1.08114004	0	0	0	0	3
199	436	0	1.43341515	97073.3354	97074.0992	97073.0586	97077.9485	4.88988023	1.08114004	0	0	0	0	3
200	439	0	1.44061824	97073.4791	97074.0354	97073.0586	97076.8969	3.83821741	1.08114004	0	0	0	0	3
201	444	0	1.44782133	97073.6991	97073.9911	97073.0586	97076.8969	3.83821741	1.08114004	0	0	0	0	3
202	446	0	1.45502443	97073.4723	97073.9422	97073.0586	97076.1464	3.08779763	1.08114004	0	0	0	0	3
203	448	0	1.46222752	97073.6503	97073.9095	97073.0586	97076.1464	3.08779763	1.08114004	0	0	0	0	3
204	450	0	1.46943061	97073.929	97073.8824	97073.0586	97076.1464	3.08779763	1.08114004	0	0	0	0	3
205	452	0	1.4766337	97074.5092	97073.859	97073.0586	97075.7853	2.72669895	1.08114004	0	0	0	0	3
206	454	0	1.48383679	97073.4242	97073.8305	97073.0586	97075.7853	2.72669895	1.08114004	0	0	0	0	3
207	456	0	1.49103988	97073.4041	97073.8012	97073.0586	97075.7853	2.72669895	1.08114004	0	0	0	0	3
208	458	0	1.49824297	97073.4677	97073.7691	97073.0586	97075.7853	2.72669895	1.08114004	0	0	0	0	3
209	460	0	1.50544606	97073.7162	97073.7396	97073.0586	97074.6806	1.62200895	1.08114004	0	0	0	0	3
210	462	0	1.51264916	97073.417	97073.7235	97073.0586	97074.6806	1.62200895	1.08114004	0	0	0	0	3
211	464	0	1.51985225	97073.475	97073.7063	97073.0586	97074.578	1.51932408	1.08114004	0	0	0	0	3
212	466	0	1.52705534	97073.6862	97073.7029	97073.0586	97074.578	1.51932408	1.08114004	0	0	0	0	3
213	469	0	1.53425843	97074.0028	97073.7037	97073.0586	97074.578	1.51932408	1.08114004	0	0	0	0	3
214	471	0	1.54146152	97074.0029	97073.7006	97073.0586	97074.578	1.51932408	1.08114004	0	0	0	0	3
215	473	0	1.54866461	97073.3023	97073.6919	97073.0586	97074.578	1.51932408	1.08114004	0	0	0	0	3
216	476	0	1.5558677	97073.297	97073.6809	97073.0586	97074.578	1.51932408	1.08114004	0	0	0	0	3
217	478	0	1.56307079	97073.5382	97073.6661	97073.0586	97074.578	1.51932408	1.08114004	0	0	0	0	3
218	480	0	1.57027389	97073.3001	97073.6546	97073.0586	97074.578	1.51932408	1.08114004	0	0	0	0	3
219	482	0	1.57747698	97073.3521	97073.6434	97073.0586	97074.578	1.51932408	1.08114004	0	0	0	0	3
220	485	0	1.58468007	97073.598	97073.6445	97073.0586	97074.578	1.51932408	1.08114004	0	0	0	0	3
221	487	0	1.59188316	97073.9783	97073.6576	97073.0647	97074.578	1.51325667	1.08114004	0	0	0	0	3
222	489	0	1.59908625	97073.7749	97073.6657	97073.0647	97074.578	1.51325667	1.08114004	0	0	0	0	3
223	491	0	1.60628934	97074.2065	97073.6752	97073.0647	97074.578	1.51325667	1.08114004	0	0	0	0	3
224	493	0	1.61349243	97073.5337	97073.6783	97073.0647	97074.578	1.51325667	1.08114004	0	0	0	0	3
225	496	0	1.62069552	97073.666	97073.6805	97073.0647	97074.578	1.51325667	1.08114004	0	0	0	0	3
226	498	0	1.62789862	97073.2764	97073.666	97073.0647	97074.578	1.51325667	1.08114004	0	0	0	0	3
227	500	0	1.63510171	97073.361	97073.6659	97073.0647	97074.578	1.51325667	1.08114004	0	0	0	0	3
228	502	0	1.6423048	97073.4555	97073.6596	97073.0647	97074.578	1.51325667	1.08114004	0	0	0	0	3
229	504	0	1.64950789	97073.7652	97073.665	97073.0647	97074.578	1.51325667	1.08114004	0	0	0	0	3
230	506	0	1.65671098	97073.4729	97073.6708	97073.2103	97074.578	1.36761519	1.08114004	0	0	0	0	3
231	509	0	1.66391407	97074.0075	97073.6822	97073.2347	97074.578	1.34330424	1.08114004	0	0	0	0	3
232	511	0	1.67111716	97073.3085	97073.6784	97073.2347	97074.578	1.34330424	1.08114004	0	0	0	0	3
233	513	0	1.67832025	97073.42	97073.6803	97073.2347	97074.578	1.34330424	1.08114004	0	0	0	0	3
234	516	0	1.68552334	97073.1695	97073.675	97073.1695	97074.578	1.40849392	1.08114004	0	0	0	0	3
235	518	0	1.69272644	97073.2598	97073.6684	97073.1695	97074.578	1.40849392	1.08114004	0	0	0	0	3
236	520	0	1.69992953	97073.4037	97073.6586	97073.1695	97074.578	1.40849392	1.08114004	0	0	0	0	3
237	522	0	1.70713262	97073.7303	97073.6531	97073.1695	97074.578	1.40849392	1.08114004	0	0	0	0	3
238	524	0	1.71433571	97073.5446	97073.6542	97073.1695	97074.578	1.40849392	1.08114004	0	0	0	0	3
239	526	0	1.7215388	97073.9702	97073.6592	97073.1695	97074.578	1.40849392	1.08114004	0	0	0	0	3
240	528	0	1.72874189	97073.3052	97073.6602	97073.1695	97074.578	1.40849392	1.08114004	0	0	0	0	3
241	531	0	1.73594498	97073.4522	97073.6614	97073.1695	97074.578	1.40849392	1.08114004	0	0	0	0	3
242	534	0	1.74314807	97073.1903	97073.6566	97073.1695	97074.578	1.40849392	1.08114004	0	0	0	0	3
243	536	0	1.75035117	97073.2934	97073.6492	97073.1695	97074.578	1.40849392	1.08114004	0	0	0	0	3
244	538	0	1.75755426	97073.4859	97073.6481	97073.1695	97074.578	1.40849392	1.08114004	0	0	0	0	3
245	540	0	1.76475735	97073.7493	97073.6476	97073.1695	97074.578	1.40849392	1.08114004	0	0	0	0	3
246	543	0	1.77196044	97073.5806	97073.6407	97073.1695	97074.578	1.40849392	1.08114004	0	0	0	0	3
247	545	0	1.77916353	97074.0187	97073.6327	97073.1695	97074.5092	1.33970652	1.08114004	0	0	0	0	3
248	547	0	1.78636662	97073.3706	97073.6302	97073.1695	97074.5092	1.33970652	1.08114004	0	0	0	0	3
249	549	0	1.79356971	97073.4834	97073.6297	97073.1695	97074.5092	1.33970652	1.08114004	0	0	0	0	3
250	552	0	1.8007728	97073.1567	97073.6238	97073.1567	97074.5092	1.35245981	1.08114004	0	0	0	0	3
251	554	0	1.8079759	97073.1876	97073.6152	97073.1567	97074.5092	1.35245981	1.08114004	0	0	0	0	3
252	556	0	1.81517899	97073.3499	97073.6125	97073.1567	97074.5092	1.35245981	1.08114004	0	0	0	0	3
253	558	0	1.82238208	97073.597	97073.6111	97073.1567	97074.5092	1.35245981	1.08114004	0	0	0	0	3
254	560	0	1.82958517	97073.3595	97073.6032	97073.1567	97074.5092	1.35245981	1.08114004	0	0	0	0	3
255	563	0	1.83678826	97073.8033	97073.5973	97073.1567	97074.5092	1.35245981	1.08114004	0	0	0	0	3
256	565	0	1.84399135	97073.1482	97073.5856	97073.1482	97074.5092	1.36093133	1.08114004	0	0	0	0	3
257	567	0	1.85119444	97073.1182	97073.5671	97073.1182	97074.5092	1.39101132	1.08114004	0	0	0	0	3
258	569	0	1.85839753	97073.4353	97073.5631	97073.1182	97074.5092	1.39101132	1.08114004	0	0	0	0	3
259	571	0	1.86560063	97073.1549	97073.5548	97073.1182	97074.5092	1.33656564	1.08114004	0	0	0	0	3
260	573	0	1.87280372	97073.2894	97073.5531	97073.1182	97074.5092	1.21894093	1.08114004	0	0	0	0	3
261	575	0	1.88000681	97073.4348	97073.5521	97073.1182	97074.5092	1.09940708	1.08114004	0	0	0	0	3
262	578	0	1.8872099	97073.6399	97073.5528	97073.1182	97074.5092	1.00327069	1.08114004	0	0	0	0	3
263	580	0	1.89441299	97074.2956	97073.5585	97073.1182	97074.5092	0.909990982	1.08114004	0	0	0	0	3
264	583	0	1.90161608	97073.1787	97073.5514	97073.1182	97074.5092	0.825808142	1.08114004	0	0	0	0	3
265	585	0	1.90881917	97073.191	97073.5424	97073.1182	97074.5092	0.768289982	1.08114004	0	0	0	0	3
266	587	0	1.91602226	97073.2641	97073.5275	97073.1182	97074.5092	0.716982092	1.08114004	0	0	0	0	3
267	590	0	1.92322536	97073.3768	97073.5221	97073.1182	97074.5092	0.650639277	1.08114004	0	0	0	0	3
268	592	0	1.93042845	97073.6777	97073.5279	97073.1182	97074.5092	0.577164669	1.08114004	0	0	0	0	3
269	594	0	1.93763154	97073.4212	97073.5291	97073.1182	97074.5092	0.5133162	1.08114004	0	0	0	0	3
270	596	0	1.94483463	97073.5765	97073.5305	97073.1182	97074.5092	0.469054696	1.08114004	0	0	0	0	3
271	598	0	1.95203772	97074.035	97073.5353	97073.1182	97074.5092	0.420132999	1.08114004	0	0	0	0	3
272	601	0	1.95924081	97073.287	97073.5326	97073.1182	97074.5092	0.387417633	1.08114004	0	0	0	0	3
273	603	0	1.9664439	97073.4105	97073.5292	97073.1182	97074.5092	0.360295925	1.08114004	0	0	0	0	3
274	605	0	1.97364699	97073.0922	97073.5173	97073.0922	97074.5092	0.341712791	1.08114004	0	0	0	0	3
275	607	0	1.98085008	97073.1915	97073.4984	97073.0922	97074.2956	0.332104135	1.08114004	0	0	0	0	3
276	609	0	1.98805318	97073.3282	97073.4971	97073.0922	97074.2956	0.304146266	1.08114004	0	0	0	0	3
277	611	0	1.99525627	97073.5001	97073.4984	97073.0922	97074.2956	0.272047267	1.08114004	0	0	0	0	3
278	613	0	2.00245936	97073.8155	97073.5034	97073.0922	97074.2956	0.242488101	1.08114004	0	0	0	0	3
279	616	0	2.00966245	97073.9263	97073.5064	97073.0922	97074.2956	0.226468381	1.08114004	0	0	0	0	3
280	618	0	2.01686554	97073.2131	97073.5035	97073.0922	97074.2956	0.209244886	1.08114004	0	0	0	0	3
281	620	0	2.02406863	97073.2411	97073.5002	97073.0922	97074.2956	0.206673697	1.08114004	0	0	0	0	3
282	622	0	2.03127172	97073.3256	97073.495	97073.0922	97074.2956	0.208735557	1.08114004	0	0	0	0	3
283	624	0	2.03847481	97073.5745	97073.4889	97073.0922	97074.2956	0.211730447	1.08114004	0	0	0	0	3
284	627	0	2.04567791	97073.2559	97073.4782	97073.0922	97074.2956	0.213666481	1.08114004	0	0	0	0	3
285	629	0	2.052881	97073.4175	97073.4799	97073.0922	97074.2956	0.204021426	1.08114004	0	0	0	0	3
286	632	0	2.06008409	97073.5689	97073.4837	97073.0922	97074.2956	0.204021426	1.08114004	0	0	0	0	3
287	634	0	2.06728718	97074.0037	97073.4904	97073.0922	97074.2956	0.204021426	1.08114004	0	0	0	0	3
288	637	0	2.07449027	97073.4823	97073.493	97073.0922	97074.2956	0.204021426	1.08114004	0	0	0	0	3
289	639	0	2.08169336	97073.0032	97073.488	97073.0032	97074.2956	0.204021426	1.08114004	0	0	0	0	3
290	641	0	2.08889645	97073.0383	97073.48	97073.0032	97074.2956	0.204021426	1.08114004	0	0	0	0	3
291	643	0	2.09609954	97073.0994	97073.4675	97073.0032	97074.2956	0.214773135	1.08114004	0	0	0	0	3
292	645	0	2.10330264	97073.2093	97073.4594	97073.0032	97074.2956	0.222853334	1.08114004	0	0	0	0	3
293	647	0	2.11050573	97073.535	97073.4498	97073.0032	97074.2956	0.232446185	1.08114004	0	0	0	0	3
294	650	0	2.11770882	97073.3005	97073.4465	97073.0032	97074.2956	0.235778657	1.08114004	0	0	0	0	3
295	652	0	2.12491191	97073.7262	97073.4473	97073.0032	97074.2956	0.235778657	1.08114004	0	0	0	0	3
296	654	0	2.132115	97073.0593	97073.4442	97073.0032	97074.2956	0.238020024	1.08114004	0	0	0	0	3
297	656	0	2.13931809	97073.0203	97073.4393	97073.0032	97074.2956	0.24288685	1.08114004	0	0	0	0	3
298	658	0	2.14652118	97073.2147	97073.4359	97073.0032	97074.2956	0.246326517	1.08114004	0	0	0	0	3
299	660	0	2.15372427	97072.9068	97073.4236	97072.9068	97074.2956	0.258589926	1.08114004	0	0	0	0	3
300	663	0	2.16092737	97073.0316	97073.4173	97072.9068	97074.2956	0.264894983	1.08114004	0	0	0	0	3
301	668	0	2.16813046	97073.2058	97073.4059	97072.9068	97074.2956	0.274382779	1.08114004	0	0	0	0	3
302	670	0	2.17533355	97073.3525	97073.4065	97072.9068	97074.2956	0.274382779	1.08114004	0	0	0	0	3
303	672	0	2.18253664	97073.9907	97073.4147	97072.9068	97074.2956	0.269098491	1.08114004	0	0	0	0	3
304	674	0	2.18973973	97072.8653	97073.4103	97072.8653	97074.2956	0.262507665	1.08114004	0	0	0	0	3
305	676	0	2.19694282	97072.8617	97073.4046	97072.8617	97074.2956	0.256774276	1.08114004	0	0	0	0	3
306	678	0	2.20414591	97072.9963	97073.3988	97072.8617	97074.2956	0.262594248	1.08114004	0	0	0	0	3
307	680	0	2.211349	97073.106	97073.3899	97072.8617	97074.2956	0.271511638	1.08114004	0	0	0	0	3
308	682	0	2.2185521	97073.3845	97073.3876	97072.8617	97074.2956	0.273799134	1.08114004	0	0	0	0	3
309	684	0	2.22575519	97073.1674	97073.3761	97072.8617	97074.2956	0.285267994	1.08114004	0	0	0	0	3
310	686	0	2.23295828	97073.376	97073.3772	97072.8617	97074.2956	0.285267994	1.08114004	0	0	0	0	3
311	689	0	2.24016137	97073.8536	97073.3829	97072.8617	97074.2956	0.280488753	1.08114004	0	0	0	0	3
312	691	0	2.24736446	97073.1629	97073.3825	97072.8617	97074.2956	0.273068794	1.08114004	0	0	0	0	3
313	693	0	2.25456755	97073.272	97073.3822	97072.8617	97074.2956	0.271923258	1.08114004	0	0	0	0	3
314	695	0	2.26177064	97072.8873	97073.3736	97072.8617	97074.2956	0.273983238	1.08114004	0	0	0	0	3
315	697	0	2.26897373	97072.9671	97073.3625	97072.8617	97074.2956	0.278217199	1.08114004	0	0	0	0	3
316	700	0	2.27617682	97073.109	97073.3557	97072.8617	97074.2956	0.276965094	1.08114004	0	0	0	0	3
317	702	0	2.28337992	97073.2409	97073.3446	97072.8617	97074.2956	0.28561966	1.08114004	0	0	0	0	3
318	704	0	2.29058301	97073.6075	97073.348	97072.8617	97074.2956	0.285088814	1.08114004	0	0	0	0	3
319	707	0	2.2977861	97073.6605	97073.3505	97072.8617	97074.2956	0.279137909	1.08114004	0	0	0	0	3
320	709	0	2.30498919	97072.9527	97073.3476	97072.8617	97074.2956	0.270560831	1.08114004	0	0	0	0	3
321	712	0	2.31219228	97072.8939	97073.3434	97072.8617	97074.2956	0.269036486	1.08114004	0	0	0	0	3
322	714	0	2.31939537	97072.9464	97073.3377	97072.8617	97074.2956	0.273455817	1.08114004	0	0	0	0	3
323	716	0	2.32659846	97073.1972	97073.3319	97072.8617	97074.2956	0.271221932	1.08114004	0	0	0	0	3
324	718	0	2.33380155	97072.8966	97073.3253	97072.8617	97074.2956	0.271986128	1.08114004	0	0	0	0	3
325	721	0	2.34100465	97073.027	97073.3142	97072.8617	97074.2956	0.271310897	1.08114004	0	0	0	0	3
326	723	0	2.34820774	97073.1674	97073.3145	97072.8617	97074.2956	0.252837306	1.08114004	0	0	0	0	3
327	725	0	2.35541083	97073.3919	97073.3184	97072.8617	97074.2956	0.24882534	1.08114004	0	0	0	0	3
328	727	0	2.36261392	97073.999	97073.3265	97072.8617	97074.2956	0.244238575	1.08114004	0	0	0	0	3
329	729	0	2.36981701	97072.9409	97073.3234	97072.8617	97074.2956	0.244238575	1.08114004	0	0	0	0	3
330	732	0	2.3770201	97072.9356	97073.3184	97072.8617	97074.2956	0.244238575	1.08114004	0	0	0	0	3
331	734	0	2.38422319	97073.0111	97073.3123	97072.8617	97074.2956	0.246166194	1.08114004	0	0	0	0	3
332	736	0	2.39142628	97073.0826	97073.3044	97072.8617	97074.2956	0.254128411	1.08114004	0	0	0	0	3
333	738	0	2.39862938	97073.3821	97073.2913	97072.8617	97074.035	0.260123064	1.08114004	0	0	0	0	3
334	740	0	2.40583247	97073.1661	97073.2911	97072.8617	97074.035	0.251307558	1.08114004	0	0	0	0	3
335	742	0	2.41303556	97073.4108	97073.2943	97072.8617	97074.035	0.244164187	1.08114004	0	0	0	0	3
336	744	0	2.42023865	97073.81	97073.3021	97072.8617	97074.035	0.244164187	1.08114004	0	0	0	0	3
337	747	0	2.42744174	97073.1428	97073.2987	97072.8617	97074.035	0.244164187	1.08114004	0	0	0	0	3
338	749	0	2.43464483	97073.2124	97073.2921	97072.8617	97074.035	0.244164187	1.08114004	0	0	0	0	3
339	752	0	2.44184792	97072.8383	97073.2837	97072.8383	97074.035	0.251543464	1.08114004	0	0	0	0	3
340	754	0	2.44905101	97072.9237	97073.2744	97072.8383	97074.035	0.260869758	1.08114004	0	0	0	0	3
341	756	0	2.45625411	97073.013	97073.2598	97072.8383	97074.0037	0.272821989	1.08114004	0	0	0	0	3
342	758	0	2.4634572	97073.1102	97073.2573	97072.8383	97074.0037	0.271922456	1.08114004	0	0	0	0	3
343	760	0	2.47066029	97073.4143	97073.2573	97072.8383	97074.0037	0.259968616	1.08114004	0	0	0	0	3
344	762	0	2.47786338	97073.1709	97073.2585	97072.8383	97074.0037	0.249115326	1.08114004	0	0	0	0	3
345	765	0	2.48506647	97073.4149	97073.2617	97072.8383	97074.0037	0.249115326	1.08114004	0	0	0	0	3
346	767	0	2.49226956	97073.8255	97073.2688	97072.8383	97074.0037	0.249115326	1.08114004	0	0	0	0	3
347	770	0	2.49947265	97073.2096	97073.2646	97072.8383	97074.0037	0.249115326	1.08114004	0	0	0	0	3
348	772	0	2.50667574	97073.3041	97073.2573	97072.8383	97074.0037	0.249115326	1.08114004	0	0	0	0	3
349	774	0	2.51387883	97072.9207	97073.2429	97072.8383	97074.0037	0.260551995	1.08114004	0	0	0	0	3
350	777	0	2.52108193	97072.9784	97073.2396	97072.8383	97074.0037	0.26056435	1.08114004	0	0	0	0	3
351	779	0	2.52828502	97073.0956	97073.2375	97072.8383	97074.0037	0.257492477	1.08114004	0	0	0	0	3
352	781	0	2.53548811	97073.2165	97073.2359	97072.8383	97074.0037	0.257043705	1.08114004	0	0	0	0	3
353	783	0	2.5426912	97073.5077	97073.235	97072.8383	97074.0037	0.257998932	1.08114004	0	0	0	0	3
354	785	0	2.54989429	97073.2398	97073.2348	97072.8383	97074.0037	0.258228262	1.08114004	0	0	0	0	3
355	787	0	2.55709738	97073.4542	97073.2353	97072.8383	97074.0037	0.258228262	1.08114004	0	0	0	0	3
356	791	0	2.56430047	97073.8403	97073.2392	97072.8383	97074.0037	0.258228262	1.08114004	0	0	0	0	3
357	793	0	2.57150356	97073.2146	97073.2279	97072.8383	97073.999	0.265098852	1.08114004	0	0	0	0	3
358	795	0	2.57870666	97073.3066	97073.2254	97072.8383	97073.999	0.262623793	1.08114004	0	0	0	0	3
359	797	0	2.58590975	97072.8811	97073.2236	97072.8383	97073.999	0.256372965	1.08114004	0	0	0	0	3
360	800	0	2.59311284	97072.9029	97073.2217	97072.8383	97073.999	0.245752122	1.08114004	0	0	0	0	3
361	802	0	2.60031593	97072.9833	97073.22	97072.8383	97073.999	0.239330482	1.08114004	0	0	0	0	3
362	804	0	2.60751902	97073.1134	97073.2187	97072.8383	97073.999	0.231108312	1.08114004	0	0	0	0	3
363	806	0	2.61472211	97073.4236	97073.2171	97072.8383	97073.999	0.230226597	1.08114004	0	0	0	0	3
364	808	0	2.6219252	97073.18	97073.2154	97072.8383	97073.999	0.231947527	1.08114004	0	0	0	0	3
365	810	0	2.62912829	97073.3996	97073.2107	97072.8383	97073.999	0.233511099	1.08114004	0	0	0	0	3
366	812	0	2.63633139	97073.8811	97073.2224	97072.8383	97073.999	0.228644273	1.08114004	0	0	0	0	3
367	814	0	2.64353448	97073.1238	97073.2239	97072.8383	97073.999	0.225204606	1.08114004	0	0	0	0	3
368	817	0	2.65073757	97073.2922	97073.225	97072.8383	97073.999	0.212941197	1.08114004	0	0	0	0	3
369	819	0	2.65794066	97072.9643	97073.2258	97072.8383	97073.999	0.20663614	1.08114004	0	0	0	0	3
370	822	0	2.66514375	97073.0498	97073.2261	97072.8383	97073.999	0.203965473	1.08114004	0	0	0	0	3
371	824	0	2.67234684	97073.2046	97073.2261	97072.8383	97073.999	0.203965473	1.08114004	0	0	0	0	3
372	826	0	2.67954993	97073.3695	97073.2263	97072.8383	97073.999	0.203965473	1.08114004	0	0	0	0	3
373	828	0	2.68675302	97073.7345	97073.2227	97072.8383	97073.999	0.199619872	1.08114004	0	0	0	0	3
374	830	0	2.69395612	97073.8249	97073.2364	97072.8383	97073.999	0.193932603	1.08114004	0	0	0	0	3
375	832	0	2.70115921	97073.052	97073.2391	97072.8383	97073.999	0.18811263	1.08114004	0	0	0	0	3
376	834	0	2.7083623	97073.01	97073.2393	97072.8383	97073.999	0.17919524	1.08114004	0	0	0	0	3
377	837	0	2.71556539	97073.0719	97073.2388	97072.8383	97073.999	0.176907744	1.08114004	0	0	0	0	3
378	839	0	2.72276848	97073.3244	97073.238	97072.8383	97073.999	0.172184245	1.08114004	0	0	0	0	3
379	842	0	2.72997157	97073.0569	97073.2364	97072.8383	97073.999	0.172184245	1.08114004	0	0	0	0	3
380	845	0	2.73717466	97073.2312	97073.2343	97072.8383	97073.999	0.172184245	1.08114004	0	0	0	0	3
381	847	0	2.74437775	97073.446	97073.2285	97072.8383	97073.999	0.171793739	1.08114004	0	0	0	0	3
382	849	0	2.75158085	97073.9784	97073.2401	97072.8383	97073.999	0.171488016	1.08114004	0	0	0	0	3
383	851	0	2.75878394	97073.4021	97073.242	97072.8383	97073.999	0.162937732	1.08114004	0	0	0	0	3
384	854	0	2.76598703	97072.9578	97073.243	97072.8383	97073.999	0.151763632	1.08114004	0	0	0	0	3
385	856	0	2.77319012	97073.0335	97073.2439	97072.8383	97073.999	0.145025586	1.08114004	0	0	0	0	3
386	858	0	2.78039321	97073.1543	97073.2446	97072.8383	97073.999	0.139829503	1.08114004	0	0	0	0	3
387	860	0	2.7875963	97073.2819	97073.2452	97072.8383	97073.999	0.139829503	1.08114004	0	0	0	0	3
388	862	0	2.79479939	97073.5694	97073.2446	97072.8383	97073.999	0.139829503	1.08114004	0	0	0	0	3
389	864	0	2.80200248	97073.3323	97073.2399	97072.8383	97073.999	0.136915652	1.08114004	0	0	0	0	3
390	867	0	2.80920557	97073.8654	97073.253	97072.8383	97073.999	0.132720628	1.08114004	0	0	0	0	3
391	869	0	2.81640867	97073.1147	97073.2561	97072.8383	97073.999	0.126956452	1.08114004	0	0	0	0	3
392	871	0	2.82361176	97073.0796	97073.258	97072.8383	97073.999	0.121245075	1.08114004	0	0	0	0	3
393	873	0	2.83081485	97073.3419	97073.2601	97072.8383	97073.999	0.115778272	1.08114004	0	0	0	0	3
394	876	0	2.83801794	97073.0321	97073.262	97072.8383	97073.999	0.115778272	1.08114004	0	0	0	0	3
395	878	0	2.84522103	97073.1764	97073.2642	97072.8383	97073.999	0.115778272	1.08114004	0	0	0	0	3
