Iteration	CPUTime	PhysTime	Travels	Value	AvValue	MinValue	MaxValue	Delta	Criteria	PrevAvRefValue	Progress	CriteriaType	CriteriaVarType	CriteriaPercentage
1	13	0	0.00720309122	293.15	293.15	293.15	293.15	0	0	0	0	0	0	3
2	15	0	0.0144061824	293.15	293.15	293.15	293.15	5.25915311e-10	0	0	0	0	0	3
3	17	0	0.0216092737	293.15	293.15	293.15	293.15	1.23401378e-09	0	0	0	0	0	3
4	19	0	0.0288123649	293.15	293.15	293.15	293.15	2.29420039e-09	0	0	0	0	0	3
5	20	0	0.0360154561	293.15	293.15	293.15	293.15	3.24291705e-09	0	0	0	0	0	3
6	22	0	0.0432185473	293.15	293.15	293.15	293.15	4.44191528e-09	0	0	0	0	0	3
7	24	0	0.0504216385	293.15	293.15	293.15	293.15	5.84179816e-09	0	0	0	0	0	3
8	26	0	0.0576247297	293.15	293.15	293.15	293.15	7.61787078e-09	0	0	0	0	0	3
9	27	0	0.064827821	293.15	293.15	293.15	293.15	9.68094582e-09	0	0	0	0	0	3
10	29	0	0.0720309122	293.15	293.15	293.15	293.15	1.21133326e-08	0	0	0	0	0	3
11	31	0	0.0792340034	293.15	293.15	293.15	293.15	1.54265081e-08	0	0	0	0	0	3
12	33	0	0.0864370946	293.15	293.15	293.15	293.15	1.95819325e-08	0	0	0	0	0	3
13	35	0	0.0936401858	293.15	293.15	293.15	293.15	2.43898057e-08	0	0	0	0	0	3
14	37	0	0.100843277	293.15	293.15	293.15	293.15	2.96540179e-08	0	0	0	0	0	3
15	39	0	0.108046368	293.15	293.15	293.15	293.15	3.51536187e-08	0	0	0	0	0	3
16	41	0	0.115249459	293.15	293.15	293.15	293.15	4.13307362e-08	0	0	0	0	0	3
17	43	0	0.122452551	293.15	293.15	293.15	293.15	4.80171138e-08	0	0	0	0	0	3
18	45	0	0.129655642	293.15	293.15	293.15	293.15	5.52052484e-08	0	0	0	0	0	3
19	47	0	0.136858733	293.15	293.15	293.15	293.15	6.29489136e-08	0	0	0	0	0	3
20	49	0	0.144061824	293.15	293.15	293.15	293.15	7.13453119e-08	0	0	0	0	0	3
21	51	0	0.151264916	293.15	293.15	293.15	293.15	8.17125851e-08	0	0	0	0	0	3
22	53	0	0.158468007	293.15	293.15	293.15	293.15	9.42189899e-08	0	0	0	0	0	3
23	55	0	0.165671098	293.15	293.15	293.15	293.15	1.08913866e-07	0	0	0	0	0	3
24	57	0	0.172874189	293.15	293.15	293.15	293.15	1.25712916e-07	0	0	0	0	0	3
25	59	0	0.18007728	293.150001	293.15	293.15	293.150001	1.44418266e-07	0	0	0	0	0	3
26	61	0	0.187280372	293.150001	293.15	293.15	293.150001	1.67022336e-07	0	0	0	0	0	3
27	63	0	0.194483463	293.150001	293.15	293.15	293.150001	1.9305412e-07	0	0	0	0	0	3
28	65	0	0.201686554	293.150001	293.15	293.15	293.150001	2.22148003e-07	0	0	0	0	0	3
29	67	0	0.208889645	293.150001	293.15	293.15	293.150001	2.53981e-07	0	0	0	0	0	3
30	69	0	0.216092737	293.150001	293.15	293.15	293.150001	2.88340743e-07	0	0	0	0	0	3
31	72	0	0.223295828	293.150002	293.15	293.15	293.150002	3.27941962e-07	0	0	0	0	0	3
32	74	0	0.230498919	293.150002	293.15	293.15	293.150002	3.7270263e-07	0	0	0	0	0	3
33	76	0	0.23770201	293.150002	293.15	293.15	293.150002	4.22537255e-07	0	0	0	0	0	3
34	78	0	0.244905101	293.150002	293.15	293.15	293.150002	4.7739104e-07	0	0	0	0	0	3
35	80	0	0.252108193	293.150003	293.150001	293.15	293.150003	5.37223627e-07	0	0	0	0	0	3
36	83	0	0.259311284	293.150003	293.150001	293.15	293.150003	6.06921162e-07	0	0	0	0	0	3
37	85	0	0.266514375	293.150004	293.150001	293.15	293.150004	6.86159126e-07	0	0	0	0	0	3
38	87	0	0.273717466	293.150004	293.150001	293.15	293.150004	7.74630394e-07	0	0	0	0	0	3
39	89	0	0.280920557	293.150005	293.150001	293.15	293.150005	8.71961561e-07	0	0	0	0	0	3
40	91	0	0.288123649	293.150005	293.150001	293.15	293.150005	9.77770753e-07	0	0	0	0	0	3
41	94	0	0.29532674	293.150006	293.150001	293.15	293.150006	1.09870444e-06	0	0	0	0	0	3
42	96	0	0.302529831	293.150007	293.150001	293.15	293.150007	1.23395944e-06	0	0	0	0	0	3
43	98	0	0.309732922	293.150008	293.150001	293.15	293.150008	1.38250994e-06	0	0	0	0	0	3
44	100	0	0.316936014	293.150008	293.150002	293.15	293.150008	1.54356263e-06	0	0	0	0	0	3
45	103	0	0.324139105	293.150009	293.150002	293.15	293.150009	1.71668643e-06	0	0	0	0	0	3
46	105	0	0.331342196	293.15001	293.150002	293.15	293.15001	1.90158238e-06	0	0	0	0	0	3
47	107	0	0.338545287	293.150011	293.150002	293.15	293.150011	2.09796366e-06	0	0	0	0	0	3
48	110	0	0.345748378	293.150012	293.150002	293.15	293.150012	2.305473e-06	0	0	0	0	0	3
49	112	0	0.35295147	293.150013	293.150003	293.15	293.150013	2.52353368e-06	0	0	0	0	0	3
50	114	0	0.360154561	293.150014	293.150003	293.15	293.150014	2.75156526e-06	0	0	0	0	0	3
51	116	0	0.367357652	293.150015	293.150003	293.15	293.150015	2.98892076e-06	0	0	0	0	0	3
52	118	0	0.374560743	293.150016	293.150003	293.15	293.150016	3.23487575e-06	0	0	0	0	0	3
53	121	0	0.381763835	293.150017	293.150003	293.15	293.150017	3.48872226e-06	0	0	0	0	0	3
54	123	0	0.388966926	293.150018	293.150004	293.15	293.150018	3.74981443e-06	0	0	0	0	0	3
55	125	0	0.396170017	293.150018	293.150004	293.15	293.150018	4.01755671e-06	0	0	0	0	0	3
56	127	0	0.403373108	293.150019	293.150004	293.15	293.150019	4.29135957e-06	0	0	0	0	0	3
57	129	0	0.410576199	293.15002	293.150005	293.15	293.15002	4.57072241e-06	0	0	0	0	0	3
58	132	0	0.417779291	293.150021	293.150005	293.15	293.150021	4.85518058e-06	0	0	0	0	0	3
59	134	0	0.424982382	293.150022	293.150005	293.15	293.150022	5.1442625e-06	0	0	0	0	0	3
60	136	0	0.432185473	293.150023	293.150005	293.15	293.150023	5.43766186e-06	0	0	0	0	0	3
61	138	0	0.439388564	293.150024	293.150006	293.15	293.150024	5.73516695e-06	0	0	0	0	0	3
62	141	0	0.446591655	293.150024	293.150006	293.15	293.150024	6.03661687e-06	0	0	0	0	0	3
63	143	0	0.453794747	293.150025	293.150006	293.15	293.150025	6.3419144e-06	0	0	0	0	0	3
64	145	0	0.460997838	293.150026	293.150007	293.15	293.150026	6.65092278e-06	0	0	0	0	0	3
65	147	0	0.468200929	293.150027	293.150007	293.15	293.150027	6.96348087e-06	0	0	0	0	0	3
66	149	0	0.47540402	293.150028	293.150007	293.15	293.150028	7.27937186e-06	0	0	0	0	0	3
67	152	0	0.482607112	293.150029	293.150008	293.15	293.150029	7.59834319e-06	0	0	0	0	0	3
68	154	0	0.489810203	293.150029	293.150008	293.15	293.150029	7.9201053e-06	0	0	0	0	0	3
69	156	0	0.497013294	293.15003	293.150008	293.15	293.15003	8.24431805e-06	0	0	0	0	0	3
70	158	0	0.504216385	293.150031	293.150009	293.15	293.150031	8.57063611e-06	0	0	0	0	0	3
71	160	0	0.511419476	293.150032	293.150009	293.15	293.150032	9.02532901e-06	0	0	0	0	0	3
72	162	0	0.518622568	293.150033	293.150009	293.15	293.150033	9.49069789e-06	0	0	0	0	0	3
73	164	0	0.525825659	293.150033	293.15001	293.15	293.150033	9.9663398e-06	0	0	0	0	0	3
74	167	0	0.53302875	293.150034	293.15001	293.15	293.150034	1.04524825e-05	0	0	0	0	0	3
75	169	0	0.540231841	293.150035	293.150011	293.15	293.150035	1.09485699e-05	0	0	0	0	0	3
76	171	0	0.547434933	293.150036	293.150011	293.15	293.150036	1.14544352e-05	0	0	0	0	0	3
77	173	0	0.554638024	293.150036	293.150012	293.15	293.150036	1.19697149e-05	0	0	0	0	0	3
78	175	0	0.561841115	293.150037	293.150012	293.15	293.150037	1.24943003e-05	0	0	0	0	0	3
79	177	0	0.569044206	293.150038	293.150013	293.15	293.150038	1.30279405e-05	0	0	0	0	0	3
80	179	0	0.576247297	293.150038	293.150014	293.15	293.150038	1.35699485e-05	0	0	0	0	0	3
81	182	0	0.583450389	293.150039	293.150014	293.15	293.150039	1.4120127e-05	0	0	0	0	0	3
82	184	0	0.59065348	293.150039	293.150015	293.15	293.150039	1.46784855e-05	0	0	0	0	0	3
83	186	0	0.597856571	293.15004	293.150015	293.15	293.15004	1.5245074e-05	0	0	0	0	0	3
84	188	0	0.605059662	293.150041	293.150016	293.15	293.150041	1.58199751e-05	0	0	0	0	0	3
85	190	0	0.612262754	293.150041	293.150016	293.15	293.150041	1.64027412e-05	0	0	0	0	0	3
86	192	0	0.619465845	293.150042	293.150017	293.15	293.150042	1.69933496e-05	0	0	0	0	0	3
87	194	0	0.626668936	293.150043	293.150018	293.15	293.150043	1.75917731e-05	0	0	0	0	0	3
88	197	0	0.633872027	293.150043	293.150018	293.15	293.150043	1.81978769e-05	0	0	0	0	0	3
89	199	0	0.641075118	293.150044	293.150019	293.15	293.150044	1.88114698e-05	0	0	0	0	0	3
90	201	0	0.64827821	293.150044	293.150019	293.15	293.150044	1.94311253e-05	0	0	0	0	0	3
91	203	0	0.655481301	293.150045	293.15002	293.15	293.150045	2.00561578e-05	0	0	0	0	0	3
92	205	0	0.662684392	293.150045	293.150021	293.15	293.150045	2.06863051e-05	0	0	0	0	0	3
93	208	0	0.669887483	293.150046	293.150021	293.15	293.150046	2.13214687e-05	0	0	0	0	0	3
94	210	0	0.677090574	293.150047	293.150022	293.150001	293.150047	2.19616905e-05	0	0	0	0	0	3
95	212	0	0.684293666	293.150047	293.150023	293.150001	293.150047	2.26048729e-05	0	0	0	0	0	3
96	214	0	0.691496757	293.150048	293.150023	293.150001	293.150048	2.32505727e-05	0	0	0	0	0	3
97	216	0	0.698699848	293.150048	293.150024	293.150001	293.150048	2.38990531e-05	0	0	0	0	0	3
98	218	0	0.705902939	293.150049	293.150025	293.150001	293.150049	2.45505366e-05	0	0	0	0	0	3
99	220	0	0.713106031	293.150049	293.150025	293.150001	293.150049	2.52051481e-05	0	0	0	0	0	3
100	223	0	0.720309122	293.15005	293.150026	293.150002	293.15005	2.58600694e-05	0	0	0	0	0	3
101	227	0	0.727512213	293.15005	293.150027	293.150002	293.15005	2.65140147e-05	0	0	0	0	0	3
102	230	0	0.734715304	293.150051	293.150028	293.150002	293.150051	2.7166846e-05	0	0	0	0	0	3
103	232	0	0.741918395	293.150051	293.150028	293.150002	293.150051	2.78184176e-05	0	0	0	0	0	3
104	234	0	0.749121487	293.150052	293.150029	293.150003	293.150052	2.84685794e-05	0	0	0	0	0	3
105	236	0	0.756324578	293.150052	293.15003	293.150003	293.150052	2.91122725e-05	0	0	0	0	0	3
106	238	0	0.763527669	293.150053	293.15003	293.150004	293.150053	2.97471004e-05	0	0	0	0	0	3
107	240	0	0.77073076	293.150054	293.150031	293.150004	293.150054	3.03731446e-05	0	0	0	0	0	3
108	242	0	0.777933852	293.150054	293.150032	293.150005	293.150054	3.09905391e-05	0	0	0	0	0	3
109	244	0	0.785136943	293.150055	293.150033	293.150005	293.150055	3.15994868e-05	0	0	0	0	0	3
110	246	0	0.792340034	293.150055	293.150033	293.150006	293.150055	3.21931876e-05	0	0	0	0	0	3
111	249	0	0.799543125	293.150056	293.150034	293.150007	293.150056	3.27682034e-05	0	0	0	0	0	3
112	251	0	0.806746216	293.150056	293.150035	293.150008	293.150056	3.33253844e-05	0	0	0	0	0	3
113	253	0	0.813949308	293.150057	293.150035	293.150008	293.150057	3.38655469e-05	0	0	0	0	0	3
114	255	0	0.821152399	293.150057	293.150036	293.150009	293.150057	3.43890371e-05	0	0	0	0	0	3
115	257	0	0.82835549	293.150058	293.150037	293.15001	293.150058	3.48959285e-05	0	0	0	0	0	3
116	259	0	0.835558581	293.150058	293.150037	293.150011	293.150058	3.53861755e-05	0	0	0	0	0	3
117	261	0	0.842761672	293.150059	293.150038	293.150012	293.150059	3.58598319e-05	0	0	0	0	0	3
118	263	0	0.849964764	293.150059	293.150039	293.150013	293.150059	3.63172202e-05	0	0	0	0	0	3
119	265	0	0.857167855	293.15006	293.150039	293.150014	293.15006	3.67588459e-05	0	0	0	0	0	3
120	268	0	0.864370946	293.15006	293.15004	293.150015	293.15006	3.71852931e-05	0	0	0	0	0	3
121	270	0	0.871574037	293.150061	293.150041	293.150016	293.150061	3.75973081e-05	0	0	0	0	0	3
122	272	0	0.878777129	293.150061	293.150041	293.150017	293.150061	3.79957129e-05	0	0	0	0	0	3
123	274	0	0.88598022	293.150062	293.150042	293.150018	293.150062	3.83812931e-05	0	0	0	0	0	3
124	276	0	0.893183311	293.150062	293.150043	293.150018	293.150062	3.87547841e-05	0	0	0	0	0	3
125	278	0	0.900386402	293.150063	293.150043	293.150019	293.150063	3.91169048e-05	0	0	0	0	0	3
126	280	0	0.907589493	293.150063	293.150044	293.15002	293.150063	3.94683288e-05	0	0	0	0	0	3
127	282	0	0.914792585	293.150064	293.150045	293.150021	293.150064	3.9809651e-05	0	0	0	0	0	3
128	285	0	0.921995676	293.150065	293.150045	293.150022	293.150065	4.01414664e-05	0	0	0	0	0	3
129	287	0	0.929198767	293.150065	293.150046	293.150023	293.150065	4.04642548e-05	0	0	0	0	0	3
130	289	0	0.936401858	293.150066	293.150046	293.150024	293.150066	4.0778286e-05	0	0	0	0	0	3
131	291	0	0.94360495	293.150066	293.150047	293.150024	293.150066	4.10837058e-05	0	0	0	0	0	3
132	293	0	0.950808041	293.150067	293.150048	293.150025	293.150067	4.13072052e-05	0	0	0	0	0	3
133	295	0	0.958011132	293.150067	293.150048	293.150026	293.150067	4.0970541e-05	0	0	0	0	0	3
134	298	0	0.965214223	293.150068	293.150049	293.150027	293.150068	4.06343491e-05	0	0	0	0	0	3
135	300	0	0.972417314	293.150068	293.150049	293.150028	293.150068	4.03020254e-05	0	0	0	0	0	3
136	302	0	0.979620406	293.150069	293.15005	293.150029	293.150069	3.99752003e-05	0	0	0	0	0	3
137	304	0	0.986823497	293.150069	293.150051	293.150029	293.150069	3.9658372e-05	0	0	0	0	0	3
138	306	0	0.994026588	293.15007	293.150051	293.15003	293.15007	3.93559346e-05	0	0	0	0	0	3
139	308	0	1.00122968	293.15007	293.150052	293.150031	293.15007	3.90689112e-05	2.9315007e-06	0	0	0	0	3
140	310	0	1.00843277	293.150071	293.150052	293.150032	293.150071	3.87968838e-05	2.93150071e-06	0	0	0	0	3
141	312	0	1.01563586	293.150071	293.150053	293.150033	293.150071	3.85414849e-05	2.93150071e-06	0	0	0	0	3
142	314	0	1.02283895	293.150072	293.150053	293.150033	293.150072	3.83001324e-05	2.93150072e-06	0	0	0	0	3
143	316	0	1.03004204	293.150072	293.150054	293.150034	293.150072	3.80741522e-05	2.93150072e-06	0	0	0	0	3
144	318	0	1.03724514	293.150073	293.150055	293.150035	293.150073	3.7861114e-05	2.93150073e-06	0	0	0	0	3
145	320	0	1.04444823	293.150073	293.150055	293.150036	293.150073	3.76610921e-05	2.93150073e-06	0	0	0	0	3
146	322	0	1.05165132	293.150074	293.150056	293.150036	293.150074	3.74724497e-05	2.93150074e-06	0	0	0	0	3
147	325	0	1.05885441	293.150074	293.150056	293.150037	293.150074	3.72970626e-05	2.93150074e-06	0	0	0	0	3
148	327	0	1.0660575	293.150075	293.150057	293.150038	293.150075	3.71291686e-05	2.93150075e-06	0	0	0	0	3
149	329	0	1.07326059	293.150075	293.150057	293.150038	293.150075	3.69784229e-05	2.93150075e-06	0	0	0	0	3
150	331	0	1.08046368	293.150076	293.150058	293.150039	293.150076	3.68342643e-05	2.93150076e-06	0	0	0	0	3
151	333	0	1.08766677	293.150076	293.150058	293.150039	293.150076	3.66989091e-05	2.93150076e-06	0	0	0	0	3
152	335	0	1.09486987	293.150077	293.150059	293.15004	293.150077	3.65706341e-05	2.93150077e-06	0	0	0	0	3
153	337	0	1.10207296	293.150077	293.150059	293.150041	293.150077	3.64529271e-05	2.93150077e-06	0	0	0	0	3
154	339	0	1.10927605	293.150078	293.15006	293.150041	293.150078	3.63343474e-05	2.93150078e-06	0	0	0	0	3
155	341	0	1.11647914	293.150078	293.15006	293.150042	293.150078	3.62203394e-05	2.93150078e-06	0	0	0	0	3
156	343	0	1.12368223	293.150079	293.150061	293.150043	293.150079	3.61085184e-05	2.93150079e-06	0	0	0	0	3
157	345	0	1.13088532	293.150079	293.150062	293.150043	293.150079	3.60001024e-05	2.93150079e-06	0	0	0	0	3
158	347	0	1.13808841	293.15008	293.150062	293.150044	293.15008	3.5893662e-05	2.9315008e-06	0	0	0	0	3
159	349	0	1.1452915	293.15008	293.150063	293.150044	293.15008	3.57896559e-05	2.9315008e-06	0	0	0	0	3
160	351	0	1.15249459	293.150081	293.150063	293.150045	293.150081	3.56903949e-05	2.93150081e-06	0	0	0	0	3
161	353	0	1.15969769	293.150081	293.150064	293.150045	293.150081	3.55940555e-05	2.93150081e-06	0	0	0	0	3
162	356	0	1.16690078	293.150082	293.150064	293.150046	293.150082	3.55018462e-05	2.93150082e-06	0	0	0	0	3
163	358	0	1.17410387	293.150082	293.150065	293.150047	293.150082	3.54150956e-05	2.93150082e-06	0	0	0	0	3
164	360	0	1.18130696	293.150083	293.150065	293.150047	293.150083	3.53314883e-05	2.93150083e-06	0	0	0	0	3
165	362	0	1.18851005	293.150083	293.150066	293.150048	293.150083	3.52542224e-05	2.93150083e-06	0	0	0	0	3
166	365	0	1.19571314	293.150083	293.150066	293.150048	293.150083	3.51823711e-05	2.93150083e-06	0	0	0	0	3
167	367	0	1.20291623	293.150084	293.150067	293.150049	293.150084	3.51170154e-05	2.93150084e-06	0	0	0	0	3
168	369	0	1.21011932	293.150084	293.150067	293.150049	293.150084	3.50559962e-05	2.93150084e-06	0	0	0	0	3
169	371	0	1.21732242	293.150085	293.150068	293.15005	293.150085	3.49981619e-05	2.93150085e-06	0	0	0	0	3
170	373	0	1.22452551	293.150085	293.150068	293.15005	293.150085	3.49416384e-05	2.93150085e-06	0	0	0	0	3
171	375	0	1.2317286	293.150086	293.150069	293.150051	293.150086	3.4886036e-05	2.93150086e-06	0	0	0	0	3
172	377	0	1.23893169	293.150086	293.150069	293.150051	293.150086	3.48288606e-05	2.93150086e-06	0	0	0	0	3
173	379	0	1.24613478	293.150087	293.15007	293.150052	293.150087	3.47715848e-05	2.93150087e-06	0	0	0	0	3
174	381	0	1.25333787	293.150087	293.15007	293.150052	293.150087	3.47105894e-05	2.93150087e-06	0	0	0	0	3
175	383	0	1.26054096	293.150088	293.150071	293.150053	293.150088	3.4647879e-05	2.93150088e-06	0	0	0	0	3
176	386	0	1.26774405	293.150088	293.150071	293.150054	293.150088	3.4582577e-05	2.93150088e-06	0	0	0	0	3
177	388	0	1.27494715	293.150089	293.150072	293.150054	293.150089	3.4515548e-05	2.93150089e-06	0	0	0	0	3
178	390	0	1.28215024	293.150089	293.150072	293.150055	293.150089	3.44459294e-05	2.93150089e-06	0	0	0	0	3
179	392	0	1.28935333	293.150089	293.150073	293.150055	293.150089	3.4373639e-05	2.93150089e-06	0	0	0	0	3
180	394	0	1.29655642	293.15009	293.150073	293.150056	293.15009	3.4299232e-05	2.9315009e-06	0	0	0	0	3
181	397	0	1.30375951	293.15009	293.150074	293.150056	293.15009	3.42252009e-05	2.9315009e-06	0	0	0	0	3
182	399	0	1.3109626	293.150091	293.150074	293.150057	293.150091	3.4149963e-05	2.93150091e-06	0	0	0	0	3
183	401	0	1.31816569	293.150091	293.150075	293.150057	293.150091	3.40742131e-05	2.93150091e-06	0	0	0	0	3
184	403	0	1.32536878	293.150092	293.150075	293.150058	293.150092	3.39946938e-05	2.93150092e-06	0	0	0	0	3
185	405	0	1.33257188	293.150092	293.150076	293.150058	293.150092	3.39164348e-05	2.93150092e-06	0	0	0	0	3
186	408	0	1.33977497	293.150093	293.150076	293.150059	293.150093	3.38369971e-05	2.93150093e-06	0	0	0	0	3
187	410	0	1.34697806	293.150093	293.150077	293.150059	293.150093	3.3755734e-05	2.93150093e-06	0	0	0	0	3
188	413	0	1.35418115	293.150094	293.150077	293.15006	293.150094	3.36752304e-05	2.93150094e-06	0	0	0	0	3
189	415	0	1.36138424	293.150094	293.150078	293.15006	293.150094	3.35920938e-05	2.93150094e-06	0	0	0	0	3
190	417	0	1.36858733	293.150094	293.150078	293.150061	293.150094	3.35096298e-05	2.93150094e-06	0	0	0	0	3
191	419	0	1.37579042	293.150095	293.150079	293.150061	293.150095	3.34273921e-05	2.93150095e-06	0	0	0	0	3
192	421	0	1.38299351	293.150095	293.150079	293.150062	293.150095	3.33448475e-05	2.93150095e-06	0	0	0	0	3
193	423	0	1.39019661	293.150096	293.15008	293.150062	293.150096	3.32633573e-05	2.93150096e-06	0	0	0	0	3
194	425	0	1.3973997	293.150096	293.15008	293.150063	293.150096	3.31823171e-05	2.93150096e-06	0	0	0	0	3
195	428	0	1.40460279	293.150097	293.150081	293.150063	293.150097	3.31002955e-05	2.93150097e-06	0	0	0	0	3
196	430	0	1.41180588	293.150097	293.150081	293.150064	293.150097	3.30197844e-05	2.93150097e-06	0	0	0	0	3
197	432	0	1.41900897	293.150097	293.150081	293.150065	293.150097	3.2939813e-05	2.93150097e-06	0	0	0	0	3
198	434	0	1.42621206	293.150098	293.150082	293.150065	293.150098	3.28586364e-05	2.93150098e-06	0	0	0	0	3
199	436	0	1.43341515	293.150098	293.150082	293.150066	293.150098	3.27770688e-05	2.93150098e-06	0	0	0	0	3
200	439	0	1.44061824	293.150099	293.150083	293.150066	293.150099	3.26956967e-05	2.93150099e-06	0	0	0	0	3
201	444	0	1.44782133	293.150099	293.150083	293.150067	293.150099	3.26118922e-05	2.93150099e-06	0	0	0	0	3
202	446	0	1.45502443	293.1501	293.150084	293.150067	293.1501	3.2527193e-05	2.931501e-06	0	0	0	0	3
203	448	0	1.46222752	293.1501	293.150084	293.150068	293.1501	3.24393448e-05	2.931501e-06	0	0	0	0	3
204	450	0	1.46943061	293.1501	293.150085	293.150068	293.1501	3.23491652e-05	2.931501e-06	0	0	0	0	3
205	452	0	1.4766337	293.150101	293.150085	293.150069	293.150101	3.22599579e-05	2.93150101e-06	0	0	0	0	3
206	454	0	1.48383679	293.150101	293.150086	293.150069	293.150101	3.21697123e-05	2.93150101e-06	0	0	0	0	3
207	456	0	1.49103988	293.150102	293.150086	293.15007	293.150102	3.20771281e-05	2.93150102e-06	0	0	0	0	3
208	458	0	1.49824297	293.150102	293.150087	293.15007	293.150102	3.19852411e-05	2.93150102e-06	0	0	0	0	3
209	460	0	1.50544606	293.150103	293.150087	293.150071	293.150103	3.18943384e-05	2.93150103e-06	0	0	0	0	3
210	462	0	1.51264916	293.150103	293.150088	293.150071	293.150103	3.18037754e-05	2.93150103e-06	0	0	0	0	3
211	464	0	1.51985225	293.150103	293.150088	293.150072	293.150103	3.17126194e-05	2.93150103e-06	0	0	0	0	3
212	466	0	1.52705534	293.150104	293.150089	293.150072	293.150104	3.16207086e-05	2.93150104e-06	0	0	0	0	3
213	469	0	1.53425843	293.150104	293.150089	293.150073	293.150104	3.15294021e-05	2.93150104e-06	0	0	0	0	3
214	471	0	1.54146152	293.150105	293.150089	293.150073	293.150105	3.14360707e-05	2.93150105e-06	0	0	0	0	3
215	473	0	1.54866461	293.150105	293.15009	293.150074	293.150105	3.13428264e-05	2.93150105e-06	0	0	0	0	3
216	476	0	1.5558677	293.150105	293.15009	293.150074	293.150105	3.12474468e-05	2.93150105e-06	0	0	0	0	3
217	478	0	1.56307079	293.150106	293.150091	293.150075	293.150106	3.11536614e-05	2.93150106e-06	0	0	0	0	3
218	480	0	1.57027389	293.150106	293.150091	293.150075	293.150106	3.10523392e-05	2.93150106e-06	0	0	0	0	3
219	482	0	1.57747698	293.150107	293.150092	293.150076	293.150107	3.09553106e-05	2.93150107e-06	0	0	0	0	3
220	485	0	1.58468007	293.150107	293.150092	293.150076	293.150107	3.08579093e-05	2.93150107e-06	0	0	0	0	3
221	487	0	1.59188316	293.150107	293.150093	293.150077	293.150107	3.07606184e-05	2.93150107e-06	0	0	0	0	3
222	489	0	1.59908625	293.150108	293.150093	293.150077	293.150108	3.06619315e-05	2.93150108e-06	0	0	0	0	3
223	491	0	1.60628934	293.150108	293.150093	293.150078	293.150108	3.05648549e-05	2.93150108e-06	0	0	0	0	3
224	493	0	1.61349243	293.150109	293.150094	293.150078	293.150109	3.04681277e-05	2.93150109e-06	0	0	0	0	3
225	496	0	1.62069552	293.150109	293.150094	293.150079	293.150109	3.03710811e-05	2.93150109e-06	0	0	0	0	3
226	498	0	1.62789862	293.150109	293.150095	293.150079	293.150109	3.02735414e-05	2.93150109e-06	0	0	0	0	3
227	500	0	1.63510171	293.15011	293.150095	293.15008	293.15011	3.01769597e-05	2.9315011e-06	0	0	0	0	3
228	502	0	1.6423048	293.15011	293.150096	293.15008	293.15011	3.00819018e-05	2.9315011e-06	0	0	0	0	3
229	504	0	1.64950789	293.150111	293.150096	293.150081	293.150111	2.99890434e-05	2.93150111e-06	0	0	0	0	3
230	506	0	1.65671098	293.150111	293.150097	293.150081	293.150111	2.98961845e-05	2.93150111e-06	0	0	0	0	3
231	509	0	1.66391407	293.150111	293.150097	293.150082	293.150111	2.98021743e-05	2.93150111e-06	0	0	0	0	3
232	511	0	1.67111716	293.150112	293.150097	293.150082	293.150112	2.970882e-05	2.93150112e-06	0	0	0	0	3
233	513	0	1.67832025	293.150112	293.150098	293.150083	293.150112	2.96170512e-05	2.93150112e-06	0	0	0	0	3
234	516	0	1.68552334	293.150113	293.150098	293.150083	293.150113	2.95230341e-05	2.93150113e-06	0	0	0	0	3
235	518	0	1.69272644	293.150113	293.150099	293.150083	293.150113	2.9431773e-05	2.93150113e-06	0	0	0	0	3
236	520	0	1.69992953	293.150113	293.150099	293.150084	293.150113	2.93398159e-05	2.93150113e-06	0	0	0	0	3
237	522	0	1.70713262	293.150114	293.1501	293.150084	293.150114	2.92488481e-05	2.93150114e-06	0	0	0	0	3
238	524	0	1.71433571	293.150114	293.1501	293.150085	293.150114	2.91577714e-05	2.93150114e-06	0	0	0	0	3
239	526	0	1.7215388	293.150114	293.1501	293.150085	293.150114	2.90688619e-05	2.93150114e-06	0	0	0	0	3
240	528	0	1.72874189	293.150115	293.150101	293.150086	293.150115	2.89792226e-05	2.93150115e-06	0	0	0	0	3
241	531	0	1.73594498	293.150115	293.150101	293.150086	293.150115	2.8891842e-05	2.93150115e-06	0	0	0	0	3
242	534	0	1.74314807	293.150116	293.150102	293.150087	293.150116	2.88032414e-05	2.93150116e-06	0	0	0	0	3
243	536	0	1.75035117	293.150116	293.150102	293.150087	293.150116	2.87151823e-05	2.93150116e-06	0	0	0	0	3
244	538	0	1.75755426	293.150116	293.150102	293.150088	293.150116	2.86270454e-05	2.93150116e-06	0	0	0	0	3
245	540	0	1.76475735	293.150117	293.150103	293.150088	293.150117	2.85390491e-05	2.93150117e-06	0	0	0	0	3
246	543	0	1.77196044	293.150117	293.150103	293.150089	293.150117	2.84494479e-05	2.93150117e-06	0	0	0	0	3
247	545	0	1.77916353	293.150117	293.150104	293.150089	293.150117	2.836171e-05	2.93150117e-06	0	0	0	0	3
248	547	0	1.78636662	293.150118	293.150104	293.150089	293.150118	2.82732364e-05	2.93150118e-06	0	0	0	0	3
249	549	0	1.79356971	293.150118	293.150105	293.15009	293.150118	2.81872217e-05	2.93150118e-06	0	0	0	0	3
250	552	0	1.8007728	293.150118	293.150105	293.15009	293.150118	2.80984719e-05	2.93150118e-06	0	0	0	0	3
251	554	0	1.8079759	293.150119	293.150105	293.150091	293.150119	2.80098516e-05	2.93150119e-06	0	0	0	0	3
252	556	0	1.81517899	293.150119	293.150106	293.150091	293.150119	2.79203993e-05	2.93150119e-06	0	0	0	0	3
253	558	0	1.82238208	293.15012	293.150106	293.150092	293.15012	2.78312526e-05	2.9315012e-06	0	0	0	0	3
254	560	0	1.82958517	293.15012	293.150107	293.150092	293.15012	2.77411132e-05	2.9315012e-06	0	0	0	0	3
255	563	0	1.83678826	293.15012	293.150107	293.150093	293.15012	2.764988e-05	2.9315012e-06	0	0	0	0	3
256	565	0	1.84399135	293.150121	293.150107	293.150093	293.150121	2.75604244e-05	2.93150121e-06	0	0	0	0	3
257	567	0	1.85119444	293.150121	293.150108	293.150094	293.150121	2.74677108e-05	2.93150121e-06	0	0	0	0	3
258	569	0	1.85839753	293.150121	293.150108	293.150094	293.150121	2.73787142e-05	2.93150121e-06	0	0	0	0	3
259	571	0	1.86560063	293.150122	293.150109	293.150094	293.150122	2.72908358e-05	2.93150122e-06	0	0	0	0	3
260	573	0	1.87280372	293.150122	293.150109	293.150095	293.150122	2.72022537e-05	2.93150122e-06	0	0	0	0	3
261	575	0	1.88000681	293.150122	293.150109	293.150095	293.150122	2.71143716e-05	2.93150122e-06	0	0	0	0	3
262	578	0	1.8872099	293.150123	293.15011	293.150096	293.150123	2.70280642e-05	2.93150123e-06	0	0	0	0	3
263	580	0	1.89441299	293.150123	293.15011	293.150096	293.150123	2.69394693e-05	2.93150123e-06	0	0	0	0	3
264	583	0	1.90161608	293.150123	293.150111	293.150097	293.150123	2.68504874e-05	2.93150123e-06	0	0	0	0	3
265	585	0	1.90881917	293.150124	293.150111	293.150097	293.150124	2.67593306e-05	2.93150124e-06	0	0	0	0	3
266	587	0	1.91602226	293.150124	293.150111	293.150097	293.150124	2.66679024e-05	2.93150124e-06	0	0	0	0	3
267	590	0	1.92322536	293.150124	293.150112	293.150098	293.150124	2.65758004e-05	2.93150124e-06	0	0	0	0	3
268	592	0	1.93042845	293.150125	293.150112	293.150098	293.150125	2.64833091e-05	2.93150125e-06	0	0	0	0	3
269	594	0	1.93763154	293.150125	293.150112	293.150099	293.150125	2.63911617e-05	2.93150125e-06	0	0	0	0	3
270	596	0	1.94483463	293.150125	293.150113	293.150099	293.150125	2.63001962e-05	2.93150125e-06	0	0	0	0	3
271	598	0	1.95203772	293.150126	293.150113	293.1501	293.150126	2.6206583e-05	2.93150126e-06	0	0	0	0	3
272	601	0	1.95924081	293.150126	293.150114	293.1501	293.150126	2.61136356e-05	2.93150126e-06	0	0	0	0	3
273	603	0	1.9664439	293.150126	293.150114	293.1501	293.150126	2.6020852e-05	2.93150126e-06	0	0	0	0	3
274	605	0	1.97364699	293.150127	293.150114	293.150101	293.150127	2.59280693e-05	2.93150127e-06	0	0	0	0	3
275	607	0	1.98085008	293.150127	293.150115	293.150101	293.150127	2.58336246e-05	2.93150127e-06	0	0	0	0	3
276	609	0	1.98805318	293.150127	293.150115	293.150102	293.150127	2.57399857e-05	2.93150127e-06	0	0	0	0	3
277	611	0	1.99525627	293.150128	293.150115	293.150102	293.150128	2.56480647e-05	2.93150128e-06	0	0	0	0	3
278	613	0	2.00245936	293.150128	293.150116	293.150103	293.150128	2.55544724e-05	2.93150128e-06	0	0	0	0	3
279	616	0	2.00966245	293.150128	293.150116	293.150103	293.150128	2.54595919e-05	2.93150128e-06	0	0	0	0	3
280	618	0	2.01686554	293.150129	293.150117	293.150103	293.150129	2.5366133e-05	2.93150129e-06	0	0	0	0	3
281	620	0	2.02406863	293.150129	293.150117	293.150104	293.150129	2.52708177e-05	2.93150129e-06	0	0	0	0	3
282	622	0	2.03127172	293.150129	293.150117	293.150104	293.150129	2.51786847e-05	2.93150129e-06	0	0	0	0	3
283	624	0	2.03847481	293.15013	293.150118	293.150105	293.15013	2.50849646e-05	2.9315013e-06	0	0	0	0	3
284	627	0	2.04567791	293.15013	293.150118	293.150105	293.15013	2.49908139e-05	2.9315013e-06	0	0	0	0	3
285	629	0	2.052881	293.15013	293.150118	293.150105	293.15013	2.4896107e-05	2.9315013e-06	0	0	0	0	3
286	632	0	2.06008409	293.150131	293.150119	293.150106	293.150131	2.48023241e-05	2.93150131e-06	0	0	0	0	3
287	634	0	2.06728718	293.150131	293.150119	293.150106	293.150131	2.47075778e-05	2.93150131e-06	0	0	0	0	3
288	637	0	2.07449027	293.150131	293.150119	293.150107	293.150131	2.46109688e-05	2.93150131e-06	0	0	0	0	3
289	639	0	2.08169336	293.150132	293.15012	293.150107	293.150132	2.45158446e-05	2.93150132e-06	0	0	0	0	3
290	641	0	2.08889645	293.150132	293.15012	293.150107	293.150132	2.44221634e-05	2.93150132e-06	0	0	0	0	3
291	643	0	2.09609954	293.150132	293.150121	293.150108	293.150132	2.43317091e-05	2.93150132e-06	0	0	0	0	3
292	645	0	2.10330264	293.150132	293.150121	293.150108	293.150132	2.42369346e-05	2.93150132e-06	0	0	0	0	3
293	647	0	2.11050573	293.150133	293.150121	293.150109	293.150133	2.41417162e-05	2.93150133e-06	0	0	0	0	3
294	650	0	2.11770882	293.150133	293.150122	293.150109	293.150133	2.40478749e-05	2.93150133e-06	0	0	0	0	3
295	652	0	2.12491191	293.150133	293.150122	293.150109	293.150133	2.39521738e-05	2.93150133e-06	0	0	0	0	3
296	654	0	2.132115	293.150134	293.150122	293.15011	293.150134	2.38556179e-05	2.93150134e-06	0	0	0	0	3
297	656	0	2.13931809	293.150134	293.150123	293.15011	293.150134	2.37601705e-05	2.93150134e-06	0	0	0	0	3
298	658	0	2.14652118	293.150134	293.150123	293.150111	293.150134	2.36611508e-05	2.93150134e-06	0	0	0	0	3
299	660	0	2.15372427	293.150135	293.150123	293.150111	293.150135	2.35635093e-05	2.93150135e-06	0	0	0	0	3
300	663	0	2.16092737	293.150135	293.150124	293.150111	293.150135	2.34668425e-05	2.93150135e-06	0	0	0	0	3
301	668	0	2.16813046	293.150135	293.150124	293.150112	293.150135	2.33704585e-05	2.93150135e-06	0	0	0	0	3
302	670	0	2.17533355	293.150135	293.150124	293.150112	293.150135	2.32743818e-05	2.93150135e-06	0	0	0	0	3
303	672	0	2.18253664	293.150136	293.150125	293.150113	293.150136	2.31783225e-05	2.93150136e-06	0	0	0	0	3
304	674	0	2.18973973	293.150136	293.150125	293.150113	293.150136	2.30818262e-05	2.93150136e-06	0	0	0	0	3
305	676	0	2.19694282	293.150136	293.150125	293.150113	293.150136	2.29901722e-05	2.93150136e-06	0	0	0	0	3
306	678	0	2.20414591	293.150137	293.150126	293.150114	293.150137	2.28939612e-05	2.93150137e-06	0	0	0	0	3
307	680	0	2.211349	293.150137	293.150126	293.150114	293.150137	2.27985425e-05	2.93150137e-06	0	0	0	0	3
308	682	0	2.2185521	293.150137	293.150126	293.150114	293.150137	2.27010852e-05	2.93150137e-06	0	0	0	0	3
309	684	0	2.22575519	293.150137	293.150127	293.150115	293.150137	2.26072598e-05	2.93150137e-06	0	0	0	0	3
310	686	0	2.23295828	293.150138	293.150127	293.150115	293.150138	2.25115113e-05	2.93150138e-06	0	0	0	0	3
311	689	0	2.24016137	293.150138	293.150127	293.150116	293.150138	2.24169695e-05	2.93150138e-06	0	0	0	0	3
312	691	0	2.24736446	293.150138	293.150128	293.150116	293.150138	2.23201558e-05	2.93150138e-06	0	0	0	0	3
313	693	0	2.25456755	293.150139	293.150128	293.150116	293.150139	2.22251393e-05	2.93150139e-06	0	0	0	0	3
314	695	0	2.26177064	293.150139	293.150128	293.150117	293.150139	2.21297852e-05	2.93150139e-06	0	0	0	0	3
315	697	0	2.26897373	293.150139	293.150129	293.150117	293.150139	2.20365377e-05	2.93150139e-06	0	0	0	0	3
316	700	0	2.27617682	293.150139	293.150129	293.150117	293.150139	2.19454678e-05	2.93150139e-06	0	0	0	0	3
317	702	0	2.28337992	293.15014	293.150129	293.150118	293.15014	2.18535132e-05	2.9315014e-06	0	0	0	0	3
318	704	0	2.29058301	293.15014	293.15013	293.150118	293.15014	2.17615858e-05	2.9315014e-06	0	0	0	0	3
319	707	0	2.2977861	293.15014	293.15013	293.150118	293.15014	2.16680876e-05	2.9315014e-06	0	0	0	0	3
320	709	0	2.30498919	293.15014	293.15013	293.150119	293.15014	2.1576223e-05	2.9315014e-06	0	0	0	0	3
321	712	0	2.31219228	293.150141	293.15013	293.150119	293.150141	2.14830251e-05	2.93150141e-06	0	0	0	0	3
322	714	0	2.31939537	293.150141	293.150131	293.15012	293.150141	2.13903905e-05	2.93150141e-06	0	0	0	0	3
323	716	0	2.32659846	293.150141	293.150131	293.15012	293.150141	2.12978112e-05	2.93150141e-06	0	0	0	0	3
324	718	0	2.33380155	293.150141	293.150131	293.15012	293.150141	2.12055299e-05	2.93150141e-06	0	0	0	0	3
325	721	0	2.34100465	293.150142	293.150132	293.150121	293.150142	2.11160611e-05	2.93150142e-06	0	0	0	0	3
326	723	0	2.34820774	293.150142	293.150132	293.150121	293.150142	2.10252339e-05	2.93150142e-06	0	0	0	0	3
327	725	0	2.35541083	293.150142	293.150132	293.150121	293.150142	2.09358365e-05	2.93150142e-06	0	0	0	0	3
328	727	0	2.36261392	293.150143	293.150133	293.150122	293.150143	2.08439799e-05	2.93150143e-06	0	0	0	0	3
329	729	0	2.36981701	293.150143	293.150133	293.150122	293.150143	2.07564678e-05	2.93150143e-06	0	0	0	0	3
330	732	0	2.3770201	293.150143	293.150133	293.150122	293.150143	2.06650346e-05	2.93150143e-06	0	0	0	0	3
331	734	0	2.38422319	293.150143	293.150134	293.150123	293.150143	2.05715482e-05	2.93150143e-06	0	0	0	0	3
332	736	0	2.39142628	293.150144	293.150134	293.150123	293.150144	2.04805355e-05	2.93150144e-06	0	0	0	0	3
333	738	0	2.39862938	293.150144	293.150134	293.150123	293.150144	2.03910332e-05	2.93150144e-06	0	0	0	0	3
334	740	0	2.40583247	293.150144	293.150134	293.150124	293.150144	2.03017522e-05	2.93150144e-06	0	0	0	0	3
335	742	0	2.41303556	293.150144	293.150135	293.150124	293.150144	2.02157198e-05	2.93150144e-06	0	0	0	0	3
336	744	0	2.42023865	293.150145	293.150135	293.150124	293.150145	2.01316705e-05	2.93150145e-06	0	0	0	0	3
337	747	0	2.42744174	293.150145	293.150135	293.150125	293.150145	2.00475525e-05	2.93150145e-06	0	0	0	0	3
338	749	0	2.43464483	293.150145	293.150136	293.150125	293.150145	1.99619352e-05	2.93150145e-06	0	0	0	0	3
339	752	0	2.44184792	293.150145	293.150136	293.150125	293.150145	1.98777261e-05	2.93150145e-06	0	0	0	0	3
340	754	0	2.44905101	293.150146	293.150136	293.150126	293.150146	1.9794797e-05	2.93150146e-06	0	0	0	0	3
341	756	0	2.45625411	293.150146	293.150136	293.150126	293.150146	1.97130088e-05	2.93150146e-06	0	0	0	0	3
342	758	0	2.4634572	293.150146	293.150137	293.150126	293.150146	1.96298489e-05	2.93150146e-06	0	0	0	0	3
343	760	0	2.47066029	293.150146	293.150137	293.150127	293.150146	1.95478033e-05	2.93150146e-06	0	0	0	0	3
344	762	0	2.47786338	293.150147	293.150137	293.150127	293.150147	1.94668212e-05	2.93150147e-06	0	0	0	0	3
345	765	0	2.48506647	293.150147	293.150138	293.150127	293.150147	1.93879481e-05	2.93150147e-06	0	0	0	0	3
346	767	0	2.49226956	293.150147	293.150138	293.150128	293.150147	1.93069769e-05	2.93150147e-06	0	0	0	0	3
347	770	0	2.49947265	293.150147	293.150138	293.150128	293.150147	1.92272465e-05	2.93150147e-06	0	0	0	0	3
348	772	0	2.50667574	293.150148	293.150138	293.150128	293.150148	1.9147905e-05	2.93150148e-06	0	0	0	0	3
349	774	0	2.51387883	293.150148	293.150139	293.150129	293.150148	1.90696486e-05	2.93150148e-06	0	0	0	0	3
350	777	0	2.52108193	293.150148	293.150139	293.150129	293.150148	1.89927195e-05	2.93150148e-06	0	0	0	0	3
351	779	0	2.52828502	293.150148	293.150139	293.150129	293.150148	1.89132604e-05	2.93150148e-06	0	0	0	0	3
352	781	0	2.53548811	293.150149	293.15014	293.15013	293.150149	1.88360642e-05	2.93150149e-06	0	0	0	0	3
353	783	0	2.5426912	293.150149	293.15014	293.15013	293.150149	1.87601449e-05	2.93150149e-06	0	0	0	0	3
354	785	0	2.54989429	293.150149	293.15014	293.15013	293.150149	1.86859447e-05	2.93150149e-06	0	0	0	0	3
355	787	0	2.55709738	293.150149	293.15014	293.150131	293.150149	1.86109955e-05	2.93150149e-06	0	0	0	0	3
356	791	0	2.56430047	293.150149	293.150141	293.150131	293.150149	1.85380219e-05	2.93150149e-06	0	0	0	0	3
357	793	0	2.57150356	293.15015	293.150141	293.150131	293.15015	1.84648369e-05	2.9315015e-06	0	0	0	0	3
358	795	0	2.57870666	293.15015	293.150141	293.150132	293.15015	1.83900841e-05	2.9315015e-06	0	0	0	0	3
359	797	0	2.58590975	293.15015	293.150141	293.150132	293.15015	1.83158434e-05	2.9315015e-06	0	0	0	0	3
360	800	0	2.59311284	293.15015	293.150142	293.150132	293.15015	1.82393135e-05	2.9315015e-06	0	0	0	0	3
361	802	0	2.60031593	293.150151	293.150142	293.150132	293.150151	1.81682431e-05	2.93150151e-06	0	0	0	0	3
362	804	0	2.60751902	293.150151	293.150142	293.150133	293.150151	1.80985144e-05	2.93150151e-06	0	0	0	0	3
363	806	0	2.61472211	293.150151	293.150142	293.150133	293.150151	1.80267456e-05	2.93150151e-06	0	0	0	0	3
364	808	0	2.6219252	293.150151	293.150143	293.150133	293.150151	1.79571734e-05	2.93150151e-06	0	0	0	0	3
365	810	0	2.62912829	293.150152	293.150143	293.150134	293.150152	1.78888284e-05	2.93150152e-06	0	0	0	0	3
366	812	0	2.63633139	293.150152	293.150143	293.150134	293.150152	1.78180933e-05	2.93150152e-06	0	0	0	0	3
367	814	0	2.64353448	293.150152	293.150144	293.150134	293.150152	1.77487896e-05	2.93150152e-06	0	0	0	0	3
368	817	0	2.65073757	293.150152	293.150144	293.150135	293.150152	1.76808953e-05	2.93150152e-06	0	0	0	0	3
369	819	0	2.65794066	293.150152	293.150144	293.150135	293.150152	1.76120768e-05	2.93150152e-06	0	0	0	0	3
370	822	0	2.66514375	293.150153	293.150144	293.150135	293.150153	1.75428989e-05	2.93150153e-06	0	0	0	0	3
371	824	0	2.67234684	293.150153	293.150145	293.150135	293.150153	1.74741446e-05	2.93150153e-06	0	0	0	0	3
372	826	0	2.67954993	293.150153	293.150145	293.150136	293.150153	1.7407107e-05	2.93150153e-06	0	0	0	0	3
373	828	0	2.68675302	293.150153	293.150145	293.150136	293.150153	1.73390027e-05	2.93150153e-06	0	0	0	0	3
374	830	0	2.69395612	293.150154	293.150145	293.150136	293.150154	1.72675273e-05	2.93150154e-06	0	0	0	0	3
375	832	0	2.70115921	293.150154	293.150146	293.150137	293.150154	1.72004719e-05	2.93150154e-06	0	0	0	0	3
376	834	0	2.7083623	293.150154	293.150146	293.150137	293.150154	1.71334962e-05	2.93150154e-06	0	0	0	0	3
377	837	0	2.71556539	293.150154	293.150146	293.150137	293.150154	1.70692648e-05	2.93150154e-06	0	0	0	0	3
378	839	0	2.72276848	293.150154	293.150146	293.150137	293.150154	1.70025294e-05	2.93150154e-06	0	0	0	0	3
379	842	0	2.72997157	293.150155	293.150147	293.150138	293.150155	1.69363335e-05	2.93150155e-06	0	0	0	0	3
380	845	0	2.73717466	293.150155	293.150147	293.150138	293.150155	1.68704024e-05	2.93150155e-06	0	0	0	0	3
381	847	0	2.74437775	293.150155	293.150147	293.150138	293.150155	1.68074268e-05	2.93150155e-06	0	0	0	0	3
382	849	0	2.75158085	293.150155	293.150147	293.150139	293.150155	1.67428863e-05	2.93150155e-06	0	0	0	0	3
383	851	0	2.75878394	293.150155	293.150147	293.150139	293.150155	1.66792006e-05	2.93150155e-06	0	0	0	0	3
384	854	0	2.76598703	293.150156	293.150148	293.150139	293.150156	1.66160838e-05	2.93150156e-06	0	0	0	0	3
385	856	0	2.77319012	293.150156	293.150148	293.150139	293.150156	1.65505082e-05	2.93150156e-06	0	0	0	0	3
386	858	0	2.78039321	293.150156	293.150148	293.15014	293.150156	1.64877124e-05	2.93150156e-06	0	0	0	0	3
387	860	0	2.7875963	293.150156	293.150148	293.15014	293.150156	1.64225673e-05	2.93150156e-06	0	0	0	0	3
388	862	0	2.79479939	293.150157	293.150149	293.15014	293.150157	1.63613296e-05	2.93150157e-06	0	0	0	0	3
389	864	0	2.80200248	293.150157	293.150149	293.15014	293.150157	1.62986461e-05	2.93150157e-06	0	0	0	0	3
390	867	0	2.80920557	293.150157	293.150149	293.150141	293.150157	1.62381105e-05	2.93150157e-06	0	0	0	0	3
391	869	0	2.81640867	293.150157	293.150149	293.150141	293.150157	1.6178468e-05	2.93150157e-06	0	0	0	0	3
392	871	0	2.82361176	293.150157	293.15015	293.150141	293.150157	1.61175976e-05	2.93150157e-06	0	0	0	0	3
393	873	0	2.83081485	293.150158	293.15015	293.150141	293.150158	1.60576929e-05	2.93150158e-06	0	0	0	0	3
394	876	0	2.83801794	293.150158	293.15015	293.150142	293.150158	1.59942266e-05	2.93150158e-06	0	0	0	0	3
395	878	0	2.84522103	293.150158	293.15015	293.150142	293.150158	1.59339322e-05	2.93150158e-06	0	0	0	0	3
