Iteration	CPUTime	PhysTime	Travels	Value	AvValue	MinValue	MaxValue	Delta	Criteria	PrevAvRefValue	Progress	CriteriaType	CriteriaVarType	CriteriaPercentage
1	13	0	0.00720309122	96240.2658	96240.2658	96240.2658	96240.2658	0	0	0	0	0	0	3
2	15	0	0.0144061824	95777.7471	96009.0064	95777.7471	96240.2658	231.259336	0	0	0	0	0	3
3	17	0	0.0216092737	95746.2139	95921.4089	95746.2139	96240.2658	318.856838	0	0	0	0	0	3
4	19	0	0.0288123649	95651.8518	95854.0197	95651.8518	96240.2658	386.246118	0	0	0	0	0	3
5	20	0	0.0360154561	95723.7579	95827.9673	95651.8518	96240.2658	412.298465	0	0	0	0	0	3
6	22	0	0.0432185473	95692.1565	95805.3322	95651.8518	96240.2658	434.933596	0	0	0	0	0	3
7	24	0	0.0504216385	95726.3161	95794.0442	95651.8518	96240.2658	446.221603	0	0	0	0	0	3
8	26	0	0.0576247297	95725.3352	95785.4555	95651.8518	96240.2658	454.810225	0	0	0	0	0	3
9	27	0	0.064827821	95744.1604	95780.8672	95651.8518	96240.2658	459.398574	0	0	0	0	0	3
10	29	0	0.0720309122	95743.1579	95777.0963	95651.8518	96240.2658	463.169506	0	0	0	0	0	3
11	31	0	0.0792340034	95794.5803	95778.6857	95651.8518	96240.2658	463.169506	0	0	0	0	0	3
12	33	0	0.0864370946	95791.1567	95779.725	95651.8518	96240.2658	463.169506	0	0	0	0	0	3
13	35	0	0.0936401858	95803.7416	95781.5724	95651.8518	96240.2658	463.169506	0	0	0	0	0	3
14	37	0	0.100843277	95803.1006	95783.1101	95651.8518	96240.2658	463.169506	0	0	0	0	0	3
15	39	0	0.108046368	95803.1606	95784.4468	95651.8518	96240.2658	463.169506	0	0	0	0	0	3
16	41	0	0.115249459	95804.6293	95785.7082	95651.8518	96240.2658	463.169506	0	0	0	0	0	3
17	43	0	0.122452551	95803.8632	95786.7762	95651.8518	96240.2658	463.169506	0	0	0	0	0	3
18	45	0	0.129655642	95809.5776	95788.0429	95651.8518	96240.2658	463.169506	0	0	0	0	0	3
19	47	0	0.136858733	95813.9848	95789.4083	95651.8518	96240.2658	463.169506	0	0	0	0	0	3
20	49	0	0.144061824	95808.1965	95790.3477	95651.8518	96240.2658	463.169506	0	0	0	0	0	3
21	51	0	0.151264916	95811.4797	95791.354	95651.8518	96240.2658	463.169506	0	0	0	0	0	3
22	53	0	0.158468007	95815.2141	95792.4385	95651.8518	96240.2658	463.169506	0	0	0	0	0	3
23	55	0	0.165671098	95814.6842	95793.4057	95651.8518	96240.2658	463.169506	0	0	0	0	0	3
24	57	0	0.172874189	95818.5079	95794.4517	95651.8518	96240.2658	463.169506	0	0	0	0	0	3
25	59	0	0.18007728	95821.0982	95795.5175	95651.8518	96240.2658	463.169506	0	0	0	0	0	3
26	61	0	0.187280372	95819.5807	95796.443	95651.8518	96240.2658	463.169506	0	0	0	0	0	3
27	63	0	0.194483463	95824.4986	95797.4821	95651.8518	96240.2658	463.169506	0	0	0	0	0	3
28	65	0	0.201686554	95827.4393	95798.552	95651.8518	96240.2658	463.169506	0	0	0	0	0	3
29	67	0	0.208889645	95826.0171	95799.4991	95651.8518	96240.2658	463.169506	0	0	0	0	0	3
30	69	0	0.216092737	95827.8381	95800.4437	95651.8518	96240.2658	463.169506	0	0	0	0	0	3
31	72	0	0.223295828	95830.7552	95801.4215	95651.8518	96240.2658	463.169506	0	0	0	0	0	3
32	74	0	0.230498919	95835.7372	95802.4939	95651.8518	96240.2658	463.169506	0	0	0	0	0	3
33	76	0	0.23770201	95839.1503	95803.6047	95651.8518	96240.2658	463.169506	0	0	0	0	0	3
34	78	0	0.244905101	95844.2217	95804.7993	95651.8518	96240.2658	463.169506	0	0	0	0	0	3
35	80	0	0.252108193	95850.407	95806.1024	95651.8518	96240.2658	463.169506	0	0	0	0	0	3
36	83	0	0.259311284	95858.1508	95807.5482	95651.8518	96240.2658	463.169506	0	0	0	0	0	3
37	85	0	0.266514375	95867.2663	95809.1622	95651.8518	96240.2658	463.169506	0	0	0	0	0	3
38	87	0	0.273717466	95876.4946	95810.9341	95651.8518	96240.2658	463.169506	0	0	0	0	0	3
39	89	0	0.280920557	95884.6989	95812.8255	95651.8518	96240.2658	463.169506	0	0	0	0	0	3
40	91	0	0.288123649	95895.5954	95814.8947	95651.8518	96240.2658	463.169506	0	0	0	0	0	3
41	94	0	0.29532674	95903.0065	95817.0438	95651.8518	96240.2658	463.169506	0	0	0	0	0	3
42	96	0	0.302529831	95914.0323	95819.353	95651.8518	96240.2658	463.169506	0	0	0	0	0	3
43	98	0	0.309732922	95918.3739	95821.6558	95651.8518	96240.2658	463.169506	0	0	0	0	0	3
44	100	0	0.316936014	95922.186	95823.9406	95651.8518	96240.2658	463.169506	0	0	0	0	0	3
45	103	0	0.324139105	95924.0288	95826.1648	95651.8518	96240.2658	463.169506	0	0	0	0	0	3
46	105	0	0.331342196	95926.2863	95828.3414	95651.8518	96240.2658	463.169506	0	0	0	0	0	3
47	107	0	0.338545287	95923.048	95830.3564	95651.8518	96240.2658	463.169506	0	0	0	0	0	3
48	110	0	0.345748378	95923.4621	95832.2961	95651.8518	96240.2658	463.169506	0	0	0	0	0	3
49	112	0	0.35295147	95922.1926	95834.1307	95651.8518	96240.2658	463.169506	0	0	0	0	0	3
50	114	0	0.360154561	95918.9849	95835.8278	95651.8518	96240.2658	463.169506	0	0	0	0	0	3
51	116	0	0.367357652	95913.2141	95837.3452	95651.8518	96240.2658	463.169506	0	0	0	0	0	3
52	118	0	0.374560743	95911.8297	95838.7776	95651.8518	96240.2658	463.169506	0	0	0	0	0	3
53	121	0	0.381763835	95904.3606	95840.015	95651.8518	96240.2658	463.169506	0	0	0	0	0	3
54	123	0	0.388966926	95898.4275	95841.0967	95651.8518	96240.2658	463.169506	0	0	0	0	0	3
55	125	0	0.396170017	95896.8756	95842.1109	95651.8518	96240.2658	463.169506	0	0	0	0	0	3
56	127	0	0.403373108	95896.8305	95843.088	95651.8518	96240.2658	463.169506	0	0	0	0	0	3
57	129	0	0.410576199	95893.4147	95843.9709	95651.8518	96240.2658	463.169506	0	0	0	0	0	3
58	132	0	0.417779291	95893.5234	95844.8253	95651.8518	96240.2658	463.169506	0	0	0	0	0	3
59	134	0	0.424982382	95891.8377	95845.6221	95651.8518	96240.2658	463.169506	0	0	0	0	0	3
60	136	0	0.432185473	95887.7674	95846.3245	95651.8518	96240.2658	463.169506	0	0	0	0	0	3
61	138	0	0.439388564	95886.6597	95846.9858	95651.8518	96240.2658	463.169506	0	0	0	0	0	3
62	141	0	0.446591655	95884.3065	95847.5877	95651.8518	96240.2658	463.169506	0	0	0	0	0	3
63	143	0	0.453794747	95884.503	95848.1737	95651.8518	96240.2658	463.169506	0	0	0	0	0	3
64	145	0	0.460997838	95885.6023	95848.7585	95651.8518	96240.2658	463.169506	0	0	0	0	0	3
65	147	0	0.468200929	95884.0421	95849.3013	95651.8518	96240.2658	463.169506	0	0	0	0	0	3
66	149	0	0.47540402	95886.065	95849.8583	95651.8518	96240.2658	463.169506	0	0	0	0	0	3
67	152	0	0.482607112	95885.5504	95850.391	95651.8518	96240.2658	463.169506	0	0	0	0	0	3
68	154	0	0.489810203	95885.437	95850.9064	95651.8518	96240.2658	463.169506	0	0	0	0	0	3
69	156	0	0.497013294	95886.4613	95851.4217	95651.8518	96240.2658	463.169506	0	0	0	0	0	3
70	158	0	0.504216385	95889.2769	95851.9625	95651.8518	96240.2658	463.169506	0	0	0	0	0	3
71	160	0	0.511419476	95889.3729	95846.9498	95651.8518	95926.2863	231.91017	0	0	0	0	0	3
72	162	0	0.518622568	95888.8938	95848.5376	95651.8518	95926.2863	144.312668	0	0	0	0	0	3
73	164	0	0.525825659	95891.7254	95850.6163	95651.8518	95926.2863	76.9233881	0	0	0	0	0	3
74	167	0	0.53302875	95893.5039	95854.0685	95692.1565	95926.2863	76.9722043	0	0	0	0	0	3
75	169	0	0.540231841	95895.8384	95856.5268	95692.1565	95926.2863	79.4304974	0	0	0	0	0	3
76	171	0	0.547434933	95896.6935	95859.4487	95725.3352	95926.2863	82.3524539	0	0	0	0	0	3
77	173	0	0.554638024	95899.1091	95861.9172	95725.3352	95926.2863	84.8209252	0	0	0	0	0	3
78	175	0	0.561841115	95901.2121	95864.4297	95743.1579	95926.2863	87.3334518	0	0	0	0	0	3
79	177	0	0.569044206	95902.2606	95866.6883	95743.1579	95926.2863	89.5920262	0	0	0	0	0	3
80	179	0	0.576247297	95904.3644	95868.9912	95791.1567	95926.2863	90.3055147	0	0	0	0	0	3
81	182	0	0.583450389	95907.8409	95870.6092	95791.1567	95926.2863	90.8842763	0	0	0	0	0	3
82	184	0	0.59065348	95908.3655	95872.2837	95803.1006	95926.2863	90.7112568	0	0	0	0	0	3
83	186	0	0.597856571	95911.711	95873.8261	95803.1006	95926.2863	90.7159481	0	0	0	0	0	3
84	188	0	0.605059662	95912.4116	95875.3877	95803.1606	95926.2863	90.9408353	0	0	0	0	0	3
85	190	0	0.612262754	95912.9359	95876.9559	95803.8632	95926.2863	91.2476476	0	0	0	0	0	3
86	192	0	0.619465845	95915.3172	95878.5371	95803.8632	95926.2863	91.760966	0	0	0	0	0	3
87	194	0	0.626668936	95916.5446	95880.1469	95808.1965	95926.2863	92.1039544	0	0	0	0	0	3
88	197	0	0.633872027	95916.2397	95881.6706	95808.1965	95926.2863	92.2623346	0	0	0	0	0	3
89	199	0	0.641075118	95918.4513	95883.163	95808.1965	95926.2863	92.8153036	0	0	0	0	0	3
90	201	0	0.64827821	95917.7719	95884.7284	95811.4797	95926.2863	93.3743827	0	0	0	0	0	3
91	203	0	0.655481301	95923.024	95886.3219	95814.6842	95926.2863	93.8833215	0	0	0	0	0	3
92	205	0	0.662684392	95924.1271	95887.8778	95814.6842	95926.2863	94.4720182	0	0	0	0	0	3
93	208	0	0.669887483	95928.9608	95889.5103	95818.5079	95928.9608	95.0586171	0	0	0	0	0	3
94	210	0	0.677090574	95929.2824	95891.0928	95819.5807	95929.2824	95.5752481	0	0	0	0	0	3
95	212	0	0.684293666	95933.3237	95892.696	95819.5807	95933.3237	96.2529626	0	0	0	0	0	3
96	214	0	0.691496757	95934.051	95894.3313	95824.4986	95934.051	96.8491562	0	0	0	0	0	3
97	216	0	0.698699848	95937.7806	95895.9496	95826.0171	95937.7806	97.3975719	0	0	0	0	0	3
98	218	0	0.705902939	95937.5192	95897.5222	95826.0171	95937.7806	98.0230711	0	0	0	0	0	3
99	220	0	0.713106031	95940.9535	95899.1641	95827.8381	95940.9535	98.7203867	0	0	0	0	0	3
100	223	0	0.720309122	95943.1678	95900.8117	95830.7552	95943.1678	99.3901643	0	0	0	0	0	3
101	227	0	0.727512213	95946.1968	95902.4608	95835.7372	95946.1968	99.9669659	0	0	0	0	0	3
102	230	0	0.734715304	95946.63	95904.045	95839.1503	95946.63	100.440349	0	0	0	0	0	3
103	232	0	0.741918395	95949.6362	95905.6234	95844.2217	95949.6362	100.824103	0	0	0	0	0	3
104	234	0	0.749121487	95948.7715	95907.117	95850.407	95949.6362	99.2292293	0	0	0	0	0	3
105	236	0	0.756324578	95950.7649	95908.5507	95858.1508	95950.7649	92.614141	0	0	0	0	0	3
106	238	0	0.763527669	95951.6102	95909.8858	95867.2663	95951.6102	84.3439615	0	0	0	0	0	3
107	240	0	0.77073076	95953.6842	95911.1203	95876.4946	95953.6842	77.1896404	0	0	0	0	0	3
108	242	0	0.777933852	95955.2912	95912.246	95884.0421	95955.2912	71.2491751	0	0	0	0	0	3
109	244	0	0.785136943	95957.0672	95913.2798	95884.0421	95957.0672	73.0251618	0	0	0	0	0	3
110	246	0	0.792340034	95959.2827	95914.1896	95884.0421	95959.2827	75.2406469	0	0	0	0	0	3
111	249	0	0.799543125	95964.0073	95915.0611	95884.0421	95964.0073	79.9652281	0	0	0	0	0	3
112	251	0	0.806746216	95966.1848	95915.8061	95884.0421	95966.1848	82.1427171	0	0	0	0	0	3
113	253	0	0.813949308	95971.2818	95916.562	95884.0421	95971.2818	87.2397464	0	0	0	0	0	3
114	255	0	0.821152399	95972.6098	95917.2823	95884.0421	95972.6098	88.5677023	0	0	0	0	0	3
115	257	0	0.82835549	95976.5681	95918.0329	95884.0421	95976.5681	89.6914889	0	0	0	0	0	3
116	259	0	0.835558581	95980.9856	95918.8143	95884.0421	95980.9856	88.4578711	0	0	0	0	0	3
117	261	0	0.842761672	95983.7679	95919.6817	95884.0421	95983.7679	87.3855942	0	0	0	0	0	3
118	263	0	0.849964764	95987.9522	95920.603	95884.0421	95987.9522	86.4722584	0	0	0	0	0	3
119	265	0	0.857167855	95990.4034	95921.5774	95884.0421	95990.4034	85.7496154	0	0	0	0	0	3
120	268	0	0.864370946	95995.0535	95922.6641	95884.0421	95995.0535	85.3189316	0	0	0	0	0	3
121	270	0	0.871574037	95996.5197	95923.8542	95884.0421	95996.5197	85.0766176	0	0	0	0	0	3
122	272	0	0.878777129	95999.5079	95925.1067	95884.0421	95999.5079	85.0917481	0	0	0	0	0	3
123	274	0	0.88598022	96002.0869	95926.5028	95884.0421	96002.0869	85.4061254	0	0	0	0	0	3
124	276	0	0.893183311	96003.4117	95928.0026	95884.0421	96003.4117	85.8917388	0	0	0	0	0	3
125	278	0	0.900386402	96005.2561	95929.5509	95884.0421	96005.2561	86.4628964	0	0	0	0	0	3
126	280	0	0.907589493	96009.9634	95931.1671	95884.0421	96009.9634	87.1961559	0	0	0	0	0	3
127	282	0	0.914792585	96012.4892	95932.8681	95884.0421	96012.4892	88.0428665	0	0	0	0	0	3
128	285	0	0.921995676	96013.8903	95934.5877	95884.0421	96013.8903	88.9655737	0	0	0	0	0	3
129	287	0	0.929198767	96015.311	95936.3516	95884.0421	96015.311	90.0270571	0	0	0	0	0	3
130	289	0	0.936401858	96019.4108	95938.2322	95884.0421	96019.4108	91.2824504	0	0	0	0	0	3
131	291	0	0.94360495	96022.8206	95940.1774	95884.0421	96022.8206	93.2276063	0	0	0	0	0	3
132	293	0	0.950808041	96023.1047	95942.1602	95884.0421	96023.1047	95.2104372	0	0	0	0	0	3
133	295	0	0.958011132	96024.7215	95944.1633	95884.0421	96024.7215	97.2135593	0	0	0	0	0	3
134	298	0	0.965214223	96027.3785	95946.1887	95884.0421	96027.3785	99.2389343	0	0	0	0	0	3
135	300	0	0.972417314	96030.6881	95948.2836	95885.437	96030.6881	101.333877	0	0	0	0	0	3
136	302	0	0.979620406	96031.9867	95950.3682	95885.437	96031.9867	103.418472	0	0	0	0	0	3
137	304	0	0.986823497	96031.8041	95952.4576	95885.437	96031.9867	105.507811	0	0	0	0	0	3
138	306	0	0.994026588	96033.3892	95954.5712	95886.4613	96033.3892	107.621414	0	0	0	0	0	3
139	308	0	1.00122968	96036.4429	95956.7138	95888.8938	96036.4429	109.764008	11.5377328	0	0	0	0	3
140	310	0	1.00843277	96037.5865	95958.8325	95888.8938	96037.5865	111.882717	11.5720398	0	0	0	0	3
141	312	0	1.01563586	96041.7969	95961.01	95888.8938	96041.7969	112.472392	11.6351958	0	0	0	0	3
142	314	0	1.02283895	96042.3004	95963.2015	95891.7254	96042.3004	112.58518	11.661283	0	0	0	0	3
143	316	0	1.03004204	96041.8461	95965.3461	95893.5039	96042.3004	111.277589	11.5377328	0	0	0	0	3
144	318	0	1.03724514	96043.728	95967.4921	95895.8384	96043.728	110.965354	11.5377328	0	0	0	0	3
145	320	0	1.04444823	96042.5768	95969.5884	95896.6935	96043.728	110.13966	11.5377328	0	0	0	0	3
146	322	0	1.05165132	96044.2392	95971.6962	95899.1091	96044.2392	109.778985	11.5377328	0	0	0	0	3
147	325	0	1.05885441	96051.1832	95973.8687	95901.2121	96051.1832	109.438946	11.5377328	0	0	0	0	3
148	327	0	1.0660575	96050.9186	95976.0073	95902.2606	96051.1832	109.319037	11.5377328	0	0	0	0	3
149	329	0	1.07326059	96048.711	95978.0995	95904.3644	96051.1832	109.108234	11.5377328	0	0	0	0	3
150	331	0	1.08046368	96049.841	95980.1777	95907.8409	96051.1832	109.568463	11.5377328	0	0	0	0	3
151	333	0	1.08766677	96051.5251	95982.2303	95908.3655	96051.5251	109.946683	11.5377328	0	0	0	0	3
152	335	0	1.09486987	96053.1157	95984.2982	95911.711	96053.1157	110.472122	11.5377328	0	0	0	0	3
153	337	0	1.10207296	96051.6143	95986.2968	95912.4116	96053.1157	110.909156	11.5377328	0	0	0	0	3
154	339	0	1.10927605	96051.3446	95988.2816	95912.9359	96053.1157	111.325696	11.5377328	0	0	0	0	3
155	341	0	1.11647914	96056.0036	95990.3254	95915.3172	96056.0036	111.788265	11.5377328	0	0	0	0	3
156	343	0	1.12368223	96056.9231	95992.3483	95916.2397	96056.9231	112.201471	11.5377328	0	0	0	0	3
157	345	0	1.13088532	96055.2765	95994.3302	95916.2397	96056.9231	112.659611	11.5377328	0	0	0	0	3
158	347	0	1.13808841	96056.9359	95996.3402	95917.7719	96056.9359	113.177178	11.5377328	0	0	0	0	3
159	349	0	1.1452915	96059.8422	95998.36	95917.7719	96059.8422	113.631686	11.5377328	0	0	0	0	3
160	351	0	1.15249459	96056.9067	96000.3477	95923.024	96059.8422	114.025836	11.5377328	0	0	0	0	3
161	353	0	1.15969769	96055.9428	96002.2465	95924.1271	96059.8422	114.368775	11.5377328	0	0	0	0	3
162	356	0	1.16690078	96056.9363	96004.1438	95928.9608	96059.8422	114.633526	11.5377328	0	0	0	0	3
163	358	0	1.17410387	96061.2362	96006.0334	95929.2824	96061.2362	114.940681	11.5377328	0	0	0	0	3
164	360	0	1.18130696	96058.4215	96007.8783	95933.3237	96061.2362	115.182305	11.5377328	0	0	0	0	3
165	362	0	1.18851005	96059.6713	96009.6833	95934.051	96061.2362	115.35198	11.5377328	0	0	0	0	3
166	365	0	1.19571314	96064.0157	96011.5399	95937.5192	96064.0157	115.590304	11.5377328	0	0	0	0	3
167	367	0	1.20291623	96061.2988	96013.3044	95937.5192	96064.0157	115.78228	11.5377328	0	0	0	0	3
168	369	0	1.21011932	96058.3559	96015.0307	95940.9535	96064.0157	115.866571	11.5377328	0	0	0	0	3
169	371	0	1.21732242	96062.3827	96016.7654	95943.1678	96064.0157	115.953708	11.5377328	0	0	0	0	3
170	373	0	1.22452551	96063.6103	96018.486	95946.1968	96064.0157	116.02515	11.5377328	0	0	0	0	3
171	375	0	1.2317286	96064.3992	96020.1746	95946.63	96064.3992	116.129572	11.5377328	0	0	0	0	3
172	377	0	1.23893169	96060.5392	96021.8019	95948.7715	96064.3992	115.627735	11.5377328	0	0	0	0	3
173	379	0	1.24613478	96062.7681	96023.418	95948.7715	96064.3992	115.627735	11.5377328	0	0	0	0	3
174	381	0	1.25333787	96063.0507	96025.0506	95950.7649	96064.3992	113.634299	11.5377328	0	0	0	0	3
175	383	0	1.26054096	96064.6949	96026.6782	95951.6102	96064.6949	113.08466	11.5377328	0	0	0	0	3
176	386	0	1.26774405	96063.0538	96028.2702	95953.6842	96064.6949	111.010672	11.5377328	0	0	0	0	3
177	388	0	1.27494715	96064.3468	96029.8511	95955.2912	96064.6949	109.403636	11.5377328	0	0	0	0	3
178	390	0	1.28215024	96065.08	96031.4195	95957.0672	96065.08	108.012736	11.5377328	0	0	0	0	3
179	392	0	1.28935333	96065.6711	96032.971	95959.2827	96065.6711	106.38843	11.5377328	0	0	0	0	3
180	394	0	1.29655642	96064.6713	96034.4766	95964.0073	96065.6711	101.663849	11.5377328	0	0	0	0	3
181	397	0	1.30375951	96064.3961	96035.9107	95966.1848	96065.6711	99.4863597	11.5377328	0	0	0	0	3
182	399	0	1.3109626	96066.0241	96037.337	95971.2818	96066.0241	94.7422538	11.5377328	0	0	0	0	3
183	401	0	1.31816569	96067.969	96038.7182	95972.6098	96067.969	95.359264	11.5377328	0	0	0	0	3
184	403	0	1.32536878	96066.6366	96040.0615	95976.5681	96067.969	91.4009435	11.5377328	0	0	0	0	3
185	405	0	1.33257188	96069.5033	96041.3891	95980.9856	96069.5033	88.517782	11.5377328	0	0	0	0	3
186	408	0	1.33977497	96068.8975	96042.645	95983.7679	96069.5033	85.7354616	11.5377328	0	0	0	0	3
187	410	0	1.34697806	96066.5315	96043.8273	95987.9522	96069.5033	81.5511157	11.5377328	0	0	0	0	3
188	413	0	1.35418115	96068.7508	96044.9816	95990.4034	96069.5033	79.0999336	11.5377328	0	0	0	0	3
189	415	0	1.36138424	96069.192	96046.1071	95995.0535	96069.5033	74.4498146	11.5377328	0	0	0	0	3
190	417	0	1.36858733	96068.7242	96047.1596	95996.5197	96069.5033	72.9836224	11.5377328	0	0	0	0	3
191	419	0	1.37579042	96070.616	96048.2181	95999.5079	96070.616	71.108068	11.5377328	0	0	0	0	3
192	421	0	1.38299351	96069.6847	96049.2206	96002.0869	96070.616	68.5290961	11.5377328	0	0	0	0	3
193	423	0	1.39019661	96069.489	96050.1835	96003.4117	96070.616	67.2043119	11.5377328	0	0	0	0	3
194	425	0	1.3973997	96069.6857	96051.1303	96005.2561	96070.616	65.3598692	11.5377328	0	0	0	0	3
195	428	0	1.40460279	96069.523	96052.0484	96009.9634	96070.616	60.6525928	11.5377328	0	0	0	0	3
196	430	0	1.41180588	96070.2821	96052.9101	96012.4892	96070.616	58.1267716	11.5377328	0	0	0	0	3
197	432	0	1.41900897	96070.1749	96053.7342	96013.8903	96070.616	56.7256447	11.5377328	0	0	0	0	3
198	434	0	1.42621206	96071.947	96054.5635	96015.311	96071.947	56.6359337	11.5377328	0	0	0	0	3
199	436	0	1.43341515	96073.8719	96055.4001	96019.4108	96073.8719	54.4610976	11.5377328	0	0	0	0	3
200	439	0	1.44061824	96072.6739	96056.161	96022.8206	96073.8719	51.0513271	11.5377328	0	0	0	0	3
201	444	0	1.44782133	96071.6092	96056.858	96023.1047	96073.8719	50.7672486	11.5377328	0	0	0	0	3
202	446	0	1.45502443	96069.7605	96057.5245	96024.7215	96073.8719	49.150414	11.5377328	0	0	0	0	3
203	448	0	1.46222752	96074.8838	96058.2411	96027.3785	96074.8838	47.5052994	11.5377328	0	0	0	0	3
204	450	0	1.46943061	96074.8149	96058.9188	96030.6881	96074.8838	44.1957472	11.5377328	0	0	0	0	3
205	452	0	1.4766337	96073.3898	96059.5288	96031.8041	96074.8838	43.0796676	11.5377328	0	0	0	0	3
206	454	0	1.48383679	96072.9374	96060.1138	96031.8041	96074.8838	43.0796676	11.5377328	0	0	0	0	3
207	456	0	1.49103988	96074.0622	96060.7175	96033.3892	96074.8838	41.4946305	11.5377328	0	0	0	0	3
208	458	0	1.49824297	96074.5907	96061.3061	96036.4429	96074.8838	38.4408922	11.5377328	0	0	0	0	3
209	460	0	1.50544606	96076.0646	96061.8721	96037.5865	96076.0646	38.4780918	11.5377328	0	0	0	0	3
210	462	0	1.51264916	96074.5954	96062.4008	96041.7969	96076.0646	34.2676958	11.5377328	0	0	0	0	3
211	464	0	1.51985225	96076.6695	96062.899	96041.8461	96076.6695	34.8234181	11.5377328	0	0	0	0	3
212	466	0	1.52705534	96075.4233	96063.3722	96041.8461	96076.6695	34.8234181	11.5377328	0	0	0	0	3
213	469	0	1.53425843	96076.9931	96063.8743	96042.5768	96076.9931	34.4163434	11.5377328	0	0	0	0	3
214	471	0	1.54146152	96078.6299	96064.3729	96042.5768	96078.6299	36.0530698	11.5377328	0	0	0	0	3
215	473	0	1.54866461	96079.5817	96064.9015	96044.2392	96079.5817	35.3425146	11.5377328	0	0	0	0	3
216	476	0	1.5558677	96078.5191	96065.3912	96048.711	96079.5817	30.8707539	11.5377328	0	0	0	0	3
217	478	0	1.56307079	96080.8853	96065.8156	96048.711	96080.8853	32.1743445	11.5377328	0	0	0	0	3
218	480	0	1.57027389	96077.4209	96066.1942	96048.711	96080.8853	32.1743445	11.5377328	0	0	0	0	3
219	482	0	1.57747698	96079.8549	96066.6391	96049.841	96080.8853	31.0443098	11.5377328	0	0	0	0	3
220	485	0	1.58468007	96080.9378	96067.0833	96051.3446	96080.9378	29.5931834	11.5377328	0	0	0	0	3
221	487	0	1.59188316	96081.7724	96067.5154	96051.3446	96081.7724	30.427741	11.5377328	0	0	0	0	3
222	489	0	1.59908625	96083.287	96067.9464	96051.3446	96083.287	31.9423987	11.5377328	0	0	0	0	3
223	491	0	1.60628934	96083.8319	96068.4067	96051.3446	96083.8319	32.4873059	11.5377328	0	0	0	0	3
224	493	0	1.61349243	96081.9463	96068.8439	96055.2765	96083.8319	28.5554421	11.5377328	0	0	0	0	3
225	496	0	1.62069552	96082.4632	96069.2218	96055.2765	96083.8319	28.5554421	11.5377328	0	0	0	0	3
226	498	0	1.62789862	96081.4861	96069.5727	96055.2765	96083.8319	28.5554421	11.5377328	0	0	0	0	3
227	500	0	1.63510171	96084.2605	96069.9868	96055.9428	96084.2605	28.3176916	11.5377328	0	0	0	0	3
228	502	0	1.6423048	96084.9021	96070.3863	96055.9428	96084.9021	28.9593208	11.5377328	0	0	0	0	3
229	504	0	1.64950789	96085.4022	96070.7515	96055.9428	96085.4022	29.4594793	11.5377328	0	0	0	0	3
230	506	0	1.65671098	96086.6471	96071.1763	96055.9428	96086.6471	30.7042966	11.5377328	0	0	0	0	3
231	509	0	1.66391407	96084.777	96071.5882	96056.9363	96086.6471	29.7107419	11.5377328	0	0	0	0	3
232	511	0	1.67111716	96082.9451	96071.9598	96058.3559	96086.6471	28.2911158	11.5377328	0	0	0	0	3
233	513	0	1.67832025	96086.6848	96072.3233	96058.3559	96086.6848	28.3288459	11.5377328	0	0	0	0	3
234	516	0	1.68552334	96085.558	96072.711	96058.3559	96086.6848	28.3288459	11.5377328	0	0	0	0	3
235	518	0	1.69272644	96086.562	96073.0952	96058.3559	96086.6848	28.3288459	11.5377328	0	0	0	0	3
236	520	0	1.69992953	96087.4506	96073.4299	96058.3559	96087.4506	29.0946293	11.5377328	0	0	0	0	3
237	522	0	1.70713262	96087.8382	96073.8091	96058.3559	96087.8382	29.4822271	11.5377328	0	0	0	0	3
238	524	0	1.71433571	96085.5535	96074.1976	96060.5392	96087.8382	27.2990091	11.5377328	0	0	0	0	3
239	526	0	1.7215388	96085.1161	96074.5224	96060.5392	96087.8382	27.2990091	11.5377328	0	0	0	0	3
240	528	0	1.72874189	96087.1162	96074.8582	96060.5392	96087.8382	27.2990091	11.5377328	0	0	0	0	3
241	531	0	1.73594498	96086.0475	96075.1674	96060.5392	96087.8382	27.2990091	11.5377328	0	0	0	0	3
242	534	0	1.74314807	96088.1076	96075.5613	96062.7681	96088.1076	25.3395054	11.5377328	0	0	0	0	3
243	536	0	1.75035117	96091.3564	96075.9697	96063.0507	96091.3564	28.3057221	11.5377328	0	0	0	0	3
244	538	0	1.75755426	96087.2735	96076.3157	96063.0538	96091.3564	28.3025279	11.5377328	0	0	0	0	3
245	540	0	1.76475735	96089.0521	96076.6637	96063.0538	96091.3564	28.3025279	11.5377328	0	0	0	0	3
246	543	0	1.77196044	96090.7278	96077.059	96064.3468	96091.3564	27.0095598	11.5377328	0	0	0	0	3
247	545	0	1.77916353	96090.1288	96077.4273	96064.3961	96091.3564	26.96023	11.5377328	0	0	0	0	3
248	547	0	1.78636662	96089.0002	96077.7691	96064.3961	96091.3564	26.96023	11.5377328	0	0	0	0	3
249	549	0	1.79356971	96088.1819	96078.0906	96064.3961	96091.3564	26.96023	11.5377328	0	0	0	0	3
250	552	0	1.8007728	96087.4187	96078.4156	96064.3961	96091.3564	26.96023	11.5377328	0	0	0	0	3
251	554	0	1.8079759	96089.5191	96078.7745	96066.0241	96091.3564	25.332303	11.5377328	0	0	0	0	3
252	556	0	1.81517899	96091.3701	96079.1366	96066.5315	96091.3701	24.8386657	11.5377328	0	0	0	0	3
253	558	0	1.82238208	96091.2959	96079.4698	96066.5315	96091.3701	24.8386657	11.5377328	0	0	0	0	3
254	560	0	1.82958517	96090.1239	96079.8054	96066.5315	96091.3701	24.8386657	11.5377328	0	0	0	0	3
255	563	0	1.83678826	96091.4942	96080.1195	96066.5315	96091.4942	24.9626832	11.5377328	0	0	0	0	3
256	565	0	1.84399135	96092.4533	96080.456	96066.5315	96092.4533	25.9218116	11.5377328	0	0	0	0	3
257	567	0	1.85119444	96088.9141	96080.7758	96068.7242	96092.4533	23.7290522	11.5377328	0	0	0	0	3
258	569	0	1.85839753	96090.528	96081.0869	96068.7242	96092.4533	23.7290522	11.5377328	0	0	0	0	3
259	571	0	1.86560063	96091.6867	96081.4082	96068.7242	96092.4533	23.7290522	11.5377328	0	0	0	0	3
260	573	0	1.87280372	96091.287	96081.7306	96069.489	96092.4533	22.9642563	11.5377328	0	0	0	0	3
261	575	0	1.88000681	96090.8512	96082.0196	96069.489	96092.4533	22.9642563	11.5377328	0	0	0	0	3
262	578	0	1.8872099	96093.0104	96082.3529	96069.489	96093.0104	23.5213713	11.5377328	0	0	0	0	3
263	580	0	1.89441299	96096.079	96082.7327	96069.523	96096.079	26.5560216	11.5377328	0	0	0	0	3
264	583	0	1.90161608	96092.8281	96083.0633	96069.523	96096.079	26.5560216	11.5377328	0	0	0	0	3
265	585	0	1.90881917	96090.3075	96083.3602	96069.7605	96096.079	26.3185097	11.5377328	0	0	0	0	3
266	587	0	1.91602226	96092.6321	96083.6795	96069.7605	96096.079	26.3185097	11.5377328	0	0	0	0	3
267	590	0	1.92322536	96095.0582	96084.035	96069.7605	96096.079	26.3185097	11.5377328	0	0	0	0	3
268	592	0	1.93042845	96094.6611	96084.3595	96069.7605	96096.079	26.3185097	11.5377328	0	0	0	0	3
269	594	0	1.93763154	96095.537	96084.669	96069.7605	96096.079	26.3185097	11.5377328	0	0	0	0	3
270	596	0	1.94483463	96094.6149	96084.9824	96069.7605	96096.079	26.3185097	11.5377328	0	0	0	0	3
271	598	0	1.95203772	96096.7617	96085.3418	96069.7605	96096.7617	27.0012248	11.5377328	0	0	0	0	3
272	601	0	1.95924081	96097.486	96085.7378	96072.9374	96097.486	24.5486708	11.5377328	0	0	0	0	3
273	603	0	1.9664439	96096.4197	96086.0455	96072.9374	96097.486	24.5486708	11.5377328	0	0	0	0	3
274	605	0	1.97364699	96098.227	96086.38	96072.9374	96098.227	25.2896888	11.5377328	0	0	0	0	3
275	607	0	1.98085008	96099.1252	96086.7476	96072.9374	96099.1252	26.1878616	11.5377328	0	0	0	0	3
276	609	0	1.98805318	96099.3909	96087.1255	96074.0622	96099.3909	25.328666	11.5377328	0	0	0	0	3
277	611	0	1.99525627	96095.8557	96087.4368	96074.5907	96099.3909	24.800161	11.5377328	0	0	0	0	3
278	613	0	2.00245936	96096.4599	96087.7493	96074.5954	96099.3909	24.7955264	11.5377328	0	0	0	0	3
279	616	0	2.00966245	96099.8116	96088.0885	96074.5954	96099.8116	25.2162516	11.5377328	0	0	0	0	3
280	618	0	2.01686554	96099.3754	96088.4425	96075.4233	96099.8116	24.3883292	11.5377328	0	0	0	0	3
281	620	0	2.02406863	96101.3564	96088.7952	96075.4233	96101.3564	25.4229897	11.5377328	0	0	0	0	3
282	622	0	2.03127172	96100.6767	96089.1559	96076.9931	96101.3564	24.3632621	11.5377328	0	0	0	0	3
283	624	0	2.03847481	96102.2248	96089.5164	96077.4209	96102.2248	24.803863	11.5377328	0	0	0	0	3
284	627	0	2.04567791	96101.6228	96089.8449	96077.4209	96102.2248	24.803863	11.5377328	0	0	0	0	3
285	629	0	2.052881	96100.0632	96090.1375	96077.4209	96102.2248	24.7462161	11.5377328	0	0	0	0	3
286	632	0	2.06008409	96098.8762	96090.4283	96077.4209	96102.2248	24.6127156	11.5377328	0	0	0	0	3
287	634	0	2.06728718	96103.3069	96090.7486	96077.4209	96103.3069	24.5544199	11.5377328	0	0	0	0	3
288	637	0	2.07449027	96103.8581	96091.1263	96079.8549	96103.8581	24.0032431	11.5377328	0	0	0	0	3
289	639	0	2.08169336	96105.3216	96091.4901	96080.9378	96105.3216	24.3838213	11.5377328	0	0	0	0	3
290	641	0	2.08889645	96102.4739	96091.7977	96081.4861	96105.3216	23.8355614	11.5377328	0	0	0	0	3
291	643	0	2.09609954	96101.9209	96092.0856	96081.4861	96105.3216	23.8355614	11.5377328	0	0	0	0	3
292	645	0	2.10330264	96103.4364	96092.3734	96081.4861	96105.3216	23.8355614	11.5377328	0	0	0	0	3
293	647	0	2.11050573	96103.9407	96092.6607	96081.4861	96105.3216	23.8168226	11.5377328	0	0	0	0	3
294	650	0	2.11770882	96104.1679	96092.9781	96081.4861	96105.3216	23.756279	11.5377328	0	0	0	0	3
295	652	0	2.12491191	96106.3432	96093.3193	96081.4861	96106.3432	23.7465221	11.5377328	0	0	0	0	3
296	654	0	2.132115	96103.8392	96093.6386	96082.9451	96106.3432	23.3981146	11.5377328	0	0	0	0	3
297	656	0	2.13931809	96103.9714	96093.9202	96082.9451	96106.3432	23.3981146	11.5377328	0	0	0	0	3
298	658	0	2.14652118	96106.9983	96094.2358	96082.9451	96106.9983	23.4843801	11.5377328	0	0	0	0	3
299	660	0	2.15372427	96107.5847	96094.5527	96082.9451	96107.5847	23.37641	11.5377328	0	0	0	0	3
300	663	0	2.16092737	96106.849	96094.8413	96082.9451	96107.5847	23.2530909	11.5377328	0	0	0	0	3
301	668	0	2.16813046	96104.6818	96095.1257	96082.9451	96107.5847	23.1658913	11.5377328	0	0	0	0	3
302	670	0	2.17533355	96105.8948	96095.4535	96085.1161	96107.5847	22.4685849	11.5377328	0	0	0	0	3
303	672	0	2.18253664	96104.4357	96095.7071	96085.1161	96107.5847	22.4685849	11.5377328	0	0	0	0	3
304	674	0	2.18973973	96107.2528	96096.0171	96085.1161	96107.5847	22.4685849	11.5377328	0	0	0	0	3
305	676	0	2.19694282	96108.7614	96096.3342	96085.1161	96108.7614	22.9042354	11.5377328	0	0	0	0	3
306	678	0	2.20414591	96107.2843	96096.6175	96085.1161	96108.7614	22.8084405	11.5377328	0	0	0	0	3
307	680	0	2.211349	96107.6793	96096.901	96085.1161	96108.7614	22.7033475	11.5377328	0	0	0	0	3
308	682	0	2.2185521	96109.5616	96097.2439	96085.1161	96109.5616	22.7215575	11.5377328	0	0	0	0	3
309	684	0	2.22575519	96109.9993	96097.5994	96086.0475	96109.9993	22.7412328	11.5377328	0	0	0	0	3
310	686	0	2.23295828	96106.5767	96097.8774	96086.0475	96109.9993	22.7099794	11.5377328	0	0	0	0	3
311	689	0	2.24016137	96105.6124	96098.1569	96087.2735	96109.9993	22.5956432	11.5377328	0	0	0	0	3
312	691	0	2.24736446	96108.6202	96098.45	96087.2735	96109.9993	22.4802768	11.5377328	0	0	0	0	3
313	693	0	2.25456755	96107.8562	96098.6857	96087.2735	96109.9993	22.3699479	11.5377328	0	0	0	0	3
314	695	0	2.26177064	96110.7982	96099.0217	96087.4187	96110.7982	22.3580549	11.5377328	0	0	0	0	3
315	697	0	2.26897373	96108.7931	96099.3038	96087.4187	96110.7982	22.2447275	11.5377328	0	0	0	0	3
316	700	0	2.27617682	96107.9796	96099.5502	96087.4187	96110.7982	22.122869	11.5377328	0	0	0	0	3
317	702	0	2.28337992	96108.3813	96099.811	96087.4187	96110.7982	22.0419016	11.5377328	0	0	0	0	3
318	704	0	2.29058301	96111.2149	96100.1283	96087.4187	96111.2149	22.0376722	11.5377328	0	0	0	0	3
319	707	0	2.2977861	96109.5031	96100.4329	96087.4187	96111.2149	22.0172981	11.5377328	0	0	0	0	3
320	709	0	2.30498919	96110.2517	96100.7591	96088.9141	96111.2149	21.984584	11.5377328	0	0	0	0	3
321	712	0	2.31219228	96111.0325	96101.0664	96088.9141	96111.2149	21.929831	11.5377328	0	0	0	0	3
322	714	0	2.31939537	96111.9065	96101.3598	96088.9141	96111.9065	21.8899672	11.5377328	0	0	0	0	3
323	716	0	2.32659846	96113.9657	96101.6836	96088.9141	96113.9657	21.8782889	11.5377328	0	0	0	0	3
324	718	0	2.33380155	96112.8419	96102.0082	96088.9141	96113.9657	21.8886773	11.5377328	0	0	0	0	3
325	721	0	2.34100465	96109.76	96102.2691	96088.9141	96113.9657	21.8131068	11.5377328	0	0	0	0	3
326	723	0	2.34820774	96111.7305	96102.5445	96088.9141	96113.9657	21.7687439	11.5377328	0	0	0	0	3
327	725	0	2.35541083	96114.5976	96102.9114	96090.3075	96114.5976	21.8245482	11.5377328	0	0	0	0	3
328	727	0	2.36261392	96113.9169	96103.2456	96090.3075	96114.5976	21.837322	11.5377328	0	0	0	0	3
329	729	0	2.36981701	96113.9764	96103.564	96090.3075	96114.5976	21.8334203	11.5377328	0	0	0	0	3
330	732	0	2.3770201	96113.8909	96103.8869	96090.3075	96114.5976	21.8672579	11.5377328	0	0	0	0	3
331	734	0	2.38422319	96112.8963	96104.2018	96090.3075	96114.5976	21.8489632	11.5377328	0	0	0	0	3
332	736	0	2.39142628	96112.8178	96104.4848	96090.3075	96114.5976	21.7520688	11.5377328	0	0	0	0	3
333	738	0	2.39862938	96112.6015	96104.7208	96090.3075	96114.5976	21.6574977	11.5377328	0	0	0	0	3
334	740	0	2.40583247	96113.6029	96105.0176	96090.3075	96114.5976	21.6573582	11.5377328	0	0	0	0	3
335	742	0	2.41303556	96114.8486	96105.3682	96092.6321	96114.8486	21.6886598	11.5377328	0	0	0	0	3
336	744	0	2.42023865	96116.5026	96105.7092	96094.6149	96116.5026	21.67419	11.5377328	0	0	0	0	3
337	747	0	2.42744174	96113.4527	96105.972	96094.6149	96116.5026	21.6124804	11.5377328	0	0	0	0	3
338	749	0	2.43464483	96113.6413	96106.2431	96094.6149	96116.5026	21.5741242	11.5377328	0	0	0	0	3
339	752	0	2.44184792	96116.9527	96106.5491	96094.6149	96116.9527	21.5666189	11.5377328	0	0	0	0	3
340	754	0	2.44905101	96114.4568	96106.8325	96095.8557	96116.9527	21.0970286	11.5377328	0	0	0	0	3
341	756	0	2.45625411	96116.0831	96107.1085	96095.8557	96116.9527	21.0970286	11.5377328	0	0	0	0	3
342	758	0	2.4634572	96116.1347	96107.3749	96095.8557	96116.9527	21.0970286	11.5377328	0	0	0	0	3
343	760	0	2.47066029	96114.1116	96107.6277	96095.8557	96116.9527	21.0970286	11.5377328	0	0	0	0	3
344	762	0	2.47786338	96114.2929	96107.8572	96095.8557	96116.9527	21.0970286	11.5377328	0	0	0	0	3
345	765	0	2.48506647	96118.1811	96108.1294	96095.8557	96118.1811	21.0039107	11.5377328	0	0	0	0	3
346	767	0	2.49226956	96117.5381	96108.3887	96095.8557	96118.1811	20.951822	11.5377328	0	0	0	0	3
347	770	0	2.49947265	96116.7731	96108.6875	96096.4599	96118.1811	20.9382259	11.5377328	0	0	0	0	3
348	772	0	2.50667574	96117.3739	96108.9863	96098.8762	96118.1811	19.3049048	11.5377328	0	0	0	0	3
349	774	0	2.51387883	96117.6597	96109.2412	96098.8762	96118.1811	19.3049048	11.5377328	0	0	0	0	3
350	777	0	2.52108193	96117.5988	96109.5016	96098.8762	96118.1811	19.3049048	11.5377328	0	0	0	0	3
351	779	0	2.52828502	96119.7002	96109.7636	96098.8762	96119.7002	20.6076795	11.5377328	0	0	0	0	3
352	781	0	2.53548811	96119.4277	96110.0315	96098.8762	96119.7002	20.5150979	11.5377328	0	0	0	0	3
353	783	0	2.5426912	96117.4273	96110.2487	96098.8762	96119.7002	20.4038056	11.5377328	0	0	0	0	3
354	785	0	2.54989429	96117.9101	96110.4813	96098.8762	96119.7002	20.3438883	11.5377328	0	0	0	0	3
355	787	0	2.55709738	96117.0882	96110.7246	96098.8762	96119.7002	20.2962875	11.5377328	0	0	0	0	3
356	791	0	2.56430047	96118.5407	96111.0055	96101.9209	96119.7002	17.7792279	11.5377328	0	0	0	0	3
357	793	0	2.57150356	96119.5373	96111.2373	96101.9209	96119.7002	17.7792279	11.5377328	0	0	0	0	3
358	795	0	2.57870666	96120.194	96111.4707	96101.9209	96120.194	18.2731183	11.5377328	0	0	0	0	3
359	797	0	2.58590975	96120.7955	96111.6918	96101.9209	96120.7955	18.8745632	11.5377328	0	0	0	0	3
360	800	0	2.59311284	96122.1227	96111.9725	96101.9209	96122.1227	19.886907	11.5377328	0	0	0	0	3
361	802	0	2.60031593	96121.0568	96112.2458	96103.4364	96122.1227	18.6863428	11.5377328	0	0	0	0	3
362	804	0	2.60751902	96119.8191	96112.4799	96103.8392	96122.1227	18.2835237	11.5377328	0	0	0	0	3
363	806	0	2.61472211	96120.8181	96112.721	96103.8392	96122.1227	18.2835237	11.5377328	0	0	0	0	3
364	808	0	2.6219252	96120.5117	96112.9545	96103.8392	96122.1227	18.2835237	11.5377328	0	0	0	0	3
365	810	0	2.62912829	96120.3127	96113.154	96103.8392	96122.1227	18.2835237	11.5377328	0	0	0	0	3
366	812	0	2.63633139	96123.7044	96113.4378	96103.9714	96123.7044	19.5176283	11.5377328	0	0	0	0	3
367	814	0	2.64353448	96125.2814	96113.7422	96104.4357	96125.2814	19.5063964	11.5377328	0	0	0	0	3
368	817	0	2.65073757	96124.2824	96113.9892	96104.4357	96125.2814	19.436421	11.5377328	0	0	0	0	3
369	819	0	2.65794066	96123.2487	96114.2129	96104.4357	96125.2814	19.3715949	11.5377328	0	0	0	0	3
370	822	0	2.66514375	96122.5335	96114.437	96104.4357	96125.2814	19.311305	11.5377328	0	0	0	0	3
371	824	0	2.67234684	96122.5266	96114.6919	96104.4357	96125.2814	19.2383789	11.5377328	0	0	0	0	3
372	826	0	2.67954993	96124.1703	96114.953	96104.4357	96125.2814	19.245873	11.5377328	0	0	0	0	3
373	828	0	2.68675302	96122.194	96115.2067	96105.6124	96125.2814	19.1896376	11.5377328	0	0	0	0	3
374	830	0	2.69395612	96125.0071	96115.4603	96105.6124	96125.2814	19.1261372	11.5377328	0	0	0	0	3
375	832	0	2.70115921	96124.6583	96115.6874	96105.6124	96125.2814	19.0698977	11.5377328	0	0	0	0	3
376	834	0	2.7083623	96124.7412	96115.9368	96105.6124	96125.2814	19.0358391	11.5377328	0	0	0	0	3
377	837	0	2.71556539	96124.5017	96116.1771	96105.6124	96125.2814	18.9331876	11.5377328	0	0	0	0	3
378	839	0	2.72276848	96124.8118	96116.395	96105.6124	96125.2814	18.7955731	11.5377328	0	0	0	0	3
379	842	0	2.72997157	96124.9749	96116.6089	96105.6124	96125.2814	18.7315029	11.5377328	0	0	0	0	3
380	845	0	2.73717466	96124.6104	96116.8665	96105.6124	96125.2814	18.7096282	11.5377328	0	0	0	0	3
381	847	0	2.74437775	96128.1646	96117.1887	96107.8562	96128.1646	18.7387657	11.5377328	0	0	0	0	3
382	849	0	2.75158085	96125.6345	96117.4318	96107.8562	96128.1646	18.7461145	11.5377328	0	0	0	0	3
383	851	0	2.75878394	96125.1027	96117.6782	96107.9796	96128.1646	18.6564257	11.5377328	0	0	0	0	3
384	854	0	2.76598703	96126.5237	96117.9028	96107.9796	96128.1646	18.5990608	11.5377328	0	0	0	0	3
385	856	0	2.77319012	96125.3474	96118.1393	96107.9796	96128.1646	18.5890965	11.5377328	0	0	0	0	3
386	858	0	2.78039321	96127.2233	96118.4142	96108.3813	96128.1646	18.6032559	11.5377328	0	0	0	0	3
387	860	0	2.7875963	96128.004	96118.6945	96109.5031	96128.1646	18.5662277	11.5377328	0	0	0	0	3
388	862	0	2.79479939	96129.5219	96118.9561	96109.5031	96129.5219	18.5231673	11.5377328	0	0	0	0	3
389	864	0	2.80200248	96128.4396	96119.2266	96109.76	96129.5219	18.4675028	11.5377328	0	0	0	0	3
390	867	0	2.80920557	96128.1963	96119.4829	96109.76	96129.5219	18.41652	11.5377328	0	0	0	0	3
391	869	0	2.81640867	96127.4612	96119.7176	96109.76	96129.5219	18.3578397	11.5377328	0	0	0	0	3
392	871	0	2.82361176	96127.9764	96119.9472	96109.76	96129.5219	18.263554	11.5377328	0	0	0	0	3
393	873	0	2.83081485	96128.1394	96120.1497	96109.76	96129.5219	18.1414927	11.5377328	0	0	0	0	3
394	876	0	2.83801794	96127.3546	96120.357	96109.76	96129.5219	18.0878772	11.5377328	0	0	0	0	3
395	878	0	2.84522103	96128.5113	96120.6249	96111.7305	96129.5219	17.7913454	11.5377328	0	0	0	0	3
