Iteration	CPUTime	PhysTime	Travels	Value	AvValue	MinValue	MaxValue	Delta	Criteria	PrevAvRefValue	Progress	CriteriaType	CriteriaVarType	CriteriaPercentage
1	13	0	0.00720309122	0.000423614821	0.000423614821	0.000423614821	0.000423614821	0	0	0	0	0	0	3
2	15	0	0.0144061824	4.87036982e-08	0.000211831762	4.87036982e-08	0.000423614821	0.000211783059	0	0	0	0	0	3
3	17	0	0.0216092737	-1.33351023e-07	0.000141176725	-1.33351023e-07	0.000423614821	0.000282438097	0	0	0	0	0	3
4	19	0	0.0288123649	1.24018689e-08	0.000105885644	-1.33351023e-07	0.000423614821	0.000317729177	0	0	0	0	0	3
5	20	0	0.0360154561	9.08744946e-09	8.47103326e-05	-1.33351023e-07	0.000423614821	0.000338904489	0	0	0	0	0	3
6	22	0	0.0432185473	3.15433257e-09	7.05924696e-05	-1.33351023e-07	0.000423614821	0.000353022352	0	0	0	0	0	3
7	24	0	0.0504216385	1.43967975e-08	6.05098878e-05	-1.33351023e-07	0.000423614821	0.000363104933	0	0	0	0	0	3
8	26	0	0.0576247297	5.30717315e-08	5.29527858e-05	-1.33351023e-07	0.000423614821	0.000370662035	0	0	0	0	0	3
9	27	0	0.064827821	1.89565009e-07	4.70902057e-05	-1.33351023e-07	0.000423614821	0.000376524616	0	0	0	0	0	3
10	29	0	0.0720309122	1.15668668e-07	4.2392752e-05	-1.33351023e-07	0.000423614821	0.000381222069	0	0	0	0	0	3
11	31	0	0.0792340034	1.25407779e-07	3.85502661e-05	-1.33351023e-07	0.000423614821	0.000385064555	0	0	0	0	0	3
12	33	0	0.0864370946	3.22640395e-06	3.5606611e-05	-1.33351023e-07	0.000423614821	0.00038800821	0	0	0	0	0	3
13	35	0	0.0936401858	-7.44397978e-07	3.28103795e-05	-7.44397978e-07	0.000423614821	0.000390804442	0	0	0	0	0	3
14	37	0	0.100843277	1.40010469e-06	3.05667884e-05	-7.44397978e-07	0.000423614821	0.000393048033	0	0	0	0	0	3
15	39	0	0.108046368	-1.69896938e-06	2.84157379e-05	-1.69896938e-06	0.000423614821	0.000395199083	0	0	0	0	0	3
16	41	0	0.115249459	-4.06056112e-07	2.66143758e-05	-1.69896938e-06	0.000423614821	0.000397000445	0	0	0	0	0	3
17	43	0	0.122452551	-3.93038706e-06	2.4817625e-05	-3.93038706e-06	0.000423614821	0.000398797196	0	0	0	0	0	3
18	45	0	0.129655642	-7.72031767e-06	2.30099616e-05	-7.72031767e-06	0.000423614821	0.00040060486	0	0	0	0	0	3
19	47	0	0.136858733	-4.10789329e-06	2.1582706e-05	-7.72031767e-06	0.000423614821	0.000402032115	0	0	0	0	0	3
20	49	0	0.144061824	-9.96339381e-06	2.0005401e-05	-9.96339381e-06	0.000423614821	0.00040360942	0	0	0	0	0	3
21	51	0	0.151264916	-7.5119132e-06	1.86950527e-05	-9.96339381e-06	0.000423614821	0.000404919768	0	0	0	0	0	3
22	53	0	0.158468007	-1.29150515e-05	1.72582298e-05	-1.29150515e-05	0.000423614821	0.000406356591	0	0	0	0	0	3
23	55	0	0.165671098	-1.32892395e-05	1.5930079e-05	-1.32892395e-05	0.000423614821	0.000407684742	0	0	0	0	0	3
24	57	0	0.172874189	-1.26484333e-05	1.47393076e-05	-1.32892395e-05	0.000423614821	0.000408875514	0	0	0	0	0	3
25	59	0	0.18007728	-5.76991758e-06	1.39189386e-05	-1.32892395e-05	0.000423614821	0.000409695883	0	0	0	0	0	3
26	61	0	0.187280372	-8.5469235e-06	1.3054867e-05	-1.32892395e-05	0.000423614821	0.000410559954	0	0	0	0	0	3
27	63	0	0.194483463	-1.19811645e-05	1.21276066e-05	-1.32892395e-05	0.000423614821	0.000411487215	0	0	0	0	0	3
28	65	0	0.201686554	-1.68372215e-05	1.10931484e-05	-1.68372215e-05	0.000423614821	0.000412521673	0	0	0	0	0	3
29	67	0	0.208889645	-9.67745469e-06	1.03769207e-05	-1.68372215e-05	0.000423614821	0.0004132379	0	0	0	0	0	3
30	69	0	0.216092737	-2.40608068e-05	9.22899649e-06	-2.40608068e-05	0.000423614821	0.000414385825	0	0	0	0	0	3
31	72	0	0.223295828	-1.42594175e-05	8.47130572e-06	-2.40608068e-05	0.000423614821	0.000415143515	0	0	0	0	0	3
32	74	0	0.230498919	-1.26937798e-05	7.80989679e-06	-2.40608068e-05	0.000423614821	0.000415804924	0	0	0	0	0	3
33	76	0	0.23770201	-1.38815747e-05	7.15257948e-06	-2.40608068e-05	0.000423614821	0.000416462242	0	0	0	0	0	3
34	78	0	0.244905101	-1.28028449e-05	6.56565523e-06	-2.40608068e-05	0.000423614821	0.000417049166	0	0	0	0	0	3
35	80	0	0.252108193	-1.27697804e-05	6.01321421e-06	-2.40608068e-05	0.000423614821	0.000417601607	0	0	0	0	0	3
36	83	0	0.259311284	-1.38024195e-06	5.80784043e-06	-2.40608068e-05	0.000423614821	0.000417806981	0	0	0	0	0	3
37	85	0	0.266514375	-5.82297317e-05	4.07709524e-06	-5.82297317e-05	0.000423614821	0.000419537726	0	0	0	0	0	3
38	87	0	0.273717466	-2.4227775e-05	3.33223023e-06	-5.82297317e-05	0.000423614821	0.000420282591	0	0	0	0	0	3
39	89	0	0.280920557	-6.16556201e-06	3.0886971e-06	-5.82297317e-05	0.000423614821	0.000420526124	0	0	0	0	0	3
40	91	0	0.288123649	-1.38969589e-05	2.6640557e-06	-5.82297317e-05	0.000423614821	0.000420950765	0	0	0	0	0	3
41	94	0	0.29532674	-1.5072168e-05	2.23146487e-06	-5.82297317e-05	0.000423614821	0.000421383356	0	0	0	0	0	3
42	96	0	0.302529831	-3.65621674e-05	1.30780696e-06	-5.82297317e-05	0.000423614821	0.000422307014	0	0	0	0	0	3
43	98	0	0.309732922	-1.71629331e-05	8.78254867e-07	-5.82297317e-05	0.000423614821	0.000422736566	0	0	0	0	0	3
44	100	0	0.316936014	-8.14608997e-06	6.73156121e-07	-5.82297317e-05	0.000423614821	0.000422941665	0	0	0	0	0	3
45	103	0	0.324139105	-2.5058799e-06	6.02510876e-07	-5.82297317e-05	0.000423614821	0.00042301231	0	0	0	0	0	3
46	105	0	0.331342196	-1.83949509e-05	1.89522577e-07	-5.82297317e-05	0.000423614821	0.000423425299	0	0	0	0	0	3
47	107	0	0.338545287	-7.23123551e-06	3.16341073e-08	-5.82297317e-05	0.000423614821	0.000423583187	0	0	0	0	0	3
48	110	0	0.345748378	-2.21696777e-05	-4.30893221e-07	-5.82297317e-05	0.000423614821	0.000424045714	0	0	0	0	0	3
49	112	0	0.35295147	-3.95510922e-06	-5.02815997e-07	-5.82297317e-05	0.000423614821	0.000424117637	0	0	0	0	0	3
50	114	0	0.360154561	-3.13210536e-05	-1.11918075e-06	-5.82297317e-05	0.000423614821	0.000424734002	0	0	0	0	0	3
51	116	0	0.367357652	-1.12010089e-05	-1.31686366e-06	-5.82297317e-05	0.000423614821	0.000424931685	0	0	0	0	0	3
52	118	0	0.374560743	-1.08665306e-05	-1.5005111e-06	-5.82297317e-05	0.000423614821	0.000425115332	0	0	0	0	0	3
53	121	0	0.381763835	-7.67167076e-06	-1.61694807e-06	-5.82297317e-05	0.000423614821	0.000425231769	0	0	0	0	0	3
54	123	0	0.388966926	-2.48063107e-05	-2.04638071e-06	-5.82297317e-05	0.000423614821	0.000425661202	0	0	0	0	0	3
55	125	0	0.396170017	-1.52352539e-05	-2.28617841e-06	-5.82297317e-05	0.000423614821	0.000425901	0	0	0	0	0	3
56	127	0	0.403373108	-2.59461348e-05	-2.70867763e-06	-5.82297317e-05	0.000423614821	0.000426323499	0	0	0	0	0	3
57	129	0	0.410576199	-5.09296756e-05	-3.55466005e-06	-5.82297317e-05	0.000423614821	0.000427169481	0	0	0	0	0	3
58	132	0	0.417779291	-2.24351989e-05	-3.88018658e-06	-5.82297317e-05	0.000423614821	0.000427495008	0	0	0	0	0	3
59	134	0	0.424982382	-5.1747894e-06	-3.902129e-06	-5.82297317e-05	0.000423614821	0.00042751695	0	0	0	0	0	3
60	136	0	0.432185473	-2.4043933e-05	-4.23782573e-06	-5.82297317e-05	0.000423614821	0.000427852647	0	0	0	0	0	3
61	138	0	0.439388564	-2.40985117e-05	-4.56341075e-06	-5.82297317e-05	0.000423614821	0.000428178232	0	0	0	0	0	3
62	141	0	0.446591655	-3.10058573e-05	-4.98990182e-06	-5.82297317e-05	0.000423614821	0.000428604723	0	0	0	0	0	3
63	143	0	0.453794747	-1.14347227e-05	-5.09220057e-06	-5.82297317e-05	0.000423614821	0.000428707022	0	0	0	0	0	3
64	145	0	0.460997838	-2.86763442e-05	-5.46070281e-06	-5.82297317e-05	0.000423614821	0.000429075524	0	0	0	0	0	3
65	147	0	0.468200929	-1.96120662e-05	-5.67841609e-06	-5.82297317e-05	0.000423614821	0.000429293237	0	0	0	0	0	3
66	149	0	0.47540402	-2.20592766e-05	-5.92661095e-06	-5.82297317e-05	0.000423614821	0.000429541432	0	0	0	0	0	3
67	152	0	0.482607112	-2.13368752e-05	-6.15661489e-06	-5.82297317e-05	0.000423614821	0.000429771436	0	0	0	0	0	3
68	154	0	0.489810203	-1.10095054e-05	-6.22798093e-06	-5.82297317e-05	0.000423614821	0.000429842802	0	0	0	0	0	3
69	156	0	0.497013294	-1.60332583e-05	-6.3700864e-06	-5.82297317e-05	0.000423614821	0.000429984908	0	0	0	0	0	3
70	158	0	0.504216385	-1.8939649e-05	-6.54965158e-06	-5.82297317e-05	0.000423614821	0.000430164473	0	0	0	0	0	3
71	160	0	0.511419476	2.8698881e-06	-1.25602935e-05	-5.82297317e-05	3.22640395e-06	6.14561357e-05	0	0	0	0	0	3
72	162	0	0.518622568	-1.20300688e-05	-1.27328474e-05	-5.82297317e-05	3.22640395e-06	6.14561357e-05	0	0	0	0	0	3
73	164	0	0.525825659	-3.05211651e-05	-1.3166959e-05	-5.82297317e-05	3.22640395e-06	6.14561357e-05	0	0	0	0	0	3
74	167	0	0.53302875	-1.79498276e-05	-1.34235623e-05	-5.82297317e-05	3.22640395e-06	6.14561357e-05	0	0	0	0	0	3
75	169	0	0.540231841	-2.66923441e-05	-1.38050113e-05	-5.82297317e-05	3.22640395e-06	6.14561357e-05	0	0	0	0	0	3
76	171	0	0.547434933	-4.69055916e-05	-1.44751362e-05	-5.82297317e-05	3.22640395e-06	6.14561357e-05	0	0	0	0	0	3
77	173	0	0.554638024	-1.27178261e-05	-1.46570251e-05	-5.82297317e-05	3.22640395e-06	6.14561357e-05	0	0	0	0	0	3
78	175	0	0.561841115	-2.50120547e-05	-1.50150984e-05	-5.82297317e-05	3.22640395e-06	6.14561357e-05	0	0	0	0	0	3
79	177	0	0.569044206	-3.44960591e-06	-1.50670865e-05	-5.82297317e-05	3.22640395e-06	5.74598385e-05	0	0	0	0	0	3
80	179	0	0.576247297	-2.51873773e-05	-1.54285586e-05	-5.82297317e-05	3.22640395e-06	5.39788248e-05	0	0	0	0	0	3
81	182	0	0.583450389	-1.35131658e-05	-1.56233954e-05	-5.82297317e-05	3.22640395e-06	5.12300063e-05	0	0	0	0	0	3
82	184	0	0.59065348	-4.58784086e-05	-1.63248927e-05	-5.82297317e-05	2.8698881e-06	4.91352722e-05	0	0	0	0	0	3
83	186	0	0.597856571	-1.11626136e-05	-1.64737244e-05	-5.82297317e-05	2.8698881e-06	4.70405128e-05	0	0	0	0	0	3
84	188	0	0.605059662	-1.1199536e-05	-1.66537192e-05	-5.82297317e-05	2.8698881e-06	4.50694571e-05	0	0	0	0	0	3
85	190	0	0.612262754	-2.59199079e-05	-1.69997326e-05	-5.82297317e-05	2.8698881e-06	4.36141084e-05	0	0	0	0	0	3
86	192	0	0.619465845	-2.46184867e-05	-1.73456245e-05	-5.82297317e-05	2.8698881e-06	4.21632495e-05	0	0	0	0	0	3
87	194	0	0.626668936	-1.18302298e-05	-1.74584794e-05	-5.82297317e-05	2.8698881e-06	4.04684409e-05	0	0	0	0	0	3
88	197	0	0.633872027	-2.09033001e-05	-1.76468077e-05	-5.82297317e-05	2.8698881e-06	3.92295138e-05	0	0	0	0	0	3
89	199	0	0.641075118	-2.29467386e-05	-1.79159341e-05	-5.82297317e-05	2.8698881e-06	3.79213351e-05	0	0	0	0	0	3
90	201	0	0.64827821	-3.08985616e-05	-1.82150079e-05	-5.82297317e-05	2.8698881e-06	3.69100606e-05	0	0	0	0	0	3
91	203	0	0.655481301	-1.91741908e-05	-1.83816119e-05	-5.82297317e-05	2.8698881e-06	3.56398417e-05	0	0	0	0	0	3
92	205	0	0.662684392	-1.39527875e-05	-1.83964367e-05	-5.82297317e-05	2.8698881e-06	3.43265157e-05	0	0	0	0	0	3
93	208	0	0.669887483	-2.64462936e-05	-1.85843946e-05	-5.82297317e-05	2.8698881e-06	3.33237022e-05	0	0	0	0	0	3
94	210	0	0.677090574	-2.27804469e-05	-1.87291376e-05	-5.82297317e-05	2.8698881e-06	3.26480763e-05	0	0	0	0	0	3
95	212	0	0.684293666	-2.4543771e-05	-1.89973355e-05	-5.82297317e-05	2.8698881e-06	3.20522026e-05	0	0	0	0	0	3
96	214	0	0.691496757	-1.73960263e-05	-1.91237513e-05	-5.82297317e-05	2.8698881e-06	3.12513579e-05	0	0	0	0	0	3
97	216	0	0.698699848	-1.58685549e-05	-1.91792854e-05	-5.82297317e-05	2.8698881e-06	3.02724339e-05	0	0	0	0	0	3
98	218	0	0.705902939	-1.70502961e-05	-1.91823294e-05	-5.82297317e-05	2.8698881e-06	2.95592501e-05	0	0	0	0	0	3
99	220	0	0.713106031	-9.01532508e-06	-1.91728704e-05	-5.82297317e-05	2.8698881e-06	2.84113259e-05	0	0	0	0	0	3
100	223	0	0.720309122	-1.77865011e-05	-1.90832374e-05	-5.82297317e-05	2.8698881e-06	2.76536351e-05	0	0	0	0	0	3
101	227	0	0.727512213	-4.06291059e-05	-1.94599473e-05	-5.82297317e-05	2.8698881e-06	2.72698441e-05	0	0	0	0	0	3
102	230	0	0.734715304	-2.40736238e-05	-1.96225165e-05	-5.82297317e-05	2.8698881e-06	2.67750959e-05	0	0	0	0	0	3
103	232	0	0.741918395	-2.02773984e-05	-1.97138854e-05	-5.82297317e-05	2.8698881e-06	2.62795406e-05	0	0	0	0	0	3
104	234	0	0.749121487	-6.02031282e-06	-1.96169921e-05	-5.82297317e-05	2.8698881e-06	2.57270996e-05	0	0	0	0	0	3
105	236	0	0.756324578	-1.50108033e-05	-1.96490067e-05	-5.82297317e-05	2.8698881e-06	2.55217258e-05	0	0	0	0	0	3
106	238	0	0.763527669	-3.40585252e-05	-2.01158393e-05	-5.82297317e-05	2.8698881e-06	2.41929345e-05	0	0	0	0	0	3
107	240	0	0.77073076	-1.60329533e-05	-1.95130282e-05	-5.09296756e-05	2.8698881e-06	2.34480695e-05	0	0	0	0	0	3
108	242	0	0.777933852	-1.92412708e-05	-1.94417924e-05	-5.09296756e-05	2.8698881e-06	2.32045364e-05	0	0	0	0	0	3
109	244	0	0.785136943	-9.91895624e-06	-1.94954123e-05	-5.09296756e-05	2.8698881e-06	2.2779895e-05	0	0	0	0	0	3
110	246	0	0.792340034	-2.24285971e-05	-1.96172929e-05	-5.09296756e-05	2.8698881e-06	2.23473042e-05	0	0	0	0	0	3
111	249	0	0.799543125	-5.64872294e-06	-1.94826722e-05	-5.09296756e-05	2.8698881e-06	2.14236463e-05	0	0	0	0	0	3
112	251	0	0.806746216	-1.98044164e-06	-1.89886476e-05	-5.09296756e-05	2.8698881e-06	2.09940942e-05	0	0	0	0	0	3
113	253	0	0.813949308	1.27313921e-06	-1.87252751e-05	-5.09296756e-05	2.8698881e-06	2.07889954e-05	0	0	0	0	0	3
114	255	0	0.821152399	-3.6127738e-05	-1.91250129e-05	-5.09296756e-05	2.8698881e-06	2.07183502e-05	0	0	0	0	0	3
115	257	0	0.82835549	-3.03246685e-05	-1.95224242e-05	-5.09296756e-05	2.8698881e-06	2.03053619e-05	0	0	0	0	0	3
116	259	0	0.835558581	-4.65945208e-06	-1.93262028e-05	-5.09296756e-05	2.8698881e-06	2.01474734e-05	0	0	0	0	0	3
117	261	0	0.842761672	-1.74762617e-06	-1.92478655e-05	-5.09296756e-05	2.8698881e-06	1.96849461e-05	0	0	0	0	0	3
118	263	0	0.849964764	-5.11276794e-06	-1.90041954e-05	-5.09296756e-05	2.8698881e-06	1.96130233e-05	0	0	0	0	0	3
119	265	0	0.857167855	-4.14379111e-07	-1.89536135e-05	-5.09296756e-05	2.8698881e-06	1.89966585e-05	0	0	0	0	0	3
120	268	0	0.864370946	-1.17310494e-05	-1.86737563e-05	-5.09296756e-05	2.8698881e-06	1.87989756e-05	0	0	0	0	0	3
121	270	0	0.871574037	-7.15549885e-07	-1.8523964e-05	-5.09296756e-05	2.8698881e-06	1.86153282e-05	0	0	0	0	0	3
122	272	0	0.878777129	-5.44699978e-06	-1.84465422e-05	-5.09296756e-05	2.8698881e-06	1.84988912e-05	0	0	0	0	0	3
123	274	0	0.88598022	-1.08354827e-05	-1.84917395e-05	-5.09296756e-05	2.8698881e-06	1.80694586e-05	0	0	0	0	0	3
124	276	0	0.893183311	-1.11888517e-05	-1.82972044e-05	-5.09296756e-05	2.8698881e-06	1.78296609e-05	0	0	0	0	0	3
125	278	0	0.900386402	-5.50431895e-06	-1.8158191e-05	-5.09296756e-05	2.8698881e-06	1.74071617e-05	0	0	0	0	0	3
126	280	0	0.907589493	-5.79766621e-06	-1.78703557e-05	-5.09296756e-05	2.8698881e-06	1.65611792e-05	0	0	0	0	0	3
127	282	0	0.914792585	-2.71395963e-07	-1.7146666e-05	-4.69055916e-05	2.8698881e-06	1.62356527e-05	0	0	0	0	0	3
128	285	0	0.921995676	-3.94367992e-06	-1.68825015e-05	-4.69055916e-05	2.8698881e-06	1.62137103e-05	0	0	0	0	0	3
129	287	0	0.929198767	-6.2842996e-06	-1.68983516e-05	-4.69055916e-05	2.8698881e-06	1.58780136e-05	0	0	0	0	0	3
130	289	0	0.936401858	-7.17716717e-06	-1.66573978e-05	-4.69055916e-05	2.8698881e-06	1.55524285e-05	0	0	0	0	0	3
131	291	0	0.94360495	-8.93637532e-06	-1.64407959e-05	-4.69055916e-05	2.8698881e-06	1.51259375e-05	0	0	0	0	0	3
132	293	0	0.950808041	-4.0563553e-06	-1.6055803e-05	-4.69055916e-05	2.8698881e-06	1.50236387e-05	0	0	0	0	0	3
133	295	0	0.958011132	-1.64773269e-05	-1.61278402e-05	-4.69055916e-05	2.8698881e-06	1.46551365e-05	0	0	0	0	0	3
134	298	0	0.965214223	-3.86075983e-06	-1.57733318e-05	-4.69055916e-05	2.8698881e-06	1.44374232e-05	0	0	0	0	0	3
135	300	0	0.972417314	3.67096336e-06	-1.54407171e-05	-4.69055916e-05	3.67096336e-06	1.41892283e-05	0	0	0	0	0	3
136	302	0	0.979620406	-5.73983815e-06	-1.52075823e-05	-4.69055916e-05	3.67096336e-06	1.39592244e-05	0	0	0	0	0	3
137	304	0	0.986823497	-3.36434667e-06	-1.49508319e-05	-4.69055916e-05	3.67096336e-06	1.38878584e-05	0	0	0	0	0	3
138	306	0	0.994026588	-5.70866906e-06	-1.48751057e-05	-4.69055916e-05	3.67096336e-06	1.37457529e-05	0	0	0	0	0	3
139	308	0	1.00122968	-1.37591081e-05	-1.48426178e-05	-4.69055916e-05	3.67096336e-06	1.35661877e-05	0.0907552633	0	0	0	0	3
140	310	0	1.00843277	-1.72204481e-05	-1.48180578e-05	-4.69055916e-05	3.67096336e-06	7.55554581e-06	0.0929511867	0	0	0	0	3
141	312	0	1.01563586	-3.29523487e-06	-1.4906131e-05	-4.69055916e-05	3.67096336e-06	7.38299192e-06	0.0909171693	0	0	0	0	3
142	314	0	1.02283895	-8.69298704e-06	-1.48584584e-05	-4.69055916e-05	3.67096336e-06	6.94888029e-06	0.0929511867	0	0	0	0	3
143	316	0	1.03004204	-1.07091281e-05	-1.45754293e-05	-4.69055916e-05	3.67096336e-06	6.69227701e-06	0.0929511867	0	0	0	0	3
144	318	0	1.03724514	-2.97278437e-06	-1.43614715e-05	-4.69055916e-05	3.67096336e-06	6.31082799e-06	0.0918565111	0	0	0	0	3
145	320	0	1.04444823	-1.41298701e-05	-1.41820076e-05	-4.69055916e-05	3.67096336e-06	5.9338317e-06	0.0929511867	0	0	0	0	3
146	322	0	1.05165132	-3.46843791e-06	-1.35614768e-05	-4.58784086e-05	3.67096336e-06	6.55436247e-06	0.0929511867	0	0	0	0	3
147	325	0	1.05885441	7.03459723e-06	-1.32792993e-05	-4.58784086e-05	7.03459723e-06	6.83653995e-06	0.0909133887	0	0	0	0	3
148	327	0	1.0660575	8.18719583e-06	-1.28050243e-05	-4.58784086e-05	8.18719583e-06	7.31081495e-06	0.0919905973	0	0	0	0	3
149	329	0	1.07326059	-1.54137383e-05	-1.29759405e-05	-4.58784086e-05	8.18719583e-06	7.31081495e-06	0.0916872927	0	0	0	0	3
150	331	0	1.08046368	-3.23449076e-05	-1.3078191e-05	-4.58784086e-05	8.18719583e-06	7.31081495e-06	0.0918561364	0	0	0	0	3
151	333	0	1.08766677	-1.49210255e-05	-1.30983032e-05	-4.58784086e-05	8.18719583e-06	7.31081495e-06	0.0929511867	0	0	0	0	3
152	335	0	1.09486987	6.30380216e-06	-1.23528431e-05	-4.06291059e-05	8.18719583e-06	7.76299622e-06	0.0929511867	0	0	0	0	3
153	337	0	1.10207296	-1.04574108e-06	-1.22083163e-05	-4.06291059e-05	8.18719583e-06	7.90752297e-06	0.0918556407	0	0	0	0	3
154	339	0	1.10927605	-1.50953842e-05	-1.22639713e-05	-4.06291059e-05	8.18719583e-06	7.90752297e-06	0.0929511867	0	0	0	0	3
155	341	0	1.11647914	-1.09031464e-08	-1.18938427e-05	-4.06291059e-05	8.18719583e-06	8.22199663e-06	0.0929511867	0	0	0	0	3
156	343	0	1.12368223	1.14313795e-05	-1.13788446e-05	-4.06291059e-05	1.14313795e-05	8.73699472e-06	0.0899919104	0	0	0	0	3
157	345	0	1.13088532	-1.28415443e-05	-1.13932919e-05	-4.06291059e-05	1.14313795e-05	8.73699472e-06	0.0929511867	0	0	0	0	3
158	347	0	1.13808841	-4.26336641e-06	-1.11555786e-05	-4.06291059e-05	1.14313795e-05	8.96026071e-06	0.091683308	0	0	0	0	3
159	349	0	1.1452915	-2.58024009e-05	-1.11963738e-05	-4.06291059e-05	1.14313795e-05	8.96026071e-06	0.0918552844	0	0	0	0	3
160	351	0	1.15249459	-1.30623962e-05	-1.09415714e-05	-4.06291059e-05	1.14313795e-05	9.1742679e-06	0.0929511867	0	0	0	0	3
161	353	0	1.15969769	-1.87863889e-05	-1.09360314e-05	-4.06291059e-05	1.14313795e-05	9.17980792e-06	0.0929511867	0	0	0	0	3
162	356	0	1.16690078	1.25389505e-05	-1.0557578e-05	-4.06291059e-05	1.25389505e-05	9.55826132e-06	0.0918550659	0	0	0	0	3
163	358	0	1.17410387	-5.29269298e-06	-1.02553837e-05	-4.06291059e-05	1.25389505e-05	9.86045562e-06	0.0929511867	0	0	0	0	3
164	360	0	1.18130696	1.84319207e-05	-9.66663557e-06	-4.06291059e-05	1.84319207e-05	1.04492037e-05	0.0929511867	0	0	0	0	3
165	362	0	1.18851005	-2.1417489e-05	-9.6219744e-06	-4.06291059e-05	1.84319207e-05	1.04938649e-05	0.0929511867	0	0	0	0	3
166	365	0	1.19571314	-5.70370638e-06	-9.45494125e-06	-4.06291059e-05	1.84319207e-05	1.0660898e-05	0.0918574846	0	0	0	0	3
167	367	0	1.20291623	-1.65188127e-05	-9.46423065e-06	-4.06291059e-05	1.84319207e-05	1.0660898e-05	0.0916904972	0	0	0	0	3
168	369	0	1.21011932	-2.98973851e-05	-9.6477605e-06	-4.06291059e-05	1.84319207e-05	1.0660898e-05	0.0929511867	0	0	0	0	3
169	371	0	1.21732242	4.17293767e-06	-9.45935674e-06	-4.06291059e-05	1.84319207e-05	1.0660898e-05	0.091855267	0	0	0	0	3
170	373	0	1.22452551	8.64136202e-06	-9.08181584e-06	-4.06291059e-05	1.84319207e-05	1.10340235e-05	0.0929511867	0	0	0	0	3
171	375	0	1.2317286	-8.93023269e-06	-8.62897479e-06	-3.6127738e-05	1.84319207e-05	1.14868645e-05	0.0929511867	0	0	0	0	3
172	377	0	1.23893169	-2.35006176e-05	-8.62078899e-06	-3.6127738e-05	1.84319207e-05	1.14950503e-05	0.0929511867	0	0	0	0	3
173	379	0	1.24613478	-1.58524953e-05	-8.55757609e-06	-3.6127738e-05	1.84319207e-05	1.15582632e-05	0.0918570623	0	0	0	0	3
174	381	0	1.25333787	3.52610484e-06	-8.4211987e-06	-3.6127738e-05	1.84319207e-05	1.16946406e-05	0.0929511867	0	0	0	0	3
175	383	0	1.26054096	-4.0504938e-06	-8.26462285e-06	-3.6127738e-05	1.84319207e-05	1.18512164e-05	0.0929511867	0	0	0	0	3
176	386	0	1.26774405	1.15387011e-05	-7.6132339e-06	-3.6127738e-05	1.84319207e-05	1.2004059e-05	0.0929511867	0	0	0	0	3
177	388	0	1.27494715	-1.64881602e-05	-7.61973686e-06	-3.6127738e-05	1.84319207e-05	1.2004059e-05	0.090625412	0	0	0	0	3
178	390	0	1.28215024	-2.73787417e-05	-7.73598644e-06	-3.6127738e-05	1.84319207e-05	1.2004059e-05	0.0929511867	0	0	0	0	3
179	392	0	1.28935333	5.99007002e-07	-7.58572982e-06	-3.6127738e-05	1.84319207e-05	1.2031563e-05	0.0929511867	0	0	0	0	3
180	394	0	1.29655642	9.1156e-06	-7.13509843e-06	-3.6127738e-05	1.84319207e-05	1.23873258e-05	0.0929511867	0	0	0	0	3
181	397	0	1.30375951	-1.51166275e-05	-7.27035421e-06	-3.6127738e-05	1.84319207e-05	1.23873258e-05	0.0918568129	0	0	0	0	3
182	399	0	1.3109626	-1.27585911e-05	-7.42432778e-06	-3.6127738e-05	1.84319207e-05	1.23873258e-05	0.0929511867	0	0	0	0	3
183	401	0	1.31816569	5.73872032e-06	-7.36053376e-06	-3.6127738e-05	1.84319207e-05	1.23873258e-05	0.0929511867	0	0	0	0	3
184	403	0	1.32536878	1.01444588e-05	-6.69950238e-06	-3.23449076e-05	1.84319207e-05	1.28229218e-05	0.0929511867	0	0	0	0	3
185	405	0	1.33257188	-4.43081766e-06	-6.32959022e-06	-3.23449076e-05	1.84319207e-05	1.29966126e-05	0.0918565319	0	0	0	0	3
186	408	0	1.33977497	-4.94805468e-06	-6.33371312e-06	-3.23449076e-05	1.84319207e-05	1.29182753e-05	0.0929511867	0	0	0	0	3
187	410	0	1.34697806	-1.67756964e-05	-6.54839983e-06	-3.23449076e-05	1.84319207e-05	1.26746052e-05	0.0916896696	0	0	0	0	3
188	413	0	1.35418115	-2.40387873e-05	-6.81877154e-06	-3.23449076e-05	1.84319207e-05	1.26240233e-05	0.0929511867	0	0	0	0	3
189	415	0	1.36138424	2.76439281e-06	-6.77336051e-06	-3.23449076e-05	1.84319207e-05	1.23441661e-05	0.0918562532	0	0	0	0	3
190	417	0	1.36858733	-2.81480125e-06	-6.64598554e-06	-3.23449076e-05	1.84319207e-05	1.21943738e-05	0.0929511867	0	0	0	0	3
191	419	0	1.37579042	2.00095382e-06	-6.60717834e-06	-3.23449076e-05	1.84319207e-05	1.21621493e-05	0.0929511867	0	0	0	0	3
192	421	0	1.38299351	2.24659528e-06	-6.49726984e-06	-3.23449076e-05	1.84319207e-05	1.21621493e-05	0.0929511867	0	0	0	0	3
193	423	0	1.39019661	-1.58056773e-05	-6.56827262e-06	-3.23449076e-05	1.84319207e-05	1.19676141e-05	0.0918561307	0	0	0	0	3
194	425	0	1.3973997	-1.55879152e-05	-6.63111638e-06	-3.23449076e-05	1.84319207e-05	1.18286008e-05	0.0929511867	0	0	0	0	3
195	428	0	1.40460279	6.76509637e-06	-6.45583902e-06	-3.23449076e-05	1.84319207e-05	1.15407655e-05	0.0929511867	0	0	0	0	3
196	430	0	1.41180588	2.09621148e-06	-6.34306934e-06	-3.23449076e-05	1.84319207e-05	1.08170758e-05	0.0916855047	0	0	0	0	3
197	432	0	1.41900897	-2.3061669e-05	-6.66864467e-06	-3.23449076e-05	1.84319207e-05	1.05687614e-05	0.0918561255	0	0	0	0	3
198	434	0	1.42621206	-6.68662306e-06	-6.70782957e-06	-3.23449076e-05	1.84319207e-05	1.05687614e-05	0.0929511867	0	0	0	0	3
199	436	0	1.43341515	3.39241759e-06	-6.56959076e-06	-3.23449076e-05	1.84319207e-05	1.03278076e-05	0.0929511867	0	0	0	0	3
200	439	0	1.44061824	-2.59282116e-06	-6.5041001e-06	-3.23449076e-05	1.84319207e-05	1.01112056e-05	0.0929511867	0	0	0	0	3
201	444	0	1.44782133	-1.40786776e-05	-6.57756156e-06	-3.23449076e-05	1.84319207e-05	9.79824996e-06	0.0918560562	0	0	0	0	3
202	446	0	1.45502443	-1.31611691e-05	-6.70763033e-06	-3.23449076e-05	1.84319207e-05	9.79824996e-06	0.0929511867	0	0	0	0	3
203	448	0	1.46222752	-7.4944843e-07	-6.48294635e-06	-3.23449076e-05	1.84319207e-05	9.44374161e-06	0.0929511867	0	0	0	0	3
204	450	0	1.46943061	2.46691597e-05	-6.07537607e-06	-3.23449076e-05	2.46691597e-05	9.36534106e-06	0.0929511867	0	0	0	0	3
205	452	0	1.4766337	-2.18525547e-05	-6.43999776e-06	-3.23449076e-05	2.46691597e-05	9.13220622e-06	0.0906238231	0	0	0	0	3
206	454	0	1.48383679	-3.45256609e-05	-6.8512238e-06	-3.45256609e-05	2.46691597e-05	8.87545582e-06	0.0929511867	0	0	0	0	3
207	456	0	1.49103988	-1.08927555e-05	-6.95877249e-06	-3.45256609e-05	2.46691597e-05	8.83075489e-06	0.0929511867	0	0	0	0	3
208	458	0	1.49824297	4.03087832e-06	-6.8196361e-06	-3.45256609e-05	2.46691597e-05	8.83075489e-06	0.0929511867	0	0	0	0	3
209	460	0	1.50544606	-1.83853481e-06	-6.6493422e-06	-3.45256609e-05	2.46691597e-05	8.83075489e-06	0.0918559576	0	0	0	0	3
210	462	0	1.51264916	-9.79550625e-06	-6.5432716e-06	-3.45256609e-05	2.46691597e-05	8.83075489e-06	0.0929511867	0	0	0	0	3
211	464	0	1.51985225	3.44707684e-06	-6.44695286e-06	-3.45256609e-05	2.46691597e-05	8.7830823e-06	0.0929511867	0	0	0	0	3
212	466	0	1.52705534	1.9650353e-05	-6.042048e-06	-3.45256609e-05	2.46691597e-05	8.53338126e-06	0.0929511867	0	0	0	0	3
213	469	0	1.53425843	-3.15743904e-05	-6.34012318e-06	-3.45256609e-05	2.46691597e-05	8.3194235e-06	0.0918559041	0	0	0	0	3
214	471	0	1.54146152	-9.50441765e-06	-6.43343223e-06	-3.45256609e-05	2.46691597e-05	8.13995959e-06	0.0916866764	0	0	0	0	3
215	473	0	1.54866461	-2.89528889e-05	-6.64518964e-06	-3.45256609e-05	2.46691597e-05	7.51942882e-06	0.0929511867	0	0	0	0	3
216	476	0	1.5558677	1.42472826e-05	-6.39210792e-06	-3.45256609e-05	2.46691597e-05	7.23725134e-06	0.0929511867	0	0	0	0	3
217	478	0	1.56307079	8.92987321e-07	-6.4798452e-06	-3.45256609e-05	2.46691597e-05	7.05625523e-06	0.0918557892	0	0	0	0	3
218	480	0	1.57027389	-3.52978058e-06	-6.64723058e-06	-3.45256609e-05	2.46691597e-05	7.05625523e-06	0.0929511867	0	0	0	0	3
219	482	0	1.57747698	-2.31515729e-05	-6.75777107e-06	-3.45256609e-05	2.46691597e-05	7.05625523e-06	0.0929511867	0	0	0	0	3
220	485	0	1.58468007	2.32032103e-05	-5.96422653e-06	-3.45256609e-05	2.46691597e-05	7.1340767e-06	0.0929511867	0	0	0	0	3
221	487	0	1.59188316	1.4946833e-05	-5.53754284e-06	-3.45256609e-05	2.46691597e-05	6.81530024e-06	0.0918557681	0	0	0	0	3
222	489	0	1.59908625	-6.65872121e-06	-5.72272175e-06	-3.45256609e-05	2.46691597e-05	6.72642846e-06	0.0929511867	0	0	0	0	3
223	491	0	1.60628934	-1.97792183e-05	-5.99034285e-06	-3.45256609e-05	2.46691597e-05	6.72642846e-06	0.0916873774	0	0	0	0	3
224	493	0	1.61349243	-2.03844041e-05	-6.06590027e-06	-3.45256609e-05	2.46691597e-05	6.35629982e-06	0.0929511867	0	0	0	0	3
225	496	0	1.62069552	-4.98600309e-06	-6.13697313e-06	-3.45256609e-05	2.46691597e-05	5.85574908e-06	0.0918556399	0	0	0	0	3
226	498	0	1.62789862	5.17124773e-07	-6.29289106e-06	-3.45256609e-05	2.46691597e-05	5.85574908e-06	0.0929511867	0	0	0	0	3
227	500	0	1.63510171	4.43383109e-06	-6.04609998e-06	-3.45256609e-05	2.46691597e-05	5.65883092e-06	0.0929511867	0	0	0	0	3
228	502	0	1.6423048	1.21296674e-05	-5.81191378e-06	-3.45256609e-05	2.46691597e-05	5.65883092e-06	0.0929511867	0	0	0	0	3
229	504	0	1.64950789	-1.05381956e-05	-5.59385371e-06	-3.45256609e-05	2.46691597e-05	5.40402856e-06	0.0918555593	0	0	0	0	3
230	506	0	1.65671098	-1.37555568e-05	-5.603756e-06	-3.45256609e-05	2.46691597e-05	5.39848853e-06	0.0929511867	0	0	0	0	3
231	509	0	1.66391407	-9.92799641e-06	-5.47720754e-06	-3.45256609e-05	2.46691597e-05	5.08037043e-06	0.0916837253	0	0	0	0	3
232	511	0	1.67111716	-2.88169799e-05	-6.06800654e-06	-3.45256609e-05	2.46691597e-05	4.77817614e-06	0.0929511867	0	0	0	0	3
233	513	0	1.67832025	2.63609734e-07	-5.98863079e-06	-3.45256609e-05	2.46691597e-05	4.18942803e-06	0.0918553971	0	0	0	0	3
234	516	0	1.68552334	5.87262551e-07	-6.24355448e-06	-3.45256609e-05	2.46691597e-05	4.17055296e-06	0.0929511867	0	0	0	0	3
235	518	0	1.69272644	-1.65167656e-05	-6.17354414e-06	-3.45256609e-05	2.46691597e-05	4.17055296e-06	0.0929511867	0	0	0	0	3
236	520	0	1.69992953	1.97365493e-05	-5.81011192e-06	-3.45256609e-05	2.46691597e-05	4.17055296e-06	0.0929511867	0	0	0	0	3
237	522	0	1.70713262	-5.06538036e-06	-5.64649146e-06	-3.45256609e-05	2.46691597e-05	4.17055296e-06	0.0918554143	0	0	0	0	3
238	524	0	1.71433571	-1.97153782e-05	-5.50103422e-06	-3.45256609e-05	2.46691597e-05	3.9821492e-06	0.0929511867	0	0	0	0	3
239	526	0	1.7215388	-2.36202369e-05	-5.89807957e-06	-3.45256609e-05	2.46691597e-05	3.6046083e-06	0.0916895796	0	0	0	0	3
240	528	0	1.72874189	-2.4533422e-05	-6.37200506e-06	-3.45256609e-05	2.46691597e-05	3.15176726e-06	0.0929511867	0	0	0	0	3
241	531	0	1.73594498	4.22119603e-06	-6.1841275e-06	-3.45256609e-05	2.46691597e-05	3.14358145e-06	0.0918553108	0	0	0	0	3
242	534	0	1.74314807	-1.1638773e-06	-5.86503121e-06	-3.45256609e-05	2.46691597e-05	3.08036855e-06	0.0929511867	0	0	0	0	3
243	536	0	1.75035117	8.28463802e-06	-5.52021502e-06	-3.45256609e-05	2.46691597e-05	2.94399116e-06	0.0929511867	0	0	0	0	3
244	538	0	1.75755426	-5.33493218e-06	-5.64680127e-06	-3.45256609e-05	2.46691597e-05	2.78741531e-06	0.0929511867	0	0	0	0	3
245	540	0	1.76475735	-2.53897804e-05	-5.95164822e-06	-3.45256609e-05	2.46691597e-05	2.2587789e-06	0.0918552627	0	0	0	0	3
246	543	0	1.77196044	4.19997799e-06	-6.05648712e-06	-3.45256609e-05	2.46691597e-05	2.2587789e-06	0.0929511867	0	0	0	0	3
247	545	0	1.77916353	5.28994158e-06	-5.74537138e-06	-3.45256609e-05	2.46691597e-05	2.2587789e-06	0.0916904573	0	0	0	0	3
248	547	0	1.78636662	-3.0194922e-05	-5.78560253e-06	-3.45256609e-05	2.46691597e-05	2.10852228e-06	0.0929511867	0	0	0	0	3
249	549	0	1.79356971	-1.6387302e-05	-6.02826408e-06	-3.45256609e-05	2.46691597e-05	1.94712024e-06	0.0918550932	0	0	0	0	3
250	552	0	1.8007728	-1.18340672e-05	-6.32754504e-06	-3.45256609e-05	2.46691597e-05	1.94712024e-06	0.0929511867	0	0	0	0	3
251	554	0	1.8079759	2.38600762e-06	-6.0775074e-06	-3.45256609e-05	2.46691597e-05	1.94712024e-06	0.0929511867	0	0	0	0	3
252	556	0	1.81517899	1.87250464e-05	-5.62774115e-06	-3.45256609e-05	2.46691597e-05	1.88332622e-06	0.0929511867	0	0	0	0	3
253	558	0	1.82238208	-6.28280006e-09	-5.70981262e-06	-3.45256609e-05	2.46691597e-05	1.48156496e-06	0.0918550598	0	0	0	0	3
254	560	0	1.82958517	-7.04783695e-06	-5.95541685e-06	-3.45256609e-05	2.46691597e-05	1.48156496e-06	0.0929511867	0	0	0	0	3
255	563	0	1.83678826	-1.89467897e-05	-6.16278788e-06	-3.45256609e-05	2.46691597e-05	1.48156496e-06	0.0916853692	0	0	0	0	3
256	565	0	1.84399135	-2.6883519e-05	-6.47615165e-06	-3.45256609e-05	2.46691597e-05	1.48156496e-06	0.0929511867	0	0	0	0	3
257	567	0	1.85119444	-1.35888931e-05	-6.43062589e-06	-3.45256609e-05	2.46691597e-05	1.48156496e-06	0.0929511867	0	0	0	0	3
258	569	0	1.85839753	-9.63140983e-07	-6.1009738e-06	-3.45256609e-05	2.46691597e-05	1.48156496e-06	0.0918562533	0	0	0	0	3
259	571	0	1.86560063	-7.22293343e-06	-6.24364989e-06	-3.45256609e-05	2.46691597e-05	1.48156496e-06	0.0929511867	0	0	0	0	3
260	573	0	1.87280372	6.94762292e-06	-6.10418669e-06	-3.45256609e-05	2.46691597e-05	1.48156496e-06	0.0929511867	0	0	0	0	3
261	575	0	1.88000681	-8.50693753e-06	-6.25429942e-06	-3.45256609e-05	2.46691597e-05	1.48156496e-06	0.0929511867	0	0	0	0	3
262	578	0	1.8872099	1.31012517e-05	-6.0992329e-06	-3.45256609e-05	2.46691597e-05	1.48156496e-06	0.0929511867	0	0	0	0	3
263	580	0	1.89441299	-6.77393741e-07	-5.88311456e-06	-3.45256609e-05	2.46691597e-05	1.48156496e-06	0.0906232378	0	0	0	0	3
264	583	0	1.90161608	-4.16274887e-05	-6.25510847e-06	-4.16274887e-05	2.46691597e-05	1.48156496e-06	0.0929511867	0	0	0	0	3
265	585	0	1.90881917	-1.42347608e-05	-6.55510643e-06	-4.16274887e-05	2.46691597e-05	1.48156496e-06	0.0929511867	0	0	0	0	3
266	587	0	1.91602226	3.76855203e-08	-6.58451394e-06	-4.16274887e-05	2.46691597e-05	1.48156496e-06	0.0929511867	0	0	0	0	3
267	590	0	1.92322536	9.23584256e-06	-6.12312092e-06	-4.16274887e-05	2.46691597e-05	1.48156496e-06	0.0929511867	0	0	0	0	3
268	592	0	1.93042845	1.22889006e-05	-5.85204201e-06	-4.16274887e-05	2.46691597e-05	1.48156496e-06	0.0918560257	0	0	0	0	3
269	594	0	1.93763154	-1.44479253e-05	-6.10690405e-06	-4.16274887e-05	2.46691597e-05	1.48156496e-06	0.0929511867	0	0	0	0	3
270	596	0	1.94483463	-1.11018184e-06	-6.08572349e-06	-4.16274887e-05	2.46691597e-05	1.48156496e-06	0.0929511867	0	0	0	0	3
271	598	0	1.95203772	-1.28867141e-05	-6.06869544e-06	-4.16274887e-05	2.46691597e-05	1.48156496e-06	0.0916893984	0	0	0	0	3
272	601	0	1.95924081	-1.68742949e-05	-6.12174009e-06	-4.16274887e-05	2.46691597e-05	1.48156496e-06	0.0929511867	0	0	0	0	3
273	603	0	1.9664439	4.48513253e-06	-6.04696037e-06	-4.16274887e-05	2.46691597e-05	1.48156496e-06	0.0918558938	0	0	0	0	3
274	605	0	1.97364699	3.71424923e-06	-6.34631623e-06	-4.16274887e-05	2.32032103e-05	1.48156496e-06	0.0929511867	0	0	0	0	3
275	607	0	1.98085008	5.08187881e-07	-6.02687705e-06	-4.16274887e-05	2.32032103e-05	1.48156496e-06	0.0929511867	0	0	0	0	3
276	609	0	1.98805318	-1.48106367e-05	-5.74523385e-06	-4.16274887e-05	2.32032103e-05	1.48156496e-06	0.0929511867	0	0	0	0	3
277	611	0	1.99525627	-1.44891012e-05	-5.79661021e-06	-4.16274887e-05	2.32032103e-05	1.34242856e-06	0.0929511867	0	0	0	0	3
278	613	0	2.00245936	-8.19815982e-06	-5.97131076e-06	-4.16274887e-05	2.32032103e-05	1.28056354e-06	0.0918558226	0	0	0	0	3
279	616	0	2.00966245	-4.43529565e-06	-6.00840734e-06	-4.16274887e-05	2.32032103e-05	1.28056354e-06	0.0916866555	0	0	0	0	3
280	618	0	2.01686554	-1.89296806e-05	-6.13889555e-06	-4.16274887e-05	2.32032103e-05	1.28056354e-06	0.0929511867	0	0	0	0	3
281	620	0	2.02406863	-3.0805095e-06	-6.23214678e-06	-4.16274887e-05	2.32032103e-05	1.28056354e-06	0.0929511867	0	0	0	0	3
282	622	0	2.03127172	7.767856e-06	-6.40189674e-06	-4.16274887e-05	2.32032103e-05	1.28056354e-06	0.0929511867	0	0	0	0	3
283	624	0	2.03847481	-5.85817677e-06	-6.03452226e-06	-4.16274887e-05	2.32032103e-05	1.28056354e-06	0.0918557356	0	0	0	0	3
284	627	0	2.04567791	-1.48392103e-05	-6.11073358e-06	-4.16274887e-05	2.32032103e-05	1.28056354e-06	0.0929511867	0	0	0	0	3
285	629	0	2.052881	-1.46206144e-05	-5.9059868e-06	-4.16274887e-05	2.32032103e-05	1.28056354e-06	0.0929511867	0	0	0	0	3
286	632	0	2.06008409	-1.33818255e-06	-6.1286363e-06	-4.16274887e-05	2.32032103e-05	1.28056354e-06	0.0929511867	0	0	0	0	3
287	634	0	2.06728718	8.58954578e-06	-6.01868547e-06	-4.16274887e-05	2.32032103e-05	1.28056354e-06	0.091690588	0	0	0	0	3
288	637	0	2.07449027	-5.69513545e-06	-6.04961911e-06	-4.16274887e-05	2.32032103e-05	1.28056354e-06	0.0918557262	0	0	0	0	3
289	639	0	2.08169336	-1.88571729e-05	-5.98827054e-06	-4.16274887e-05	2.32032103e-05	1.1073064e-06	0.0929511867	0	0	0	0	3
290	641	0	2.08889645	-8.58396567e-06	-6.44237305e-06	-4.16274887e-05	1.97365493e-05	1.1073064e-06	0.0929511867	0	0	0	0	3
291	643	0	2.09609954	-1.61848937e-05	-6.88711201e-06	-4.16274887e-05	1.97365493e-05	1.40990447e-06	0.0929511867	0	0	0	0	3
292	645	0	2.10330264	7.62467999e-06	-6.68306342e-06	-4.16274887e-05	1.97365493e-05	1.40990447e-06	0.0929511867	0	0	0	0	3
293	647	0	2.11050573	3.62757764e-07	-6.3953209e-06	-4.16274887e-05	1.97365493e-05	1.40990447e-06	0.0918556936	0	0	0	0	3
294	650	0	2.11770882	-1.13217501e-05	-6.26585442e-06	-4.16274887e-05	1.97365493e-05	1.40990447e-06	0.0929511867	0	0	0	0	3
295	652	0	2.12491191	-1.66001873e-05	-6.43177133e-06	-4.16274887e-05	1.97365493e-05	1.40990447e-06	0.0916911558	0	0	0	0	3
296	654	0	2.132115	-1.65863619e-05	-6.67610686e-06	-4.16274887e-05	1.97365493e-05	1.40990447e-06	0.0929511867	0	0	0	0	3
297	656	0	2.13931809	-6.80445149e-06	-6.83665375e-06	-4.16274887e-05	1.97365493e-05	1.40990447e-06	0.0929511867	0	0	0	0	3
298	658	0	2.14652118	5.13434965e-07	-7.00259993e-06	-4.16274887e-05	1.97365493e-05	1.52539239e-06	0.0918557073	0	0	0	0	3
299	660	0	2.15372427	-8.06269359e-06	-6.96723562e-06	-4.16274887e-05	1.97365493e-05	1.52539239e-06	0.0929511867	0	0	0	0	3
300	663	0	2.16092737	-1.31968379e-06	-6.78958029e-06	-4.16274887e-05	1.97365493e-05	1.52539239e-06	0.0929511867	0	0	0	0	3
301	668	0	2.16813046	-5.80242243e-06	-6.73064351e-06	-4.16274887e-05	1.97365493e-05	1.50156571e-06	0.0929511867	0	0	0	0	3
302	670	0	2.17533355	-4.12509261e-06	-6.37790227e-06	-4.16274887e-05	1.97365493e-05	1.50156571e-06	0.0929511867	0	0	0	0	3
303	672	0	2.18253664	-7.73462264e-06	-6.49216273e-06	-4.16274887e-05	1.97365493e-05	1.50156571e-06	0.0906206412	0	0	0	0	3
304	674	0	2.18973973	-3.44788892e-05	-6.99310775e-06	-4.16274887e-05	1.97365493e-05	1.50156571e-06	0.0929511867	0	0	0	0	3
305	676	0	2.19694282	7.35504982e-06	-6.65208182e-06	-4.16274887e-05	1.97365493e-05	1.50156571e-06	0.0929511867	0	0	0	0	3
306	678	0	2.20414591	4.85806658e-06	-6.86463157e-06	-4.16274887e-05	1.87250464e-05	1.50156571e-06	0.0929511867	0	0	0	0	3
307	680	0	2.211349	-9.63216784e-06	-6.92987139e-06	-4.16274887e-05	1.87250464e-05	1.50156571e-06	0.0929511867	0	0	0	0	3
308	682	0	2.2185521	-3.22235234e-06	-6.69425674e-06	-4.16274887e-05	1.87250464e-05	1.48238491e-06	0.0918556406	0	0	0	0	3
309	684	0	2.22575519	-1.51346956e-05	-6.57303472e-06	-4.16274887e-05	1.87250464e-05	1.48238491e-06	0.0929511867	0	0	0	0	3
310	686	0	2.23295828	-2.8111297e-06	-6.26271626e-06	-4.16274887e-05	1.87250464e-05	1.48238491e-06	0.0929511867	0	0	0	0	3
311	689	0	2.24016137	-7.29519819e-06	-6.42723617e-06	-4.16274887e-05	1.87250464e-05	1.48238491e-06	0.0916903836	0	0	0	0	3
312	691	0	2.24736446	-1.19402008e-05	-6.58118365e-06	-4.16274887e-05	1.87250464e-05	1.48238491e-06	0.0929511867	0	0	0	0	3
313	693	0	2.25456755	5.00636661e-06	-6.6280161e-06	-4.16274887e-05	1.87250464e-05	1.37485878e-06	0.0918555645	0	0	0	0	3
314	695	0	2.26177064	-1.41395089e-05	-6.75379577e-06	-4.16274887e-05	1.87250464e-05	1.37485878e-06	0.0929511867	0	0	0	0	3
315	697	0	2.26897373	-2.06215415e-06	-6.42054397e-06	-4.16274887e-05	1.87250464e-05	1.37485878e-06	0.0929511867	0	0	0	0	3
316	700	0	2.27617682	-2.06308413e-06	-6.51001628e-06	-4.16274887e-05	1.87250464e-05	1.37485878e-06	0.0929511867	0	0	0	0	3
317	702	0	2.28337992	-5.34088595e-06	-6.66188525e-06	-4.16274887e-05	1.87250464e-05	1.37485878e-06	0.0929511867	0	0	0	0	3
318	704	0	2.29058301	9.3741537e-06	-6.09661274e-06	-4.16274887e-05	1.87250464e-05	1.37485878e-06	0.0918554681	0	0	0	0	3
319	707	0	2.2977861	-1.078617e-05	-6.01659656e-06	-4.16274887e-05	1.87250464e-05	1.37485878e-06	0.0916919051	0	0	0	0	3
320	709	0	2.30498919	-3.25018909e-05	-6.31185119e-06	-4.16274887e-05	1.87250464e-05	1.37485878e-06	0.0929511867	0	0	0	0	3
321	712	0	2.31219228	-3.92149291e-06	-6.40195834e-06	-4.16274887e-05	1.87250464e-05	1.37485878e-06	0.0929511867	0	0	0	0	3
322	714	0	2.31939537	1.46887893e-05	-6.45961915e-06	-4.16274887e-05	1.46887893e-05	1.29278731e-06	0.0929511867	0	0	0	0	3
323	716	0	2.32659846	6.76811027e-06	-6.36284211e-06	-4.16274887e-05	1.46887893e-05	1.25736608e-06	0.0918555329	0	0	0	0	3
324	718	0	2.33380155	-1.06229543e-05	-6.41391522e-06	-4.16274887e-05	1.46887893e-05	1.25736608e-06	0.0929511867	0	0	0	0	3
325	721	0	2.34100465	-1.7439245e-05	-6.39237886e-06	-4.16274887e-05	1.46887893e-05	1.25736608e-06	0.0929511867	0	0	0	0	3
326	723	0	2.34820774	-7.65717892e-06	-6.11771686e-06	-4.16274887e-05	1.46887893e-05	1.25736608e-06	0.0929511867	0	0	0	0	3
327	725	0	2.35541083	1.56325258e-05	-5.70026802e-06	-4.16274887e-05	1.56325258e-05	1.30233191e-06	0.0929511867	0	0	0	0	3
328	727	0	2.36261392	3.58118823e-06	-5.63534903e-06	-4.16274887e-05	1.56325258e-05	1.3672509e-06	0.0906184583	0	0	0	0	3
329	729	0	2.36981701	-2.89531455e-05	-5.94578063e-06	-4.16274887e-05	1.56325258e-05	1.3672509e-06	0.0929511867	0	0	0	0	3
330	732	0	2.3770201	1.03652646e-05	-5.89695718e-06	-4.16274887e-05	1.56325258e-05	1.3672509e-06	0.0929511867	0	0	0	0	3
331	734	0	2.38422319	-1.97190168e-05	-6.05712974e-06	-4.16274887e-05	1.56325258e-05	1.3672509e-06	0.0929511867	0	0	0	0	3
332	736	0	2.39142628	-7.21059574e-06	-6.34729899e-06	-4.16274887e-05	1.56325258e-05	1.3672509e-06	0.0929511867	0	0	0	0	3
333	738	0	2.39862938	4.20530625e-06	-6.27754613e-06	-4.16274887e-05	1.56325258e-05	1.3672509e-06	0.0918554477	0	0	0	0	3
334	740	0	2.40583247	-2.06071234e-06	-5.71230647e-06	-3.44788892e-05	1.56325258e-05	1.3672509e-06	0.0929511867	0	0	0	0	3
335	742	0	2.41303556	5.64951432e-06	-5.4282454e-06	-3.44788892e-05	1.56325258e-05	1.57435453e-06	0.0929511867	0	0	0	0	3
336	744	0	2.42023865	-1.17613386e-05	-5.59680289e-06	-3.44788892e-05	1.56325258e-05	1.57435453e-06	0.0916948616	0	0	0	0	3
337	747	0	2.42744174	-2.41259707e-05	-6.07340022e-06	-3.44788892e-05	1.56325258e-05	1.57435453e-06	0.0929511867	0	0	0	0	3
338	749	0	2.43464483	-1.53167731e-06	-6.27083704e-06	-3.44788892e-05	1.56325258e-05	1.57435453e-06	0.0918553795	0	0	0	0	3
339	752	0	2.44184792	-5.61200644e-06	-6.14460963e-06	-3.44788892e-05	1.56325258e-05	1.57435453e-06	0.0929511867	0	0	0	0	3
340	754	0	2.44905101	1.20745521e-05	-5.95625629e-06	-3.44788892e-05	1.56325258e-05	1.57435453e-06	0.0929511867	0	0	0	0	3
341	756	0	2.45625411	-2.71225749e-05	-6.15962573e-06	-3.44788892e-05	1.56325258e-05	1.57435453e-06	0.0929511867	0	0	0	0	3
342	758	0	2.4634572	2.16235569e-06	-5.88767358e-06	-3.44788892e-05	1.56325258e-05	1.57435453e-06	0.0929511867	0	0	0	0	3
343	760	0	2.47066029	-7.13170675e-07	-5.96193505e-06	-3.44788892e-05	1.56325258e-05	1.57435453e-06	0.0918553931	0	0	0	0	3
344	762	0	2.47786338	-9.85759394e-06	-6.15581853e-06	-3.44788892e-05	1.56325258e-05	1.57435453e-06	0.0929511867	0	0	0	0	3
345	765	0	2.48506647	2.62308584e-07	-6.15933109e-06	-3.44788892e-05	1.56325258e-05	1.57435453e-06	0.0929511867	0	0	0	0	3
346	767	0	2.49226956	1.03297942e-06	-5.93299372e-06	-3.44788892e-05	1.56325258e-05	1.57435453e-06	0.0916968378	0	0	0	0	3
347	770	0	2.49947265	-2.37302121e-05	-6.06500959e-06	-3.44788892e-05	1.56325258e-05	1.57435453e-06	0.0929511867	0	0	0	0	3
348	772	0	2.50667574	-3.92368821e-06	-6.00394571e-06	-3.44788892e-05	1.56325258e-05	1.57435453e-06	0.0918553444	0	0	0	0	3
349	774	0	2.51387883	-9.52069883e-06	-6.07659432e-06	-3.44788892e-05	1.56325258e-05	1.57435453e-06	0.0929511867	0	0	0	0	3
350	777	0	2.52108193	4.76292743e-06	-5.73812849e-06	-3.44788892e-05	1.56325258e-05	1.57435453e-06	0.0929511867	0	0	0	0	3
351	779	0	2.52828502	-1.03406562e-06	-5.70889358e-06	-3.44788892e-05	1.56325258e-05	1.57435453e-06	0.0929511867	0	0	0	0	3
352	781	0	2.53548811	7.700655e-06	-5.7098536e-06	-3.44788892e-05	1.56325258e-05	1.57435453e-06	0.0929511867	0	0	0	0	3
353	783	0	2.5426912	-1.52798085e-05	-5.84444833e-06	-3.44788892e-05	1.56325258e-05	1.57435453e-06	0.0918553158	0	0	0	0	3
354	785	0	2.54989429	-1.42906349e-05	-5.83661154e-06	-3.44788892e-05	1.56325258e-05	1.57435453e-06	0.0929511867	0	0	0	0	3
355	787	0	2.55709738	-1.93164678e-06	-5.65534058e-06	-3.44788892e-05	1.56325258e-05	1.57435453e-06	0.0929511867	0	0	0	0	3
356	791	0	2.56430047	-1.20159166e-05	-5.80787964e-06	-3.44788892e-05	1.56325258e-05	1.57435453e-06	0.0916950357	0	0	0	0	3
357	793	0	2.57150356	-1.56831131e-05	-6.1546319e-06	-3.44788892e-05	1.56325258e-05	1.57435453e-06	0.0929511867	0	0	0	0	3
358	795	0	2.57870666	9.67677402e-06	-5.9350332e-06	-3.44788892e-05	1.56325258e-05	1.57435453e-06	0.0918552334	0	0	0	0	3
359	797	0	2.58590975	-1.09737824e-05	-5.82241333e-06	-3.44788892e-05	1.56325258e-05	1.57435453e-06	0.0929511867	0	0	0	0	3
360	800	0	2.59311284	-1.01038694e-06	-5.71421935e-06	-3.44788892e-05	1.56325258e-05	1.57435453e-06	0.0929511867	0	0	0	0	3
361	802	0	2.60031593	-7.99843744e-06	-5.59726998e-06	-3.44788892e-05	1.56325258e-05	1.57435453e-06	0.0929511867	0	0	0	0	3
362	804	0	2.60751902	2.02336405e-06	-5.67728877e-06	-3.44788892e-05	1.56325258e-05	1.57435453e-06	0.0929511867	0	0	0	0	3
363	806	0	2.61472211	-1.00014052e-05	-5.82534824e-06	-3.44788892e-05	1.56325258e-05	1.57435453e-06	0.0918552189	0	0	0	0	3
364	808	0	2.6219252	-8.24516504e-06	-5.78139703e-06	-3.44788892e-05	1.56325258e-05	1.57435453e-06	0.0929511867	0	0	0	0	3
365	810	0	2.62912829	-6.39296855e-07	-5.55338431e-06	-3.44788892e-05	1.56325258e-05	1.57435453e-06	0.0929511867	0	0	0	0	3
366	812	0	2.63633139	-6.52805003e-06	-5.40969414e-06	-3.44788892e-05	1.56325258e-05	1.59290579e-06	0.0916875496	0	0	0	0	3
367	814	0	2.64353448	-2.36266656e-05	-5.65001148e-06	-3.44788892e-05	1.56325258e-05	1.59290579e-06	0.0929511867	0	0	0	0	3
368	817	0	2.65073757	2.81320846e-05	-5.25545935e-06	-3.44788892e-05	2.81320846e-05	1.73764841e-06	0.0918551973	0	0	0	0	3
369	819	0	2.65794066	-1.66038906e-05	-5.37747645e-06	-3.44788892e-05	2.81320846e-05	1.73764841e-06	0.0929511867	0	0	0	0	3
370	822	0	2.66514375	-1.89715059e-05	-5.62964533e-06	-3.44788892e-05	2.81320846e-05	1.73764841e-06	0.0929511867	0	0	0	0	3
371	824	0	2.67234684	-1.15635682e-05	-5.71194741e-06	-3.44788892e-05	2.81320846e-05	1.73764841e-06	0.0929511867	0	0	0	0	3
372	826	0	2.67954993	2.68985878e-06	-5.61459097e-06	-3.44788892e-05	2.81320846e-05	1.73764841e-06	0.0929511867	0	0	0	0	3
373	828	0	2.68675302	3.68220868e-06	-5.45149338e-06	-3.44788892e-05	2.81320846e-05	1.73764841e-06	0.0918551484	0	0	0	0	3
374	830	0	2.69395612	-7.14655058e-06	-5.0610314e-06	-3.25018909e-05	2.81320846e-05	1.86884e-06	0.0916868587	0	0	0	0	3
375	832	0	2.70115921	-2.63775092e-05	-5.5429251e-06	-3.25018909e-05	2.81320846e-05	1.86884e-06	0.0929511867	0	0	0	0	3
376	834	0	2.7083623	-1.12603274e-07	-5.61393467e-06	-3.25018909e-05	2.81320846e-05	1.86884e-06	0.0929511867	0	0	0	0	3
377	837	0	2.71556539	-9.3366097e-06	-5.60971241e-06	-3.25018909e-05	2.81320846e-05	1.69276437e-06	0.0929511867	0	0	0	0	3
378	839	0	2.72276848	-5.09926115e-06	-5.63652539e-06	-3.25018909e-05	2.81320846e-05	1.69276437e-06	0.0918550736	0	0	0	0	3
379	842	0	2.72997157	-8.98665584e-06	-5.54869625e-06	-3.25018909e-05	2.81320846e-05	1.69276437e-06	0.0929511867	0	0	0	0	3
380	845	0	2.73717466	7.82390599e-06	-5.39676717e-06	-3.25018909e-05	2.81320846e-05	1.69276437e-06	0.0929511867	0	0	0	0	3
381	847	0	2.74437775	-1.17648225e-05	-5.46061894e-06	-3.25018909e-05	2.81320846e-05	1.69276437e-06	0.0929511867	0	0	0	0	3
382	849	0	2.75158085	9.92953745e-06	-5.14819411e-06	-3.25018909e-05	2.81320846e-05	1.69276437e-06	0.0916902048	0	0	0	0	3
383	851	0	2.75878394	-4.29437757e-05	-5.83319614e-06	-4.29437757e-05	2.81320846e-05	1.69276437e-06	0.091855201	0	0	0	0	3
384	854	0	2.76598703	-1.10201322e-05	-5.78863362e-06	-4.29437757e-05	2.81320846e-05	1.60085385e-06	0.0929511867	0	0	0	0	3
385	856	0	2.77319012	-8.9372324e-07	-5.77194175e-06	-4.29437757e-05	2.81320846e-05	1.60085385e-06	0.0929511867	0	0	0	0	3
386	858	0	2.78039321	1.15880342e-05	-5.57692577e-06	-4.29437757e-05	2.81320846e-05	1.60085385e-06	0.0929511867	0	0	0	0	3
387	860	0	2.7875963	-2.28914992e-06	-5.53332954e-06	-4.29437757e-05	2.81320846e-05	1.39858776e-06	0.0929511867	0	0	0	0	3
388	862	0	2.79479939	-8.77505167e-06	-5.79260391e-06	-4.29437757e-05	2.81320846e-05	1.39858776e-06	0.0918551334	0	0	0	0	3
389	864	0	2.80200248	-5.98641195e-06	-5.72403594e-06	-4.29437757e-05	2.81320846e-05	1.39858776e-06	0.0929511867	0	0	0	0	3
390	867	0	2.80920557	1.72809665e-05	-5.01285226e-06	-4.29437757e-05	2.81320846e-05	1.4467669e-06	0.0916880202	0	0	0	0	3
391	869	0	2.81640867	-3.23045918e-05	-5.4183251e-06	-4.29437757e-05	2.81320846e-05	1.4467669e-06	0.0929511867	0	0	0	0	3
392	871	0	2.82361176	-1.07837959e-05	-5.78221918e-06	-4.29437757e-05	2.81320846e-05	1.40106296e-06	0.0929511867	0	0	0	0	3
393	873	0	2.83081485	-1.86318132e-05	-6.14507522e-06	-4.29437757e-05	2.81320846e-05	1.40106296e-06	0.091855076	0	0	0	0	3
394	876	0	2.83801794	-9.39613317e-06	-6.12754921e-06	-4.29437757e-05	2.81320846e-05	1.3795266e-06	0.0929511867	0	0	0	0	3
395	878	0	2.84522103	-1.94865047e-06	-5.906255e-06	-4.29437757e-05	2.81320846e-05	1.33444673e-06	0.0929511867	0	0	0	0	3
