Iteration	CPUTime	PhysTime	Travels	Value	AvValue	MinValue	MaxValue	Delta	Criteria	PrevAvRefValue	Progress	CriteriaType	CriteriaVarType	CriteriaPercentage
1	13	0	0.00720309122	0	0	0	0	0	0	0	0	0	0	3
2	15	0	0.0144061824	0	0	0	0	0	0	0	0	0	0	3
3	17	0	0.0216092737	0	0	0	0	0	0	0	0	0	0	3
4	19	0	0.0288123649	0	0	0	0	0	0	0	0	0	0	3
5	20	0	0.0360154561	0	0	0	0	0	0	0	0	0	0	3
6	22	0	0.0432185473	0	0	0	0	0	0	0	0	0	0	3
7	24	0	0.0504216385	0	0	0	0	0	0	0	0	0	0	3
8	26	0	0.0576247297	0	0	0	0	0	0	0	0	0	0	3
9	27	0	0.064827821	0	0	0	0	0	0	0	0	0	0	3
10	29	0	0.0720309122	0	0	0	0	0	0	0	0	0	0	3
11	31	0	0.0792340034	0	0	0	0	0	0	0	0	0	0	3
12	33	0	0.0864370946	0	0	0	0	0	0	0	0	0	0	3
13	35	0	0.0936401858	0	0	0	0	0	0	0	0	0	0	3
14	37	0	0.100843277	0	0	0	0	0	0	0	0	0	0	3
15	39	0	0.108046368	0	0	0	0	0	0	0	0	0	0	3
16	41	0	0.115249459	0	0	0	0	0	0	0	0	0	0	3
17	43	0	0.122452551	0	0	0	0	0	0	0	0	0	0	3
18	45	0	0.129655642	0	0	0	0	0	0	0	0	0	0	3
19	47	0	0.136858733	0	0	0	0	0	0	0	0	0	0	3
20	49	0	0.144061824	0	0	0	0	0	0	0	0	0	0	3
21	51	0	0.151264916	0	0	0	0	0	0	0	0	0	0	3
22	53	0	0.158468007	0	0	0	0	0	0	0	0	0	0	3
23	55	0	0.165671098	0	0	0	0	0	0	0	0	0	0	3
24	57	0	0.172874189	0	0	0	0	0	0	0	0	0	0	3
25	59	0	0.18007728	0	0	0	0	0	0	0	0	0	0	3
26	61	0	0.187280372	0	0	0	0	0	0	0	0	0	0	3
27	63	0	0.194483463	0	0	0	0	0	0	0	0	0	0	3
28	65	0	0.201686554	0	0	0	0	0	0	0	0	0	0	3
29	67	0	0.208889645	0	0	0	0	0	0	0	0	0	0	3
30	69	0	0.216092737	0	0	0	0	0	0	0	0	0	0	3
31	72	0	0.223295828	0	0	0	0	0	0	0	0	0	0	3
32	74	0	0.230498919	0	0	0	0	0	0	0	0	0	0	3
33	76	0	0.23770201	0	0	0	0	0	0	0	0	0	0	3
34	78	0	0.244905101	0	0	0	0	0	0	0	0	0	0	3
35	80	0	0.252108193	0	0	0	0	0	0	0	0	0	0	3
36	83	0	0.259311284	0	0	0	0	0	0	0	0	0	0	3
37	85	0	0.266514375	0	0	0	0	0	0	0	0	0	0	3
38	87	0	0.273717466	0	0	0	0	0	0	0	0	0	0	3
39	89	0	0.280920557	0	0	0	0	0	0	0	0	0	0	3
40	91	0	0.288123649	0	0	0	0	0	0	0	0	0	0	3
41	94	0	0.29532674	0	0	0	0	0	0	0	0	0	0	3
42	96	0	0.302529831	0	0	0	0	0	0	0	0	0	0	3
43	98	0	0.309732922	0	0	0	0	0	0	0	0	0	0	3
44	100	0	0.316936014	0	0	0	0	0	0	0	0	0	0	3
45	103	0	0.324139105	0	0	0	0	0	0	0	0	0	0	3
46	105	0	0.331342196	0	0	0	0	0	0	0	0	0	0	3
47	107	0	0.338545287	0	0	0	0	0	0	0	0	0	0	3
48	110	0	0.345748378	0	0	0	0	0	0	0	0	0	0	3
49	112	0	0.35295147	0	0	0	0	0	0	0	0	0	0	3
50	114	0	0.360154561	0	0	0	0	0	0	0	0	0	0	3
51	116	0	0.367357652	0	0	0	0	0	0	0	0	0	0	3
52	118	0	0.374560743	0	0	0	0	0	0	0	0	0	0	3
53	121	0	0.381763835	0	0	0	0	0	0	0	0	0	0	3
54	123	0	0.388966926	0	0	0	0	0	0	0	0	0	0	3
55	125	0	0.396170017	0	0	0	0	0	0	0	0	0	0	3
56	127	0	0.403373108	0	0	0	0	0	0	0	0	0	0	3
57	129	0	0.410576199	0	0	0	0	0	0	0	0	0	0	3
58	132	0	0.417779291	0	0	0	0	0	0	0	0	0	0	3
59	134	0	0.424982382	0	0	0	0	0	0	0	0	0	0	3
60	136	0	0.432185473	0	0	0	0	0	0	0	0	0	0	3
61	138	0	0.439388564	0	0	0	0	0	0	0	0	0	0	3
62	141	0	0.446591655	0	0	0	0	0	0	0	0	0	0	3
63	143	0	0.453794747	0	0	0	0	0	0	0	0	0	0	3
64	145	0	0.460997838	0	0	0	0	0	0	0	0	0	0	3
65	147	0	0.468200929	0	0	0	0	0	0	0	0	0	0	3
66	149	0	0.47540402	0	0	0	0	0	0	0	0	0	0	3
67	152	0	0.482607112	0	0	0	0	0	0	0	0	0	0	3
68	154	0	0.489810203	0	0	0	0	0	0	0	0	0	0	3
69	156	0	0.497013294	0	0	0	0	0	0	0	0	0	0	3
70	158	0	0.504216385	0	0	0	0	0	0	0	0	0	0	3
71	160	0	0.511419476	0	0	0	0	0	0	0	0	0	0	3
72	162	0	0.518622568	0	0	0	0	0	0	0	0	0	0	3
73	164	0	0.525825659	0	0	0	0	0	0	0	0	0	0	3
74	167	0	0.53302875	0	0	0	0	0	0	0	0	0	0	3
75	169	0	0.540231841	0	0	0	0	0	0	0	0	0	0	3
76	171	0	0.547434933	0	0	0	0	0	0	0	0	0	0	3
77	173	0	0.554638024	0	0	0	0	0	0	0	0	0	0	3
78	175	0	0.561841115	0	0	0	0	0	0	0	0	0	0	3
79	177	0	0.569044206	0	0	0	0	0	0	0	0	0	0	3
80	179	0	0.576247297	0	0	0	0	0	0	0	0	0	0	3
81	182	0	0.583450389	0	0	0	0	0	0	0	0	0	0	3
82	184	0	0.59065348	0	0	0	0	0	0	0	0	0	0	3
83	186	0	0.597856571	0	0	0	0	0	0	0	0	0	0	3
84	188	0	0.605059662	0	0	0	0	0	0	0	0	0	0	3
85	190	0	0.612262754	0	0	0	0	0	0	0	0	0	0	3
86	192	0	0.619465845	0	0	0	0	0	0	0	0	0	0	3
87	194	0	0.626668936	0	0	0	0	0	0	0	0	0	0	3
88	197	0	0.633872027	0	0	0	0	0	0	0	0	0	0	3
89	199	0	0.641075118	0	0	0	0	0	0	0	0	0	0	3
90	201	0	0.64827821	0	0	0	0	0	0	0	0	0	0	3
91	203	0	0.655481301	0	0	0	0	0	0	0	0	0	0	3
92	205	0	0.662684392	0	0	0	0	0	0	0	0	0	0	3
93	208	0	0.669887483	0	0	0	0	0	0	0	0	0	0	3
94	210	0	0.677090574	0	0	0	0	0	0	0	0	0	0	3
95	212	0	0.684293666	0	0	0	0	0	0	0	0	0	0	3
96	214	0	0.691496757	0	0	0	0	0	0	0	0	0	0	3
97	216	0	0.698699848	0	0	0	0	0	0	0	0	0	0	3
98	218	0	0.705902939	0	0	0	0	0	0	0	0	0	0	3
99	220	0	0.713106031	0	0	0	0	0	0	0	0	0	0	3
100	223	0	0.720309122	0	0	0	0	0	0	0	0	0	0	3
101	227	0	0.727512213	0	0	0	0	0	0	0	0	0	0	3
102	230	0	0.734715304	0	0	0	0	0	0	0	0	0	0	3
103	232	0	0.741918395	0	0	0	0	0	0	0	0	0	0	3
104	234	0	0.749121487	0	0	0	0	0	0	0	0	0	0	3
105	236	0	0.756324578	0	0	0	0	0	0	0	0	0	0	3
106	238	0	0.763527669	0	0	0	0	0	0	0	0	0	0	3
107	240	0	0.77073076	0	0	0	0	0	0	0	0	0	0	3
108	242	0	0.777933852	0	0	0	0	0	0	0	0	0	0	3
109	244	0	0.785136943	0	0	0	0	0	0	0	0	0	0	3
110	246	0	0.792340034	0	0	0	0	0	0	0	0	0	0	3
111	249	0	0.799543125	0	0	0	0	0	0	0	0	0	0	3
112	251	0	0.806746216	0	0	0	0	0	0	0	0	0	0	3
113	253	0	0.813949308	0	0	0	0	0	0	0	0	0	0	3
114	255	0	0.821152399	0	0	0	0	0	0	0	0	0	0	3
115	257	0	0.82835549	0	0	0	0	0	0	0	0	0	0	3
116	259	0	0.835558581	0	0	0	0	0	0	0	0	0	0	3
117	261	0	0.842761672	0	0	0	0	0	0	0	0	0	0	3
118	263	0	0.849964764	0	0	0	0	0	0	0	0	0	0	3
119	265	0	0.857167855	0	0	0	0	0	0	0	0	0	0	3
120	268	0	0.864370946	0	0	0	0	0	0	0	0	0	0	3
121	270	0	0.871574037	0	0	0	0	0	0	0	0	0	0	3
122	272	0	0.878777129	0	0	0	0	0	0	0	0	0	0	3
123	274	0	0.88598022	0	0	0	0	0	0	0	0	0	0	3
124	276	0	0.893183311	0	0	0	0	0	0	0	0	0	0	3
125	278	0	0.900386402	0	0	0	0	0	0	0	0	0	0	3
126	280	0	0.907589493	0	0	0	0	0	0	0	0	0	0	3
127	282	0	0.914792585	0	0	0	0	0	0	0	0	0	0	3
128	285	0	0.921995676	0	0	0	0	0	0	0	0	0	0	3
129	287	0	0.929198767	0	0	0	0	0	0	0	0	0	0	3
130	289	0	0.936401858	0	0	0	0	0	0	0	0	0	0	3
131	291	0	0.94360495	0	0	0	0	0	0	0	0	0	0	3
132	293	0	0.950808041	0	0	0	0	0	0	0	0	0	0	3
133	295	0	0.958011132	0	0	0	0	0	0	0	0	0	0	3
134	298	0	0.965214223	0	0	0	0	0	0	0	0	0	0	3
135	300	0	0.972417314	0	0	0	0	0	0	0	0	0	0	3
136	302	0	0.979620406	0	0	0	0	0	0	0	0	0	0	3
137	304	0	0.986823497	0	0	0	0	0	0	0	0	0	0	3
138	306	0	0.994026588	0	0	0	0	0	0	0	0	0	0	3
139	308	0	1.00122968	0	0	0	0	0	5e-06	0	0	0	0	3
140	310	0	1.00843277	0	0	0	0	0	5e-06	0	0	0	0	3
141	312	0	1.01563586	0	0	0	0	0	5e-06	0	0	0	0	3
142	314	0	1.02283895	0	0	0	0	0	5e-06	0	0	0	0	3
143	316	0	1.03004204	0	0	0	0	0	5e-06	0	0	0	0	3
144	318	0	1.03724514	0	0	0	0	0	5e-06	0	0	0	0	3
145	320	0	1.04444823	0	0	0	0	0	5e-06	0	0	0	0	3
146	322	0	1.05165132	0	0	0	0	0	5e-06	0	0	0	0	3
147	325	0	1.05885441	0	0	0	0	0	5e-06	0	0	0	0	3
148	327	0	1.0660575	0	0	0	0	0	5e-06	0	0	0	0	3
149	329	0	1.07326059	0	0	0	0	0	5e-06	0	0	0	0	3
150	331	0	1.08046368	0	0	0	0	0	5e-06	0	0	0	0	3
151	333	0	1.08766677	0	0	0	0	0	5e-06	0	0	0	0	3
152	335	0	1.09486987	0	0	0	0	0	5e-06	0	0	0	0	3
153	337	0	1.10207296	0	0	0	0	0	5e-06	0	0	0	0	3
154	339	0	1.10927605	0	0	0	0	0	5e-06	0	0	0	0	3
155	341	0	1.11647914	0	0	0	0	0	5e-06	0	0	0	0	3
156	343	0	1.12368223	0	0	0	0	0	5e-06	0	0	0	0	3
157	345	0	1.13088532	0	0	0	0	0	5e-06	0	0	0	0	3
158	347	0	1.13808841	0	0	0	0	0	5e-06	0	0	0	0	3
159	349	0	1.1452915	0	0	0	0	0	5e-06	0	0	0	0	3
160	351	0	1.15249459	0	0	0	0	0	5e-06	0	0	0	0	3
161	353	0	1.15969769	0	0	0	0	0	5e-06	0	0	0	0	3
162	356	0	1.16690078	0	0	0	0	0	5e-06	0	0	0	0	3
163	358	0	1.17410387	0	0	0	0	0	5e-06	0	0	0	0	3
164	360	0	1.18130696	0	0	0	0	0	5e-06	0	0	0	0	3
165	362	0	1.18851005	0	0	0	0	0	5e-06	0	0	0	0	3
166	365	0	1.19571314	0	0	0	0	0	5e-06	0	0	0	0	3
167	367	0	1.20291623	0	0	0	0	0	5e-06	0	0	0	0	3
168	369	0	1.21011932	0	0	0	0	0	5e-06	0	0	0	0	3
169	371	0	1.21732242	0	0	0	0	0	5e-06	0	0	0	0	3
170	373	0	1.22452551	0	0	0	0	0	5e-06	0	0	0	0	3
171	375	0	1.2317286	0	0	0	0	0	5e-06	0	0	0	0	3
172	377	0	1.23893169	0	0	0	0	0	5e-06	0	0	0	0	3
173	379	0	1.24613478	0	0	0	0	0	5e-06	0	0	0	0	3
174	381	0	1.25333787	0	0	0	0	0	5e-06	0	0	0	0	3
175	383	0	1.26054096	0	0	0	0	0	5e-06	0	0	0	0	3
176	386	0	1.26774405	0	0	0	0	0	5e-06	0	0	0	0	3
177	388	0	1.27494715	0	0	0	0	0	5e-06	0	0	0	0	3
178	390	0	1.28215024	0	0	0	0	0	5e-06	0	0	0	0	3
179	392	0	1.28935333	0	0	0	0	0	5e-06	0	0	0	0	3
180	394	0	1.29655642	0	0	0	0	0	5e-06	0	0	0	0	3
181	397	0	1.30375951	0	0	0	0	0	5e-06	0	0	0	0	3
182	399	0	1.3109626	0	0	0	0	0	5e-06	0	0	0	0	3
183	401	0	1.31816569	0	0	0	0	0	5e-06	0	0	0	0	3
184	403	0	1.32536878	0	0	0	0	0	5e-06	0	0	0	0	3
185	405	0	1.33257188	0	0	0	0	0	5e-06	0	0	0	0	3
186	408	0	1.33977497	0	0	0	0	0	5e-06	0	0	0	0	3
187	410	0	1.34697806	0	0	0	0	0	5e-06	0	0	0	0	3
188	413	0	1.35418115	0	0	0	0	0	5e-06	0	0	0	0	3
189	415	0	1.36138424	0	0	0	0	0	5e-06	0	0	0	0	3
190	417	0	1.36858733	0	0	0	0	0	5e-06	0	0	0	0	3
191	419	0	1.37579042	0	0	0	0	0	5e-06	0	0	0	0	3
192	421	0	1.38299351	0	0	0	0	0	5e-06	0	0	0	0	3
193	423	0	1.39019661	0	0	0	0	0	5e-06	0	0	0	0	3
194	425	0	1.3973997	0	0	0	0	0	5e-06	0	0	0	0	3
195	428	0	1.40460279	0	0	0	0	0	5e-06	0	0	0	0	3
196	430	0	1.41180588	0	0	0	0	0	5e-06	0	0	0	0	3
197	432	0	1.41900897	0	0	0	0	0	5e-06	0	0	0	0	3
198	434	0	1.42621206	0	0	0	0	0	5e-06	0	0	0	0	3
199	436	0	1.43341515	0	0	0	0	0	5e-06	0	0	0	0	3
200	439	0	1.44061824	0	0	0	0	0	5e-06	0	0	0	0	3
201	444	0	1.44782133	0	0	0	0	0	5e-06	0	0	0	0	3
202	446	0	1.45502443	0	0	0	0	0	5e-06	0	0	0	0	3
203	448	0	1.46222752	0	0	0	0	0	5e-06	0	0	0	0	3
204	450	0	1.46943061	0	0	0	0	0	5e-06	0	0	0	0	3
205	452	0	1.4766337	0	0	0	0	0	5e-06	0	0	0	0	3
206	454	0	1.48383679	0	0	0	0	0	5e-06	0	0	0	0	3
207	456	0	1.49103988	0	0	0	0	0	5e-06	0	0	0	0	3
208	458	0	1.49824297	0	0	0	0	0	5e-06	0	0	0	0	3
209	460	0	1.50544606	0	0	0	0	0	5e-06	0	0	0	0	3
210	462	0	1.51264916	0	0	0	0	0	5e-06	0	0	0	0	3
211	464	0	1.51985225	0	0	0	0	0	5e-06	0	0	0	0	3
212	466	0	1.52705534	0	0	0	0	0	5e-06	0	0	0	0	3
213	469	0	1.53425843	0	0	0	0	0	5e-06	0	0	0	0	3
214	471	0	1.54146152	0	0	0	0	0	5e-06	0	0	0	0	3
215	473	0	1.54866461	0	0	0	0	0	5e-06	0	0	0	0	3
216	476	0	1.5558677	0	0	0	0	0	5e-06	0	0	0	0	3
217	478	0	1.56307079	0	0	0	0	0	5e-06	0	0	0	0	3
218	480	0	1.57027389	0	0	0	0	0	5e-06	0	0	0	0	3
219	482	0	1.57747698	0	0	0	0	0	5e-06	0	0	0	0	3
220	485	0	1.58468007	0	0	0	0	0	5e-06	0	0	0	0	3
221	487	0	1.59188316	0	0	0	0	0	5e-06	0	0	0	0	3
222	489	0	1.59908625	0	0	0	0	0	5e-06	0	0	0	0	3
223	491	0	1.60628934	0	0	0	0	0	5e-06	0	0	0	0	3
224	493	0	1.61349243	0	0	0	0	0	5e-06	0	0	0	0	3
225	496	0	1.62069552	0	0	0	0	0	5e-06	0	0	0	0	3
226	498	0	1.62789862	0	0	0	0	0	5e-06	0	0	0	0	3
227	500	0	1.63510171	0	0	0	0	0	5e-06	0	0	0	0	3
228	502	0	1.6423048	0	0	0	0	0	5e-06	0	0	0	0	3
229	504	0	1.64950789	0	0	0	0	0	5e-06	0	0	0	0	3
230	506	0	1.65671098	0	0	0	0	0	5e-06	0	0	0	0	3
231	509	0	1.66391407	0	0	0	0	0	5e-06	0	0	0	0	3
232	511	0	1.67111716	0	0	0	0	0	5e-06	0	0	0	0	3
233	513	0	1.67832025	0	0	0	0	0	5e-06	0	0	0	0	3
234	516	0	1.68552334	0	0	0	0	0	5e-06	0	0	0	0	3
235	518	0	1.69272644	0	0	0	0	0	5e-06	0	0	0	0	3
236	520	0	1.69992953	0	0	0	0	0	5e-06	0	0	0	0	3
237	522	0	1.70713262	0	0	0	0	0	5e-06	0	0	0	0	3
238	524	0	1.71433571	0	0	0	0	0	5e-06	0	0	0	0	3
239	526	0	1.7215388	0	0	0	0	0	5e-06	0	0	0	0	3
240	528	0	1.72874189	0	0	0	0	0	5e-06	0	0	0	0	3
241	531	0	1.73594498	0	0	0	0	0	5e-06	0	0	0	0	3
242	534	0	1.74314807	0	0	0	0	0	5e-06	0	0	0	0	3
243	536	0	1.75035117	0	0	0	0	0	5e-06	0	0	0	0	3
244	538	0	1.75755426	0	0	0	0	0	5e-06	0	0	0	0	3
245	540	0	1.76475735	0	0	0	0	0	5e-06	0	0	0	0	3
246	543	0	1.77196044	0	0	0	0	0	5e-06	0	0	0	0	3
247	545	0	1.77916353	0	0	0	0	0	5e-06	0	0	0	0	3
248	547	0	1.78636662	0	0	0	0	0	5e-06	0	0	0	0	3
249	549	0	1.79356971	0	0	0	0	0	5e-06	0	0	0	0	3
250	552	0	1.8007728	0	0	0	0	0	5e-06	0	0	0	0	3
251	554	0	1.8079759	0	0	0	0	0	5e-06	0	0	0	0	3
252	556	0	1.81517899	0	0	0	0	0	5e-06	0	0	0	0	3
253	558	0	1.82238208	0	0	0	0	0	5e-06	0	0	0	0	3
254	560	0	1.82958517	0	0	0	0	0	5e-06	0	0	0	0	3
255	563	0	1.83678826	0	0	0	0	0	5e-06	0	0	0	0	3
256	565	0	1.84399135	0	0	0	0	0	5e-06	0	0	0	0	3
257	567	0	1.85119444	0	0	0	0	0	5e-06	0	0	0	0	3
258	569	0	1.85839753	0	0	0	0	0	5e-06	0	0	0	0	3
259	571	0	1.86560063	0	0	0	0	0	5e-06	0	0	0	0	3
260	573	0	1.87280372	0	0	0	0	0	5e-06	0	0	0	0	3
261	575	0	1.88000681	0	0	0	0	0	5e-06	0	0	0	0	3
262	578	0	1.8872099	0	0	0	0	0	5e-06	0	0	0	0	3
263	580	0	1.89441299	0	0	0	0	0	5e-06	0	0	0	0	3
264	583	0	1.90161608	0	0	0	0	0	5e-06	0	0	0	0	3
265	585	0	1.90881917	0	0	0	0	0	5e-06	0	0	0	0	3
266	587	0	1.91602226	0	0	0	0	0	5e-06	0	0	0	0	3
267	590	0	1.92322536	0	0	0	0	0	5e-06	0	0	0	0	3
268	592	0	1.93042845	0	0	0	0	0	5e-06	0	0	0	0	3
269	594	0	1.93763154	0	0	0	0	0	5e-06	0	0	0	0	3
270	596	0	1.94483463	0	0	0	0	0	5e-06	0	0	0	0	3
271	598	0	1.95203772	0	0	0	0	0	5e-06	0	0	0	0	3
272	601	0	1.95924081	0	0	0	0	0	5e-06	0	0	0	0	3
273	603	0	1.9664439	0	0	0	0	0	5e-06	0	0	0	0	3
274	605	0	1.97364699	0	0	0	0	0	5e-06	0	0	0	0	3
275	607	0	1.98085008	0	0	0	0	0	5e-06	0	0	0	0	3
276	609	0	1.98805318	0	0	0	0	0	5e-06	0	0	0	0	3
277	611	0	1.99525627	0	0	0	0	0	5e-06	0	0	0	0	3
278	613	0	2.00245936	0	0	0	0	0	5e-06	0	0	0	0	3
279	616	0	2.00966245	0	0	0	0	0	5e-06	0	0	0	0	3
280	618	0	2.01686554	0	0	0	0	0	5e-06	0	0	0	0	3
281	620	0	2.02406863	0	0	0	0	0	5e-06	0	0	0	0	3
282	622	0	2.03127172	0	0	0	0	0	5e-06	0	0	0	0	3
283	624	0	2.03847481	0	0	0	0	0	5e-06	0	0	0	0	3
284	627	0	2.04567791	0	0	0	0	0	5e-06	0	0	0	0	3
285	629	0	2.052881	0	0	0	0	0	5e-06	0	0	0	0	3
286	632	0	2.06008409	0	0	0	0	0	5e-06	0	0	0	0	3
287	634	0	2.06728718	0	0	0	0	0	5e-06	0	0	0	0	3
288	637	0	2.07449027	0	0	0	0	0	5e-06	0	0	0	0	3
289	639	0	2.08169336	0	0	0	0	0	5e-06	0	0	0	0	3
290	641	0	2.08889645	0	0	0	0	0	5e-06	0	0	0	0	3
291	643	0	2.09609954	0	0	0	0	0	5e-06	0	0	0	0	3
292	645	0	2.10330264	0	0	0	0	0	5e-06	0	0	0	0	3
293	647	0	2.11050573	0	0	0	0	0	5e-06	0	0	0	0	3
294	650	0	2.11770882	0	0	0	0	0	5e-06	0	0	0	0	3
295	652	0	2.12491191	0	0	0	0	0	5e-06	0	0	0	0	3
296	654	0	2.132115	0	0	0	0	0	5e-06	0	0	0	0	3
297	656	0	2.13931809	0	0	0	0	0	5e-06	0	0	0	0	3
298	658	0	2.14652118	0	0	0	0	0	5e-06	0	0	0	0	3
299	660	0	2.15372427	0	0	0	0	0	5e-06	0	0	0	0	3
300	663	0	2.16092737	0	0	0	0	0	5e-06	0	0	0	0	3
301	668	0	2.16813046	0	0	0	0	0	5e-06	0	0	0	0	3
302	670	0	2.17533355	0	0	0	0	0	5e-06	0	0	0	0	3
303	672	0	2.18253664	0	0	0	0	0	5e-06	0	0	0	0	3
304	674	0	2.18973973	0	0	0	0	0	5e-06	0	0	0	0	3
305	676	0	2.19694282	0	0	0	0	0	5e-06	0	0	0	0	3
306	678	0	2.20414591	0	0	0	0	0	5e-06	0	0	0	0	3
307	680	0	2.211349	0	0	0	0	0	5e-06	0	0	0	0	3
308	682	0	2.2185521	0	0	0	0	0	5e-06	0	0	0	0	3
309	684	0	2.22575519	0	0	0	0	0	5e-06	0	0	0	0	3
310	686	0	2.23295828	0	0	0	0	0	5e-06	0	0	0	0	3
311	689	0	2.24016137	0	0	0	0	0	5e-06	0	0	0	0	3
312	691	0	2.24736446	0	0	0	0	0	5e-06	0	0	0	0	3
313	693	0	2.25456755	0	0	0	0	0	5e-06	0	0	0	0	3
314	695	0	2.26177064	0	0	0	0	0	5e-06	0	0	0	0	3
315	697	0	2.26897373	0	0	0	0	0	5e-06	0	0	0	0	3
316	700	0	2.27617682	0	0	0	0	0	5e-06	0	0	0	0	3
317	702	0	2.28337992	0	0	0	0	0	5e-06	0	0	0	0	3
318	704	0	2.29058301	0	0	0	0	0	5e-06	0	0	0	0	3
319	707	0	2.2977861	0	0	0	0	0	5e-06	0	0	0	0	3
320	709	0	2.30498919	0	0	0	0	0	5e-06	0	0	0	0	3
321	712	0	2.31219228	0	0	0	0	0	5e-06	0	0	0	0	3
322	714	0	2.31939537	0	0	0	0	0	5e-06	0	0	0	0	3
323	716	0	2.32659846	0	0	0	0	0	5e-06	0	0	0	0	3
324	718	0	2.33380155	0	0	0	0	0	5e-06	0	0	0	0	3
325	721	0	2.34100465	0	0	0	0	0	5e-06	0	0	0	0	3
326	723	0	2.34820774	0	0	0	0	0	5e-06	0	0	0	0	3
327	725	0	2.35541083	0	0	0	0	0	5e-06	0	0	0	0	3
328	727	0	2.36261392	0	0	0	0	0	5e-06	0	0	0	0	3
329	729	0	2.36981701	0	0	0	0	0	5e-06	0	0	0	0	3
330	732	0	2.3770201	0	0	0	0	0	5e-06	0	0	0	0	3
331	734	0	2.38422319	0	0	0	0	0	5e-06	0	0	0	0	3
332	736	0	2.39142628	0	0	0	0	0	5e-06	0	0	0	0	3
333	738	0	2.39862938	0	0	0	0	0	5e-06	0	0	0	0	3
334	740	0	2.40583247	0	0	0	0	0	5e-06	0	0	0	0	3
335	742	0	2.41303556	0	0	0	0	0	5e-06	0	0	0	0	3
336	744	0	2.42023865	0	0	0	0	0	5e-06	0	0	0	0	3
337	747	0	2.42744174	0	0	0	0	0	5e-06	0	0	0	0	3
338	749	0	2.43464483	0	0	0	0	0	5e-06	0	0	0	0	3
339	752	0	2.44184792	0	0	0	0	0	5e-06	0	0	0	0	3
340	754	0	2.44905101	0	0	0	0	0	5e-06	0	0	0	0	3
341	756	0	2.45625411	0	0	0	0	0	5e-06	0	0	0	0	3
342	758	0	2.4634572	0	0	0	0	0	5e-06	0	0	0	0	3
343	760	0	2.47066029	0	0	0	0	0	5e-06	0	0	0	0	3
344	762	0	2.47786338	0	0	0	0	0	5e-06	0	0	0	0	3
345	765	0	2.48506647	0	0	0	0	0	5e-06	0	0	0	0	3
346	767	0	2.49226956	0	0	0	0	0	5e-06	0	0	0	0	3
347	770	0	2.49947265	0	0	0	0	0	5e-06	0	0	0	0	3
348	772	0	2.50667574	0	0	0	0	0	5e-06	0	0	0	0	3
349	774	0	2.51387883	0	0	0	0	0	5e-06	0	0	0	0	3
350	777	0	2.52108193	0	0	0	0	0	5e-06	0	0	0	0	3
351	779	0	2.52828502	0	0	0	0	0	5e-06	0	0	0	0	3
352	781	0	2.53548811	0	0	0	0	0	5e-06	0	0	0	0	3
353	783	0	2.5426912	0	0	0	0	0	5e-06	0	0	0	0	3
354	785	0	2.54989429	0	0	0	0	0	5e-06	0	0	0	0	3
355	787	0	2.55709738	0	0	0	0	0	5e-06	0	0	0	0	3
356	791	0	2.56430047	0	0	0	0	0	5e-06	0	0	0	0	3
357	793	0	2.57150356	0	0	0	0	0	5e-06	0	0	0	0	3
358	795	0	2.57870666	0	0	0	0	0	5e-06	0	0	0	0	3
359	797	0	2.58590975	0	0	0	0	0	5e-06	0	0	0	0	3
360	800	0	2.59311284	0	0	0	0	0	5e-06	0	0	0	0	3
361	802	0	2.60031593	0	0	0	0	0	5e-06	0	0	0	0	3
362	804	0	2.60751902	0	0	0	0	0	5e-06	0	0	0	0	3
363	806	0	2.61472211	0	0	0	0	0	5e-06	0	0	0	0	3
364	808	0	2.6219252	0	0	0	0	0	5e-06	0	0	0	0	3
365	810	0	2.62912829	0	0	0	0	0	5e-06	0	0	0	0	3
366	812	0	2.63633139	0	0	0	0	0	5e-06	0	0	0	0	3
367	814	0	2.64353448	0	0	0	0	0	5e-06	0	0	0	0	3
368	817	0	2.65073757	0	0	0	0	0	5e-06	0	0	0	0	3
369	819	0	2.65794066	0	0	0	0	0	5e-06	0	0	0	0	3
370	822	0	2.66514375	0	0	0	0	0	5e-06	0	0	0	0	3
371	824	0	2.67234684	0	0	0	0	0	5e-06	0	0	0	0	3
372	826	0	2.67954993	0	0	0	0	0	5e-06	0	0	0	0	3
373	828	0	2.68675302	0	0	0	0	0	5e-06	0	0	0	0	3
374	830	0	2.69395612	0	0	0	0	0	5e-06	0	0	0	0	3
375	832	0	2.70115921	0	0	0	0	0	5e-06	0	0	0	0	3
376	834	0	2.7083623	0	0	0	0	0	5e-06	0	0	0	0	3
377	837	0	2.71556539	0	0	0	0	0	5e-06	0	0	0	0	3
378	839	0	2.72276848	0	0	0	0	0	5e-06	0	0	0	0	3
379	842	0	2.72997157	0	0	0	0	0	5e-06	0	0	0	0	3
380	845	0	2.73717466	0	0	0	0	0	5e-06	0	0	0	0	3
381	847	0	2.74437775	0	0	0	0	0	5e-06	0	0	0	0	3
382	849	0	2.75158085	0	0	0	0	0	5e-06	0	0	0	0	3
383	851	0	2.75878394	0	0	0	0	0	5e-06	0	0	0	0	3
384	854	0	2.76598703	0	0	0	0	0	5e-06	0	0	0	0	3
385	856	0	2.77319012	0	0	0	0	0	5e-06	0	0	0	0	3
386	858	0	2.78039321	0	0	0	0	0	5e-06	0	0	0	0	3
387	860	0	2.7875963	0	0	0	0	0	5e-06	0	0	0	0	3
388	862	0	2.79479939	0	0	0	0	0	5e-06	0	0	0	0	3
389	864	0	2.80200248	0	0	0	0	0	5e-06	0	0	0	0	3
390	867	0	2.80920557	0	0	0	0	0	5e-06	0	0	0	0	3
391	869	0	2.81640867	0	0	0	0	0	5e-06	0	0	0	0	3
392	871	0	2.82361176	0	0	0	0	0	5e-06	0	0	0	0	3
393	873	0	2.83081485	0	0	0	0	0	5e-06	0	0	0	0	3
394	876	0	2.83801794	0	0	0	0	0	5e-06	0	0	0	0	3
395	878	0	2.84522103	0	0	0	0	0	5e-06	0	0	0	0	3
