COMP PT.SHT.01.23.00.00 СБ 'Обойма нижняя' — исправлено-1/Стопорное кольцо D40 DIN 471 А2_NI_20261004_R04-1 transform [1.0, 0.0, 0.0, 0.0, -0.8191520442889949, -0.5735764363510417, 0.0, 0.5735764363510417, -0.8191520442889949, -7.54122242083155e-15, -0.3487726971312275, 0.18427860900225235, 1.0, 0.0, 0.0, 0.0]
BBOX [[-0.022014756557803015, -0.02474635074106879, -0.001700000000000923, 0.022014756557802998, 0.023150000000000615, 8.881784197001252e-16]]
CYL [([-0.0020999999999999994, -0.02227623453369021, -0.0017000000000000348, 0.0, 5.551115123125784e-17, 1.0, 0.00125], [-0.0033500000000000023, -0.02227623453369021, -0.0017000000000000348, -0.0008499999999999994, -0.021026234533690208, 8.881784197001252e-16]), ([0.0020999999999999973, -0.02227623453368932, -0.0016999999999995907, 0.0, 5.551115123125784e-17, 1.0, 0.00125], [0.0008499999999999972, -0.022276234533690875, -0.0017000000000000348, 0.0033499999999999997, -0.02102623453368932, 0.0]), ([8.673617379884035e-19, 4.440892098500626e-16, -0.001700000000000479, 0.0, 5.551115123125784e-17, 1.0, 0.02475], [0.0004249999999999792, -0.02474635074106879, -0.0017000000000000348, 0.004274415055166654, -0.024378102385873346, 4.440892098500626e-16]), ([0.004144887326222208, -0.023639372010544557, -0.0017000000000000348, 0.0, 5.551115123125784e-17, 1.0, 0.00075], [0.004274415055166653, -0.024378102385873346, -0.0017000000000000348, 0.004888470972252567, -0.02373726665470932, 4.440892098500626e-16]), ([0.008800318202629465, -0.02313259387817257, -0.0017000000000000348, 0.0, 5.551115123125784e-17, 1.0, 0.00379945519997603], [0.005033367868593227, -0.022636665458408922, -0.0017000000000000348, 0.00750504662625261, -0.019560741227228062, 0.0]), ([0.0, 0.0011352434421976199, -0.0017000000000000348, 0.0, 5.551115123125784e-17, 1.0, 0.022014756557802998], [-0.022014756557803015, -0.01956074122722873, -0.0017000000000000348, -0.007505046626252609, 0.001135243442198064, 0.0]), ([-0.008800318202629462, -0.023132593878171903, -0.0017000000000000348, 0.0, 5.551115123125784e-17, 1.0, 0.00379945519997603], [-0.00750504662625261, -0.022636665458408922, -0.0017000000000000348, -0.005033367868593221, -0.019560741227228062, 0.0]), ([-0.004144887326222211, -0.023639372010545, -0.0016999999999995907, 0.0, 5.551115123125784e-17, 1.0, 0.00075], [-0.004888470972252572, -0.024378102385874012, -0.0017000000000000348, -0.004274415055166652, -0.02373726665470932, 4.440892098500626e-16]), ([8.673617379884035e-19, 4.440892098500626e-16, -0.001700000000000479, 0.0, 5.551115123125784e-17, 1.0, 0.02475], [-0.004274415055166653, -0.02474635074106879, -0.0017000000000000348, -0.00042499999999999916, -0.024378102385873568, 4.440892098500626e-16]), ([8.673617379884035e-19, 4.440892098500626e-16, -0.001700000000000479, 0.0, 5.551115123125784e-17, 1.0, 0.01875], [0.00032196969696969644, -0.01874723540990053, -0.001700000000000923, 0.01875, 0.0, 4.440892098500626e-16]), ([8.673617379884035e-19, 4.440892098500626e-16, -0.001700000000000479, 0.0, 5.551115123125784e-17, 1.0, 0.01875], [-0.018750000000000003, -2.220446049250313e-16, -0.001700000000000923, 0.01875, 0.01875000000000044, 4.440892098500626e-16]), ([8.673617379884035e-19, 4.440892098500626e-16, -0.001700000000000479, 0.0, 5.551115123125784e-17, 1.0, 0.01875], [-0.018750000000000003, -0.01874723540990053, -0.001700000000000923, -0.0003219696969696999, 8.881784197001252e-16, 4.440892098500626e-16]), ([0.0, 0.0011352434421976199, -0.0017000000000000348, 0.0, 5.551115123125784e-17, 1.0, 0.022014756557802998], [0.007505046626252607, -0.01956074122722873, -0.0017000000000000348, 0.022014756557802998, 0.001135243442198064, 0.0]), ([0.0, 0.0011352434421976199, -0.0017000000000000348, 0.0, 5.551115123125784e-17, 1.0, 0.022014756557802998], [-0.022014756557803015, 0.0011352434421971758, -0.0017000000000000348, 0.022014756557802998, 0.023150000000000615, 0.0]), ([0.0020999999999999973, -0.02227623453368932, -0.0016999999999995907, 0.0, 5.551115123125784e-17, 1.0, 0.00125], [0.0008499999999999972, -0.023526234533690432, -0.0017000000000000348, 0.0033499999999999997, -0.022276234533689765, 0.0]), ([-0.0020999999999999994, -0.02227623453369021, -0.0017000000000000348, 0.0, 5.551115123125784e-17, 1.0, 0.00125], [-0.0033500000000000023, -0.023526234533690876, -0.0017000000000000348, -0.0008499999999999994, -0.022276234533689543, 8.881784197001252e-16])]
COMP PT.SHT.01.22.00.00 СБ 'Обойма верхняя' — исправлено-1/Стопорное кольцо D40 DIN 471 А2_UI_R04_UR04-1 transform [0.999991076332208, -0.0034605907726168875, -0.002423131745680158, 0.004224601277333059, 0.8191447344481292, 0.5735713179456863, 2.745559362684586e-14, -0.5735764363512578, 0.8191520442888437, 5.28656979303932e-16, 1.3272176498865043, -2.2092836644101954, 1.0, 0.0, 0.0, 0.0]
BBOX [[-0.022014756557803015, -0.02474635074106879, -0.001700000000000923, 0.022014756557802998, 0.023150000000000615, 8.881784197001252e-16]]
CYL [([-0.0020999999999999994, -0.02227623453369021, -0.0017000000000000348, 0.0, 5.551115123125784e-17, 1.0, 0.00125], [-0.0033500000000000023, -0.02227623453369021, -0.0017000000000000348, -0.0008499999999999994, -0.021026234533690208, 8.881784197001252e-16]), ([0.0020999999999999973, -0.02227623453368932, -0.0016999999999995907, 0.0, 5.551115123125784e-17, 1.0, 0.00125], [0.0008499999999999972, -0.022276234533690875, -0.0017000000000000348, 0.0033499999999999997, -0.02102623453368932, 0.0]), ([8.673617379884035e-19, 4.440892098500626e-16, -0.001700000000000479, 0.0, 5.551115123125784e-17, 1.0, 0.02475], [0.0004249999999999792, -0.02474635074106879, -0.0017000000000000348, 0.004274415055166654, -0.024378102385873346, 4.440892098500626e-16]), ([0.004144887326222208, -0.023639372010544557, -0.0017000000000000348, 0.0, 5.551115123125784e-17, 1.0, 0.00075], [0.004274415055166653, -0.024378102385873346, -0.0017000000000000348, 0.004888470972252567, -0.02373726665470932, 4.440892098500626e-16]), ([0.008800318202629465, -0.02313259387817257, -0.0017000000000000348, 0.0, 5.551115123125784e-17, 1.0, 0.00379945519997603], [0.005033367868593227, -0.022636665458408922, -0.0017000000000000348, 0.00750504662625261, -0.019560741227228062, 0.0]), ([0.0, 0.0011352434421976199, -0.0017000000000000348, 0.0, 5.551115123125784e-17, 1.0, 0.022014756557802998], [-0.022014756557803015, -0.01956074122722873, -0.0017000000000000348, -0.007505046626252609, 0.001135243442198064, 0.0]), ([-0.008800318202629462, -0.023132593878171903, -0.0017000000000000348, 0.0, 5.551115123125784e-17, 1.0, 0.00379945519997603], [-0.00750504662625261, -0.022636665458408922, -0.0017000000000000348, -0.005033367868593221, -0.019560741227228062, 0.0]), ([-0.004144887326222211, -0.023639372010545, -0.0016999999999995907, 0.0, 5.551115123125784e-17, 1.0, 0.00075], [-0.004888470972252572, -0.024378102385874012, -0.0017000000000000348, -0.004274415055166652, -0.02373726665470932, 4.440892098500626e-16]), ([8.673617379884035e-19, 4.440892098500626e-16, -0.001700000000000479, 0.0, 5.551115123125784e-17, 1.0, 0.02475], [-0.004274415055166653, -0.02474635074106879, -0.0017000000000000348, -0.00042499999999999916, -0.024378102385873568, 4.440892098500626e-16]), ([8.673617379884035e-19, 4.440892098500626e-16, -0.001700000000000479, 0.0, 5.551115123125784e-17, 1.0, 0.01875], [0.00032196969696969644, -0.01874723540990053, -0.001700000000000923, 0.01875, 0.0, 4.440892098500626e-16]), ([8.673617379884035e-19, 4.440892098500626e-16, -0.001700000000000479, 0.0, 5.551115123125784e-17, 1.0, 0.01875], [-0.018750000000000003, -2.220446049250313e-16, -0.001700000000000923, 0.01875, 0.01875000000000044, 4.440892098500626e-16]), ([8.673617379884035e-19, 4.440892098500626e-16, -0.001700000000000479, 0.0, 5.551115123125784e-17, 1.0, 0.01875], [-0.018750000000000003, -0.01874723540990053, -0.001700000000000923, -0.0003219696969696999, 8.881784197001252e-16, 4.440892098500626e-16]), ([0.0, 0.0011352434421976199, -0.0017000000000000348, 0.0, 5.551115123125784e-17, 1.0, 0.022014756557802998], [0.007505046626252607, -0.01956074122722873, -0.0017000000000000348, 0.022014756557802998, 0.001135243442198064, 0.0]), ([0.0, 0.0011352434421976199, -0.0017000000000000348, 0.0, 5.551115123125784e-17, 1.0, 0.022014756557802998], [-0.022014756557803015, 0.0011352434421971758, -0.0017000000000000348, 0.022014756557802998, 0.023150000000000615, 0.0]), ([0.0020999999999999973, -0.02227623453368932, -0.0016999999999995907, 0.0, 5.551115123125784e-17, 1.0, 0.00125], [0.0008499999999999972, -0.023526234533690432, -0.0017000000000000348, 0.0033499999999999997, -0.022276234533689765, 0.0]), ([-0.0020999999999999994, -0.02227623453369021, -0.0017000000000000348, 0.0, 5.551115123125784e-17, 1.0, 0.00125], [-0.0033500000000000023, -0.023526234533690876, -0.0017000000000000348, -0.0008499999999999994, -0.022276234533689543, 8.881784197001252e-16])]
COMP PT.SHT.01.24.00.00 СБ 'Шнековый вал' — исправлено-1/PT.SHT.01.24.00.03 'Вал шнека нижний'_SCR04_SR04-1 transform [1.0, 0.0, 0.0, 0.0, -0.819152044288993, -0.5735764363510445, 0.0, 0.5735764363510445, -0.819152044288993, 0.0, -0.24552893858805167, 0.03683124103023587, 1.0, 0.0, 0.0, 0.0]
BBOX [[-0.025, -0.025, -0.19500000000000003, 0.025, 0.025, 0.0]]
CYL [([0.0, 0.0, 0.0, -0.0, -0.0, 1.0, 0.020000000000000004], [-0.020000000000000004, -0.020000000000000004, -0.18017500000000003, 0.020000000000000004, 0.020000000000000004, -0.14100000000000001]), ([0.0, 0.0, -0.18017500000000003, -0.0, -0.0, -1.0, 0.018750000000000003], [-0.018750000000000003, -0.018750000000000003, -0.18197500000000003, 0.018750000000000003, 0.018750000000000003, -0.18022500000000002]), ([0.0, 0.0, 0.0, -0.0, -0.0, 1.0, 0.017], [-0.017, -0.017, -0.1900000000000001, 0.017, 0.017, -0.18700000000000003]), ([0.0, 0.0, 0.0, -0.0, -0.0, 1.0, 0.020000000000000004], [-0.020000000000000004, -0.020000000000000004, -0.18700000000000003, 0.020000000000000004, 0.020000000000000004, -0.18202500000000002]), ([0.0, 0.0, 0.0, -0.0, -0.0, 1.0, 0.015], [-0.015, -0.015, -0.1, 0.015, 0.015, -0.005000000000000016]), ([0.0, 0.0, 0.0, -0.0, -0.0, 1.0, 0.025], [-0.025, -0.025, -0.13949999999999999, 0.025, 0.025, -0.10500000000000005])]
COMP Шайба пружинная М8 DIN127 А2-29 transform [-2.853273173286652e-14, -0.5735764363514678, 0.8191520442886968, -1.0, 7.605027718682322e-15, -2.955968803064479e-14, 1.099120794378905e-14, -0.8191520442886965, -0.5735764363514677, -0.05984962434380736, 1.339377114798345, -2.121419167148746, 1.0, 0.0, 0.0, 0.0]
BBOX [[-0.0020108169693485276, -0.007400000000004418, -0.007399999999999958, 1.080880179189273e-05, 0.007400000000000421, 0.007383113784515879]]
CYL [([-0.03492499999999854, 2.55351295663786e-15, 1.7763568394002505e-15, -1.0, 8.215650382225644e-15, 1.937339177970777e-14, 0.00405], [-0.0015108169693604414, -0.004050025000005781, -0.004050025000003196, -0.0004891911982049831, 0.004050024999998675, 0.00402983426217234]), ([-0.03492499999999854, 2.55351295663786e-15, 1.7763568394002505e-15, -1.0, 8.215650382225644e-15, 1.937339177970777e-14, 0.0074], [-0.0019999999999944507, -0.007400000000004418, -0.007399999999999958, 4.440892098500626e-15, 0.007400000000000421, 0.007383088784515879])]
COMP PT.SHT.01.23.00.00 СБ 'Обойма нижняя' — исправлено-1/PT.SHT.01.22.00.07 'Прокладка'_NI_20261004_R04-1 transform [0.0, 0.5735764363510417, -0.8191520442889949, 1.0, 0.0, 0.0, 0.0, -0.8191520442889949, -0.5735764363510417, -7.732096213297623e-15, -0.3091959230230288, 0.1277571179463004, 1.0, 0.0, 0.0, 0.0]
BBOX [[0.0, -0.1, -0.1, 0.002, 0.1, 0.1]]
CYL [([0.002, 0.0, 0.0, -1.0, -0.0, -0.0, 0.1], [0.0, -0.1, -0.1, 0.002, 0.1, 0.1]), ([0.002, 0.0, 0.0, -1.0, -0.0, -0.0, 0.07050000000000001], [0.0, -0.07050000000000001, -0.07050000000000001, 0.002, 0.07050000000000001, 0.07050000000000001]), ([0.002, 0.08524999999999999, 7.703719777554937e-37, -1.0, -0.0, -0.0, 0.0044], [0.0, 0.08084999999999999, -0.0044, 0.002, 0.08965, 0.0044]), ([0.002, 0.06010407640087842, -0.060104076400865604, -1.0, -0.0, -0.0, 0.004399999999999991], [0.0, 0.05570407640087843, -0.0645040764008656, 0.002, 0.06450407640087841, -0.05570407640086561]), ([0.002, -0.00017677669526566244, -0.0848232233047343, -1.0, -0.0, -0.0, 0.004399999999999998], [0.0, -0.00457677669526566, -0.0892232233047343, 0.002, 0.004223223304734335, -0.0804232233047343]), ([0.002, -0.06028085309613126, -0.05967729970561274, -1.0, -0.0, -0.0, 0.004399999999999998], [0.0, -0.06468085309613125, -0.06407729970561274, 0.002, -0.055880853096131264, -0.05527729970561274]), ([0.002, -0.08499999999999996, 0.0006035533905313529, -1.0, -0.0, -0.0, 0.0044], [0.0, -0.08939999999999997, -0.0037964466094686476, 0.002, -0.08059999999999996, 0.005003553390531353]), ([0.002, -0.05985407640087841, 0.060707629791396954, -1.0, -0.0, -0.0, 0.004400000000000004], [0.0, -0.06425407640087842, 0.05630762979139695, 0.002, -0.05545407640087841, 0.06510762979139696]), ([0.002, 0.00042677669526567996, 0.08542677669526566, -1.0, -0.0, -0.0, 0.004399999999999998], [0.0, -0.003973223304734317, 0.08102677669526566, 0.002, 0.004826776695265678, 0.08982677669526566]), ([0.002, 0.06053085309613131, 0.06028085309614408, -1.0, -0.0, -0.0, 0.004400000000000004], [0.0, 0.056130853096131306, 0.05588085309614408, 0.002, 0.06493085309613131, 0.06468085309614409])]
COMP PT.SHT.01.22.00.00 СБ 'Обойма верхняя' — исправлено-1/PT.SHT.01.22.00.07 'Прокладка'_UI_R04_UR04-1 transform [2.745559362684586e-14, -0.5735764363512578, 0.8191520442888437, 0.999991076332208, -0.0034605907726168875, -0.002423131745680158, 0.004224601277333059, 0.8191447344481292, 0.5735713179456863, 2.426227621588062e-15, 1.2876408757782694, -2.1527621733542666, 1.0, 0.0, 0.0, 0.0]
BBOX [[0.0, -0.1, -0.1, 0.002, 0.1, 0.1]]
CYL [([0.002, 0.0, 0.0, -1.0, -0.0, -0.0, 0.1], [0.0, -0.1, -0.1, 0.002, 0.1, 0.1]), ([0.002, 0.0, 0.0, -1.0, -0.0, -0.0, 0.07050000000000001], [0.0, -0.07050000000000001, -0.07050000000000001, 0.002, 0.07050000000000001, 0.07050000000000001]), ([0.002, 0.08524999999999999, 7.703719777554937e-37, -1.0, -0.0, -0.0, 0.0044], [0.0, 0.08084999999999999, -0.0044, 0.002, 0.08965, 0.0044]), ([0.002, 0.06010407640087842, -0.060104076400865604, -1.0, -0.0, -0.0, 0.004399999999999991], [0.0, 0.05570407640087843, -0.0645040764008656, 0.002, 0.06450407640087841, -0.05570407640086561]), ([0.002, -0.00017677669526566244, -0.0848232233047343, -1.0, -0.0, -0.0, 0.004399999999999998], [0.0, -0.00457677669526566, -0.0892232233047343, 0.002, 0.004223223304734335, -0.0804232233047343]), ([0.002, -0.06028085309613126, -0.05967729970561274, -1.0, -0.0, -0.0, 0.004399999999999998], [0.0, -0.06468085309613125, -0.06407729970561274, 0.002, -0.055880853096131264, -0.05527729970561274]), ([0.002, -0.08499999999999996, 0.0006035533905313529, -1.0, -0.0, -0.0, 0.0044], [0.0, -0.08939999999999997, -0.0037964466094686476, 0.002, -0.08059999999999996, 0.005003553390531353]), ([0.002, -0.05985407640087841, 0.060707629791396954, -1.0, -0.0, -0.0, 0.004400000000000004], [0.0, -0.06425407640087842, 0.05630762979139695, 0.002, -0.05545407640087841, 0.06510762979139696]), ([0.002, 0.00042677669526567996, 0.08542677669526566, -1.0, -0.0, -0.0, 0.004399999999999998], [0.0, -0.003973223304734317, 0.08102677669526566, 0.002, 0.004826776695265678, 0.08982677669526566]), ([0.002, 0.06053085309613131, 0.06028085309614408, -1.0, -0.0, -0.0, 0.004400000000000004], [0.0, 0.056130853096131306, 0.05588085309614408, 0.002, 0.06493085309613131, 0.06468085309614409])]
COMP PT.SHT.01.21.00.00 СБ 'Труба в сборе' — исправлено-1/Кран шаровый G 1.2_TCR04_TR04-2 transform [-1.0, 1.2246063538223812e-16, -2.172448977268802e-31, 1.2246063538223812e-16, 1.0, -3.3029134982598407e-15, -1.7872629883913549e-31, -3.3029134982598407e-15, -1.0, -0.1315, -0.26216265524222804, 0.06058665031461115, 1.0, 0.0, 0.0, 0.0]
BBOX [[-0.007950000000000014, -0.01625, -0.01625, 0.11855, 0.043500000000000004, 0.01625]]
CYL [([0.002, -1.224606353822376e-19, 2.449212707644755e-19, -1.0, 6.123031769111889e-17, -1.2246063538223758e-16, 0.0140625], [-0.00704789020439121, 0.00644235254002759, 0.0118292409597991, -9.8301237784987e-19, 0.00760414127729169, 0.0125]), ([0.002, -1.224606353822376e-19, 2.449212707644755e-19, -1.0, 6.123031769111889e-17, -1.2246063538223758e-16, 0.0140625], [-0.00704789020439121, 0.01404649381731928, -0.0006707590402009, 9.422128571321791e-19, 0.0140625, 0.000670759040200908]), ([0.002, -1.224606353822376e-19, 2.449212707644755e-19, -1.0, 6.123031769111889e-17, -1.2246063538223758e-16, 0.0140625], [-0.00704789020439121, 0.0064423525400276, -0.0125, 1.92522523498205e-18, 0.0076041412772917, -0.0118292409597991]), ([0.002, -1.224606353822376e-19, 2.449212707644755e-19, -1.0, 6.123031769111889e-17, -1.2246063538223758e-16, 0.0140625], [-0.00704789020439121, -0.00760414127729168, -0.0125, 1.1362906495738958e-18, -0.00644235254002758, -0.0118292409597991]), ([0.002, -1.224606353822376e-19, 2.449212707644755e-19, -1.0, 6.123031769111889e-17, -1.2246063538223758e-16, 0.0140625], [-0.00704789020439121, -0.0140625, -0.000670759040200902, -7.7792970062941405e-19, -0.01404649381731928, 0.000670759040200906]), ([0.002, -1.224606353822376e-19, 2.449212707644755e-19, -1.0, 6.123031769111889e-17, -1.2246063538223758e-16, 0.0140625], [-0.00704789020439121, -0.00760414127729169, 0.0118292409597991, 0.0, -0.0064423525400276, 0.0125]), ([0.0, 0.0, 0.0, 1.0, 0.0, 0.0, 0.01625], [0.0, -0.01625, -0.01625, 0.006625, 0.01625, 0.01625]), ([0.006625, 0.0, 0.0, 1.0, 0.0, 0.0, 0.015], [0.006625, -0.015, -0.015, 0.013721017088262072, 0.015, 0.015]), ([0.01325, 0.0, 0.0, 1.0, 0.0, 0.0, 0.014375], [0.012729300027426995, -0.014375, -0.014375, 0.02835, 0.014375, 0.014375]), ([0.02982, 0.0, 0.0, 1.0, 0.0, 0.0, 0.0125], [0.02982, -0.0125, -0.0125, 0.03276, 0.0125, 0.0125]), ([0.03076, -1.224606353822376e-19, 0.0, 1.0, 6.123031769111889e-17, 0.0, 0.0140625], [0.0336621097956088, -0.00760414127729168, 0.0118292409597991, 0.042147890204391206, -0.00644235254002758, 0.0125]), ([0.03076, -1.224606353822376e-19, 0.0, 1.0, 6.123031769111889e-17, 0.0, 0.0140625], [0.0336621097956088, -0.0076041412772917, -0.0125, 0.042147890204391206, -0.0064423525400276, -0.0118292409597991]), ([0.03076, -1.224606353822376e-19, 0.0, 1.0, 6.123031769111889e-17, 0.0, 0.0140625], [0.0336621097956088, 0.00644235254002759, -0.0125, 0.042147890204391206, 0.00760414127729169, -0.0118292409597991]), ([0.03076, -1.224606353822376e-19, 0.0, 1.0, 6.123031769111889e-17, 0.0, 0.0140625], [0.0336621097956088, 0.01404649381731928, -0.000670759040200909, 0.042147890204391206, 0.0140625, 0.000670759040200901]), ([0.03076, -1.224606353822376e-19, 0.0, 1.0, 6.123031769111889e-17, 0.0, 0.0140625], [0.0336621097956088, 0.0064423525400276, 0.0118292409597991, 0.042147890204391206, 0.00760414127729169, 0.0125]), ([0.03076, -1.224606353822376e-19, 0.0, 1.0, 6.123031769111889e-17, 0.0, 0.0140625], [0.0336621097956088, -0.0140625, -0.000670759040200905, 0.042147890204391206, -0.01404649381731928, 0.000670759040200901]), ([0.01855, 0.0, 0.0, 0.0, 1.0, 0.0, 0.0075], [0.01105, 0.011751255328982236, -0.0075, 0.02605, 0.0261, 0.0075]), ([0.035288804844484045, 0.0326, 0.00625, 0.0, 0.0, -1.0, 0.0065], [0.035288804844484045, 0.026099999999999998, -0.00625, 0.03901705168076585, 0.02727551171212155, 0.00625]), ([0.035288804844484045, 0.0326, 0.00625, 0.0, 0.0, -1.0, 0.004], [0.035288804844484045, 0.028599999999999997, -0.00625, 0.03758311058988825, 0.02932339182284405, 0.00625]), ([0.00905, 0.0261, 0.00625, 0.0, 0.0, -1.0, 0.0025], [0.00655, 0.0261, -0.00625, 0.00905, 0.0286, 0.00625]), ([0.1178, 0.04275, 0.00725, 0.0, 0.0, -1.0, 0.00075], [0.1178, 0.04275, -0.00725, 0.11855, 0.043500000000000004, 0.00725]), ([0.0593965957880657, 0.033, 0.00725, 0.0, 0.0, -1.0, 0.0105], [0.0533740432063797, 0.041601096465034404, -0.00725, 0.0593965957880657, 0.043500000000000004, 0.00725]), ([0.058765998210307806, 0.035, 0.00725, 0.0, 0.0, -1.0, 0.004], [0.056471692464903606, 0.038276608177155995, -0.00725, 0.058765998210307806, 0.03900000000000001, 0.00725]), ([0.1178, 0.03975, 0.00725, 0.0, 0.0, -1.0, 0.00075], [0.1178, 0.039, -0.00725, 0.11855, 0.03975, 0.00725]), ([0.01855, 0.0, 0.0, -6.123031769111889e-17, -1.0, 0.0, 0.0025], [0.016050000000000002, 0.0326, -0.0025, 0.02105, 0.03305875, 0.0025]), ([-0.039950000000000006, -5.04897545891255e-18, -6.62818189006362e-20, 1.0, 6.123031769111889e-17, -0.0, 0.009300000000000001], [-0.006950000000000004, -0.009300000000000004, -0.009300000000000001, 0.04205000000000001, 0.009300000000000001, 0.009300000000000001])]
PLANE Front [1.0, 0.0, 0.0, 0.0, 1.0, 0.0, 0.0, 0.0, 1.0, 0.0, 0.0, 0.0, 1.0, 0.0, 0.0, 0.0]
PLANE Top [1.0, 0.0, 0.0, 0.0, 0.0, -1.0, 0.0, 1.0, 0.0, 0.0, 0.0, 0.0, 1.0, 0.0, 0.0, 0.0]
PLANE Right [-0.0, -0.0, -1.0, 0.0, 1.0, 0.0, 1.0, 0.0, 0.0, 0.0, 0.0, 0.0, 1.0, 0.0, 0.0, 0.0]
COMP PT.SHT.01.21.00.00 СБ 'Труба в сборе' — исправлено-1/Кран шаровый G 1.2_TCR04_TR04-1 transform [1.0, 0.0, 0.0, 0.0, 1.0, 0.0, 0.0, 0.0, 1.0, 0.1315, -0.26216265524222804, 0.06058665031461115, 1.0, 0.0, 0.0, 0.0]
BBOX [[-0.007950000000000014, -0.01625, -0.01625, 0.11855, 0.043500000000000004, 0.01625]]
CYL [([0.002, -1.224606353822376e-19, 2.449212707644755e-19, -1.0, 6.123031769111889e-17, -1.2246063538223758e-16, 0.0140625], [-0.00704789020439121, 0.00644235254002759, 0.0118292409597991, -9.8301237784987e-19, 0.00760414127729169, 0.0125]), ([0.002, -1.224606353822376e-19, 2.449212707644755e-19, -1.0, 6.123031769111889e-17, -1.2246063538223758e-16, 0.0140625], [-0.00704789020439121, 0.01404649381731928, -0.0006707590402009, 9.422128571321791e-19, 0.0140625, 0.000670759040200908]), ([0.002, -1.224606353822376e-19, 2.449212707644755e-19, -1.0, 6.123031769111889e-17, -1.2246063538223758e-16, 0.0140625], [-0.00704789020439121, 0.0064423525400276, -0.0125, 1.92522523498205e-18, 0.0076041412772917, -0.0118292409597991]), ([0.002, -1.224606353822376e-19, 2.449212707644755e-19, -1.0, 6.123031769111889e-17, -1.2246063538223758e-16, 0.0140625], [-0.00704789020439121, -0.00760414127729168, -0.0125, 1.1362906495738958e-18, -0.00644235254002758, -0.0118292409597991]), ([0.002, -1.224606353822376e-19, 2.449212707644755e-19, -1.0, 6.123031769111889e-17, -1.2246063538223758e-16, 0.0140625], [-0.00704789020439121, -0.0140625, -0.000670759040200902, -7.7792970062941405e-19, -0.01404649381731928, 0.000670759040200906]), ([0.002, -1.224606353822376e-19, 2.449212707644755e-19, -1.0, 6.123031769111889e-17, -1.2246063538223758e-16, 0.0140625], [-0.00704789020439121, -0.00760414127729169, 0.0118292409597991, 0.0, -0.0064423525400276, 0.0125]), ([0.0, 0.0, 0.0, 1.0, 0.0, 0.0, 0.01625], [0.0, -0.01625, -0.01625, 0.006625, 0.01625, 0.01625]), ([0.006625, 0.0, 0.0, 1.0, 0.0, 0.0, 0.015], [0.006625, -0.015, -0.015, 0.013721017088262072, 0.015, 0.015]), ([0.01325, 0.0, 0.0, 1.0, 0.0, 0.0, 0.014375], [0.012729300027426995, -0.014375, -0.014375, 0.02835, 0.014375, 0.014375]), ([0.02982, 0.0, 0.0, 1.0, 0.0, 0.0, 0.0125], [0.02982, -0.0125, -0.0125, 0.03276, 0.0125, 0.0125]), ([0.03076, -1.224606353822376e-19, 0.0, 1.0, 6.123031769111889e-17, 0.0, 0.0140625], [0.0336621097956088, -0.00760414127729168, 0.0118292409597991, 0.042147890204391206, -0.00644235254002758, 0.0125]), ([0.03076, -1.224606353822376e-19, 0.0, 1.0, 6.123031769111889e-17, 0.0, 0.0140625], [0.0336621097956088, -0.0076041412772917, -0.0125, 0.042147890204391206, -0.0064423525400276, -0.0118292409597991]), ([0.03076, -1.224606353822376e-19, 0.0, 1.0, 6.123031769111889e-17, 0.0, 0.0140625], [0.0336621097956088, 0.00644235254002759, -0.0125, 0.042147890204391206, 0.00760414127729169, -0.0118292409597991]), ([0.03076, -1.224606353822376e-19, 0.0, 1.0, 6.123031769111889e-17, 0.0, 0.0140625], [0.0336621097956088, 0.01404649381731928, -0.000670759040200909, 0.042147890204391206, 0.0140625, 0.000670759040200901]), ([0.03076, -1.224606353822376e-19, 0.0, 1.0, 6.123031769111889e-17, 0.0, 0.0140625], [0.0336621097956088, 0.0064423525400276, 0.0118292409597991, 0.042147890204391206, 0.00760414127729169, 0.0125]), ([0.03076, -1.224606353822376e-19, 0.0, 1.0, 6.123031769111889e-17, 0.0, 0.0140625], [0.0336621097956088, -0.0140625, -0.000670759040200905, 0.042147890204391206, -0.01404649381731928, 0.000670759040200901]), ([0.01855, 0.0, 0.0, 0.0, 1.0, 0.0, 0.0075], [0.01105, 0.011751255328982236, -0.0075, 0.02605, 0.0261, 0.0075]), ([0.035288804844484045, 0.0326, 0.00625, 0.0, 0.0, -1.0, 0.0065], [0.035288804844484045, 0.026099999999999998, -0.00625, 0.03901705168076585, 0.02727551171212155, 0.00625]), ([0.035288804844484045, 0.0326, 0.00625, 0.0, 0.0, -1.0, 0.004], [0.035288804844484045, 0.028599999999999997, -0.00625, 0.03758311058988825, 0.02932339182284405, 0.00625]), ([0.00905, 0.0261, 0.00625, 0.0, 0.0, -1.0, 0.0025], [0.00655, 0.0261, -0.00625, 0.00905, 0.0286, 0.00625]), ([0.1178, 0.04275, 0.00725, 0.0, 0.0, -1.0, 0.00075], [0.1178, 0.04275, -0.00725, 0.11855, 0.043500000000000004, 0.00725]), ([0.0593965957880657, 0.033, 0.00725, 0.0, 0.0, -1.0, 0.0105], [0.0533740432063797, 0.041601096465034404, -0.00725, 0.0593965957880657, 0.043500000000000004, 0.00725]), ([0.058765998210307806, 0.035, 0.00725, 0.0, 0.0, -1.0, 0.004], [0.056471692464903606, 0.038276608177155995, -0.00725, 0.058765998210307806, 0.03900000000000001, 0.00725]), ([0.1178, 0.03975, 0.00725, 0.0, 0.0, -1.0, 0.00075], [0.1178, 0.039, -0.00725, 0.11855, 0.03975, 0.00725]), ([0.01855, 0.0, 0.0, -6.123031769111889e-17, -1.0, 0.0, 0.0025], [0.016050000000000002, 0.0326, -0.0025, 0.02105, 0.03305875, 0.0025]), ([-0.039950000000000006, -5.04897545891255e-18, -6.62818189006362e-20, 1.0, 6.123031769111889e-17, -0.0, 0.009300000000000001], [-0.006950000000000004, -0.009300000000000004, -0.009300000000000001, 0.04205000000000001, 0.009300000000000001, 0.009300000000000001])]
PLANE Front [1.0, 0.0, 0.0, 0.0, 1.0, 0.0, 0.0, 0.0, 1.0, 0.0, 0.0, 0.0, 1.0, 0.0, 0.0, 0.0]
PLANE Top [1.0, 0.0, 0.0, 0.0, 0.0, -1.0, 0.0, 1.0, 0.0, 0.0, 0.0, 0.0, 1.0, 0.0, 0.0, 0.0]
PLANE Right [-0.0, -0.0, -1.0, 0.0, 1.0, 0.0, 1.0, 0.0, 0.0, 0.0, 0.0, 0.0, 1.0, 0.0, 0.0, 0.0]
