MATE Концентричный82
PT.SHT.01.23.00.00 СБ 'Обойма нижняя' — исправлено-1/PT.SHT.01.22.00.13 'Фланец обоймы'_NI_20261004_R04-1 [-0.08500000000000721, -0.311490228768419, 0.13103372612346637, -3.697785493223494e-32, 0.5735764363510446, -0.819152044288993, 0.004399999999999998, 0.0]
Шайба пружинная М8 DIN127 А2-1 [-0.0850000000000051, -0.33152238580797005, 0.1596426112702582, 7.889714604885592e-15, -0.5735764363510283, 0.8191520442890043, 0.00405, 0.0]
MATE Концентричный74
Шайба пружинная М8 DIN127 А2-10 [0.08500000000000238, -0.2851487309290019, 0.09341416848949291, -7.889714604885554e-15, 0.5735764363510605, -0.8191520442889817, 0.00405, 0.0]
PT.SHT.01.21.00.00 СБ 'Труба в сборе' — исправлено-1/PT.SHT.01.21.00.13 'Фланец трубы шнека'_TCR04_TR04-1 [0.085, -0.3051808879685564, 0.12202305363628561, -0.0, -0.5735764363510446, 0.8191520442889929, 0.004399999999999998, 0.0]
MATE Концентричный72
Шайба пружинная М8 DIN127 А2-18 [0.08499999999998026, 1.26359368368424, -2.118419223897464, 7.889714604885557e-15, -0.5735764363510285, 0.8191520442890041, 0.0074, 0.0]
PT.SHT.01.21.00.00 СБ 'Труба в сборе' — исправлено-1/PT.SHT.01.21.00.13 'Фланец трубы шнека'_TCR04_TR04-2 [0.085, 1.2864937229055922, -2.15112386926567, -0.0, -0.5735764363510446, 0.8191520442889929, 0.004399999999999998, 0.0]
MATE Концентричный84
PT.SHT.01.22.00.00 СБ 'Обойма верхняя' — исправлено-1/PT.SHT.01.22.00.13 'Фланец обоймы'_UI_R04_UR04-1 [0.0849992414882218, 1.2896410313044746, -2.1562447477322744, 2.7455593626845462e-14, -0.5735764363512578, 0.8191520442888438, 0.004399999999999998, 0.0]
Шайба пружинная М8 DIN127 А2-26 [0.08499924148826542, 1.3096731883435018, -2.1848536328793764, -7.889714604885585e-15, 0.5735764363510576, -0.8191520442889838, 0.0074, 0.0]
MATE Концентричный83
PT.SHT.01.22.00.00 СБ 'Обойма верхняя' — исправлено-1/PT.SHT.01.22.00.03 'Крышка обоймы верхней'_UI_R04_UR04-2 [0.0574994868890895, 1.341358076823476, -2.229901795594465, 2.7455593626845462e-14, -0.5735764363512578, 0.8191520442888438, 0.004400000000000004, 0.0]
Шайба пружинная М8 DIN127 А2-34 [0.05749948688913451, 1.3190316140378824, -2.198016302270903, 7.889714604885601e-15, -0.5735764363510257, 0.8191520442890062, 0.00405, 0.0]
MATE Концентричный102
Винт М8х20 DIN 931-1 [0.057499486889235826, 1.3348766630923918, -2.2206453774942005, -2.6076183171282936e-14, -0.5735764363511391, 0.8191520442889266, 0.00400000000000123, 0.0]
Шайба пружинная М8 DIN127 А2-34 [0.05749948688913451, 1.3190316140378824, -2.198016302270903, 7.889714604885601e-15, -0.5735764363510257, 0.8191520442890062, 0.00405, 0.0]
PART PT.SHT.01.22.00.07 'Прокладка'_UI_R04_UR04-1
HOLE [0.002, 0.08524999999999999, 7.703719777554937e-37, -1.0, -0.0, -0.0, 0.0044]
HOLE [0.002, 0.06010407640087842, -0.060104076400865604, -1.0, -0.0, -0.0, 0.004399999999999991]
HOLE [0.002, -0.00017677669526566244, -0.0848232233047343, -1.0, -0.0, -0.0, 0.004399999999999998]
HOLE [0.002, -0.06028085309613126, -0.05967729970561274, -1.0, -0.0, -0.0, 0.004399999999999998]
HOLE [0.002, -0.08499999999999996, 0.0006035533905313529, -1.0, -0.0, -0.0, 0.0044]
HOLE [0.002, -0.05985407640087841, 0.060707629791396954, -1.0, -0.0, -0.0, 0.004400000000000004]
HOLE [0.002, 0.00042677669526567996, 0.08542677669526566, -1.0, -0.0, -0.0, 0.004399999999999998]
HOLE [0.002, 0.06053085309613131, 0.06028085309614408, -1.0, -0.0, -0.0, 0.004400000000000004]
PART PT.SHT.01.22.00.13 'Фланец обоймы'_UI_R04_UR04-1
HOLE [0.085, 0.004, 0.0, -0.0, -1.0, -0.0, 0.004399999999999998]
HOLE [0.06010407640085654, 0.004, 0.06010407640085654, -0.0, -1.0, -0.0, 0.004399999999999991]
HOLE [-5.204748896376254e-18, 0.004, 0.08499999999999999, -0.0, -1.0, -0.0, 0.0044]
HOLE [-0.06010407640085655, 0.004, 0.06010407640085653, -0.0, -1.0, -0.0, 0.004400000000000004]
HOLE [-0.085, 0.004, -1.0409497792752508e-17, -0.0, -1.0, -0.0, 0.004399999999999998]
HOLE [-0.060104076400856556, 0.004, -0.060104076400856556, -0.0, -1.0, -0.0, 0.004400000000000004]
HOLE [-5.204748896376249e-18, 0.004, -0.08500000000000002, -0.0, -1.0, -0.0, 0.0044]
HOLE [0.060104076400856535, 0.004, -0.06010407640085657, -0.0, -1.0, -0.0, 0.004399999999999998]
PART PT.SHT.01.22.00.13 'Фланец обоймы'_NI_20261004_R04-1
HOLE [0.085, 0.004, 0.0, -0.0, -1.0, -0.0, 0.004399999999999998]
HOLE [0.06010407640085654, 0.004, 0.06010407640085654, -0.0, -1.0, -0.0, 0.004399999999999991]
HOLE [-5.204748896376254e-18, 0.004, 0.08499999999999999, -0.0, -1.0, -0.0, 0.0044]
HOLE [-0.06010407640085655, 0.004, 0.06010407640085653, -0.0, -1.0, -0.0, 0.004400000000000004]
HOLE [-0.085, 0.004, -1.0409497792752508e-17, -0.0, -1.0, -0.0, 0.004399999999999998]
HOLE [-0.060104076400856556, 0.004, -0.060104076400856556, -0.0, -1.0, -0.0, 0.004400000000000004]
HOLE [-5.204748896376249e-18, 0.004, -0.08500000000000002, -0.0, -1.0, -0.0, 0.0044]
HOLE [0.060104076400856535, 0.004, -0.06010407640085657, -0.0, -1.0, -0.0, 0.004399999999999998]
PART PT.SHT.01.22.00.07 'Прокладка'_NI_20261004_R04-1
HOLE [0.002, 0.08524999999999999, 7.703719777554937e-37, -1.0, -0.0, -0.0, 0.0044]
HOLE [0.002, 0.06010407640087842, -0.060104076400865604, -1.0, -0.0, -0.0, 0.004399999999999991]
HOLE [0.002, -0.00017677669526566244, -0.0848232233047343, -1.0, -0.0, -0.0, 0.004399999999999998]
HOLE [0.002, -0.06028085309613126, -0.05967729970561274, -1.0, -0.0, -0.0, 0.004399999999999998]
HOLE [0.002, -0.08499999999999996, 0.0006035533905313529, -1.0, -0.0, -0.0, 0.0044]
HOLE [0.002, -0.05985407640087841, 0.060707629791396954, -1.0, -0.0, -0.0, 0.004400000000000004]
HOLE [0.002, 0.00042677669526567996, 0.08542677669526566, -1.0, -0.0, -0.0, 0.004399999999999998]
HOLE [0.002, 0.06053085309613131, 0.06028085309614408, -1.0, -0.0, -0.0, 0.004400000000000004]
PART PT.SHT.01.23.00.05 'Фланец обоймы нижней'_NI_20261004_R04-1
HOLE [0.059000000000000004, 0.004, 0.0, -0.0, -1.0, -0.0, 0.003399999999999999]
HOLE [0.041719300090006246, 0.004, 0.04171930009000637, -0.0, -1.0, -0.0, 0.003399999999999999]
HOLE [-2.059973989917449e-16, 0.004, 0.059, -0.0, -1.0, -0.0, 0.0034]
HOLE [-0.041719300090006524, 0.004, 0.04171930009000609, -0.0, -1.0, -0.0, 0.003399999999999999]
HOLE [-0.059000000000000004, 0.004, -4.119947979834898e-16, -0.0, -1.0, -0.0, 0.003399999999999999]
HOLE [-0.04171930009000593, 0.004, -0.04171930009000667, -0.0, -1.0, -0.0, 0.003399999999999999]
HOLE [6.179921969752346e-16, 0.004, -0.059000000000000004, -0.0, -1.0, -0.0, 0.0034]
HOLE [0.04171930009000682, 0.004, -0.041719300090005795, -0.0, -1.0, -0.0, 0.003399999999999999]
