Iteration	CPUTime	PhysTime	Travels	Value	AvValue	MinValue	MaxValue	Delta	Criteria	PrevAvRefValue	Progress	CriteriaType	CriteriaVarType	CriteriaPercentage
1	15	0.0157367131	0.00283022513	1.93683624	1.93683624	1.93683624	1.93683624	0	0	0	0	0	0	3
2	18	0.0171275271	0.00566045026	1.61002468	1.91029802	1.61002468	1.93683624	0.0265382223	0	0	0	0	0	3
3	21	0.0186418555	0.00849067539	1.36887987	1.86631716	1.36887987	1.93683624	0.0705190828	0	0	0	0	0	3
4	24	0.0203472833	0.0113209005	1.16987919	1.80794452	1.16987919	1.93683624	0.128891725	0	0	0	0	0	3
5	26	0.0223169321	0.0141511256	1.000548	1.73668528	1.000548	1.93683624	0.200150964	0	0	0	0	0	3
6	29	0.025776523	0.0169813508	0.837550315	1.61600806	0.837550315	1.93683624	0.320828184	0	0	0	0	0	3
7	31	0.0300953477	0.0198115759	0.719108302	1.4872987	0.719108302	1.93683624	0.449537541	0	0	0	0	0	3
8	34	0.0353543883	0.022641801	0.640261533	1.36130012	0.640261533	1.93683624	0.575536124	0	0	0	0	0	3
9	37	0.0416731116	0.0254720262	0.567125352	1.24088265	0.567125352	1.93683624	0.695953594	0	0	0	0	0	3
10	40	0.0489393048	0.0283022513	0.615808637	1.14807568	0.567125352	1.93683624	0.788760563	0	0	0	0	0	3
11	43	0.0608307924	0.0311324764	0.632463893	1.04728148	0.567125352	1.93683624	0.889554765	0	0	0	0	0	3
12	47	0.0742832757	0.0339627015	0.559159517	0.958884024	0.559159517	1.93683624	0.977952221	0	0	0	0	0	3
13	50	0.0888934139	0.0367929267	0.474017875	0.879193514	0.474017875	1.93683624	1.05764273	0	0	0	0	0	3
14	54	0.103903665	0.0396231518	0.399739539	0.809930083	0.399739539	1.93683624	1.12690616	0	0	0	0	0	3
15	57	0.119614349	0.0424533769	0.356742364	0.750406377	0.356742364	1.93683624	1.18642987	0	0	0	0	0	3
16	61	0.143868823	0.0452836021	0.350586729	0.683001814	0.350586729	1.93683624	1.25383443	0	0	0	0	0	3
17	65	0.169065419	0.0481138272	0.349054697	0.633232141	0.349054697	1.93683624	1.3036041	0	0	0	0	0	3
18	69	0.195130833	0.0509440523	0.34539457	0.594783039	0.34539457	1.93683624	1.34205321	0	0	0	0	0	3
19	73	0.221858083	0.0537742774	0.343049332	0.564456672	0.343049332	1.93683624	1.37237957	0	0	0	0	0	3
20	77	0.248975633	0.0566045026	0.343467489	0.540387307	0.343049332	1.93683624	1.39644894	0	0	0	0	0	3
21	81	0.289469642	0.0594347277	0.341940297	0.512626486	0.341940297	1.93683624	1.42420976	0	0	0	0	0	3
22	85	0.330627226	0.0622649528	0.343619284	0.491587903	0.341940297	1.93683624	1.44524834	0	0	0	0	0	3
23	90	0.372204063	0.065095178	0.347371994	0.475478349	0.341940297	1.93683624	1.46135789	0	0	0	0	0	3
24	94	0.41431535	0.0679254031	0.349181759	0.46264148	0.341940297	1.93683624	1.47419476	0	0	0	0	0	3
25	99	0.456914841	0.0707556282	0.354049844	0.452517168	0.341940297	1.93683624	1.48431908	0	0	0	0	0	3
26	104	0.507078334	0.0735858533	0.354353539	0.442806182	0.341940297	1.93683624	1.49403006	0	0	0	0	0	3
27	109	0.557280789	0.0764160785	0.359350185	0.435288077	0.341940297	1.93683624	1.50154817	0	0	0	0	0	3
28	114	0.60661992	0.0792463036	0.36436308	0.429519427	0.341940297	1.93683624	1.50731682	0	0	0	0	0	3
29	119	0.656187233	0.0820765287	0.370399318	0.42505359	0.341940297	1.93683624	1.51178265	0	0	0	0	0	3
30	124	0.706064698	0.0849067539	0.373222136	0.421392139	0.341940297	1.93683624	1.51544411	0	0	0	0	0	3
31	129	0.756728722	0.087736979	0.378240674	0.418503089	0.341940297	1.93683624	1.51833316	0	0	0	0	0	3
32	134	0.80782032	0.0905672041	0.38409636	0.416326993	0.341940297	1.93683624	1.52050925	0	0	0	0	0	3
33	139	0.858607072	0.0933974292	0.386839539	0.414582805	0.341940297	1.93683624	1.52225344	0	0	0	0	0	3
34	144	0.908128111	0.0962276544	0.392206275	0.413362593	0.341940297	1.93683624	1.52347365	0	0	0	0	0	3
35	149	0.956636082	0.0990578795	0.395961687	0.412480249	0.341940297	1.93683624	1.524356	0	0	0	0	0	3
36	154	1.00449967	0.101888105	0.395392896	0.41166605	0.341940297	1.93683624	1.52517019	0	0	0	0	0	3
37	159	1.05190691	0.10471833	0.396261904	0.410971818	0.341940297	1.93683624	1.52586443	0	0	0	0	0	3
38	164	1.09901514	0.107548555	0.397008937	0.410373312	0.341940297	1.93683624	1.52646293	0	0	0	0	0	3
39	169	1.1456371	0.11037878	0.397285171	0.409840687	0.341940297	1.93683624	1.52699556	0	0	0	0	0	3
40	174	1.19239643	0.113209005	0.396207737	0.409306077	0.341940297	1.93683624	1.52753017	0	0	0	0	0	3
41	178	1.23918773	0.11603923	0.392395164	0.408667527	0.341940297	1.93683624	1.52816872	0	0	0	0	0	3
42	183	1.28619097	0.118869455	0.387272612	0.40788566	0.341940297	1.93683624	1.52895058	0	0	0	0	0	3
43	188	1.33380618	0.121699681	0.383301824	0.407008047	0.341940297	1.93683624	1.5298282	0	0	0	0	0	3
44	194	1.38175979	0.124529906	0.378679631	0.406024917	0.341940297	1.93683624	1.53081133	0	0	0	0	0	3
45	198	1.43045803	0.127360131	0.374210352	0.404941828	0.341940297	1.93683624	1.53189442	0	0	0	0	0	3
46	203	1.48005364	0.130190356	0.3702437	0.403779117	0.341940297	1.93683624	1.53305713	0	0	0	0	0	3
47	209	1.53069919	0.133020581	0.36779203	0.402588429	0.341940297	1.93683624	1.53424782	0	0	0	0	0	3
48	214	1.58248752	0.135850806	0.366213009	0.40139801	0.341940297	1.93683624	1.53543823	0	0	0	0	0	3
49	219	1.635287	0.138681031	0.365273145	0.400231625	0.341940297	1.93683624	1.53660462	0	0	0	0	0	3
50	224	1.68896713	0.141511256	0.363651485	0.399069005	0.341940297	1.93683624	1.53776724	0	0	0	0	0	3
51	229	1.74330523	0.144341482	0.362670814	0.397934489	0.341940297	1.93683624	1.53890176	0	0	0	0	0	3
52	243	1.79813409	0.147171707	0.361650942	0.396828128	0.341940297	1.93683624	1.54000812	0	0	0	0	0	3
53	248	1.85335704	0.150001932	0.360952401	0.395759168	0.341940297	1.93683624	1.54107708	0	0	0	0	0	3
54	254	1.90892119	0.152832157	0.359876426	0.394714707	0.341940297	1.93683624	1.54212154	0	0	0	0	0	3
55	260	1.96475654	0.155662382	0.358837212	0.393695124	0.341940297	1.93683624	1.54314112	0	0	0	0	0	3
56	265	2.02082765	0.158492607	0.357704802	0.392696515	0.341940297	1.93683624	1.54413973	0	0	0	0	0	3
57	270	2.07712305	0.161322832	0.35636664	0.391711882	0.341940297	1.93683624	1.54512436	0	0	0	0	0	3
58	276	2.1336433	0.164153057	0.355015397	0.390739791	0.341940297	1.93683624	1.54609645	0	0	0	0	0	3
59	281	2.19036633	0.166983283	0.353566496	0.389777129	0.341940297	1.93683624	1.54705912	0	0	0	0	0	3
60	286	2.24717207	0.169813508	0.353007591	0.388847641	0.341940297	1.93683624	1.5479886	0	0	0	0	0	3
61	292	2.30398559	0.172643733	0.353156808	0.387967547	0.341940297	1.93683624	1.5488687	0	0	0	0	0	3
62	297	2.36078992	0.175473958	0.353214738	0.38713134	0.341940297	1.93683624	1.5497049	0	0	0	0	0	3
63	303	2.41760717	0.178304183	0.35341571	0.386338974	0.341940297	1.93683624	1.55049727	0	0	0	0	0	3
64	308	2.47443424	0.181134408	0.353378763	0.385582021	0.341940297	1.93683624	1.55125422	0	0	0	0	0	3
65	314	2.53127303	0.183964633	0.353466259	0.384860873	0.341940297	1.93683624	1.55197537	0	0	0	0	0	3
66	320	2.58811341	0.186794858	0.353355464	0.384168948	0.341940297	1.93683624	1.5526673	0	0	0	0	0	3
67	326	2.64496141	0.189625084	0.353429348	0.383508264	0.341940297	1.93683624	1.55332798	0	0	0	0	0	3
68	331	2.7017959	0.192455309	0.353424344	0.382875424	0.341940297	1.93683624	1.55396082	0	0	0	0	0	3
69	337	2.75786377	0.195285534	0.353588661	0.382280019	0.341940297	1.93683624	1.55455623	0	0	0	0	0	3
70	343	2.81279903	0.198115759	0.353295477	0.381713938	0.341940297	1.93683624	1.55512231	0	0	0	0	0	3
71	349	2.86706419	0.200945984	0.353485947	0.381179664	0.341940297	1.93683624	1.55565658	0	0	0	0	0	3
72	354	2.92032831	0.203776209	0.353244567	0.380670153	0.341940297	1.93683624	1.55616609	0	0	0	0	0	3
73	360	2.97235429	0.206606434	0.353555659	0.38019556	0.341940297	1.93683624	1.55664068	0	0	0	0	0	3
74	365	3.02360956	0.20943666	0.353096453	0.379736185	0.341940297	1.93683624	1.55710006	0	0	0	0	0	3
75	371	3.07456429	0.212266885	0.353658479	0.379303999	0.341940297	1.93683624	1.55753225	0	0	0	0	0	3
76	377	3.12525218	0.21509711	0.353168913	0.378880119	0.341940297	1.93683624	1.55795613	0	0	0	0	0	3
77	383	3.17562109	0.217927335	0.353453766	0.378476829	0.341940297	1.93683624	1.55835942	0	0	0	0	0	3
78	389	3.22552863	0.22075756	0.353307223	0.378087388	0.341940297	1.93683624	1.55874886	0	0	0	0	0	3
79	395	3.27507329	0.223587785	0.353417541	0.377714187	0.341940297	1.93683624	1.55912206	0	0	0	0	0	3
80	402	3.32449625	0.22641801	0.353495704	0.377354148	0.341940297	1.93683624	1.5594821	0	0	0	0	0	3
81	408	3.37358484	0.229248235	0.353590936	0.377008373	0.341940297	1.93683624	1.55982787	0	0	0	0	0	3
82	414	3.42210374	0.232078461	0.353645792	0.376677136	0.341940297	1.93683624	1.56015911	0	0	0	0	0	3
83	420	3.47038429	0.234908686	0.353706026	0.376357558	0.341940297	1.93683624	1.56047869	0	0	0	0	0	3
84	426	3.51866618	0.237738911	0.353711341	0.376046815	0.341940297	1.93683624	1.56078943	0	0	0	0	0	3
85	432	3.56678811	0.240569136	0.353794249	0.37574659	0.341940297	1.93683624	1.56108965	0	0	0	0	0	3
86	439	3.61447099	0.243399361	0.353718871	0.375455996	0.341940297	1.93683624	1.56138025	0	0	0	0	0	3
87	446	3.66170857	0.246229586	0.353659233	0.375174808	0.341940297	1.93683624	1.56166144	0	0	0	0	0	3
88	451	3.70860864	0.249059811	0.353790578	0.374904378	0.341940297	1.93683624	1.56193187	0	0	0	0	0	3
89	458	3.75531834	0.251890036	0.353545869	0.374638715	0.341940297	1.93683624	1.56219753	0	0	0	0	0	3
90	464	3.801986	0.254720262	0.353576353	0.374380184	0.341940297	1.93683624	1.56245606	0	0	0	0	0	3
91	470	3.84862805	0.257550487	0.353573262	0.374128022	0.341940297	1.93683624	1.56270822	0	0	0	0	0	3
92	477	3.89518614	0.260380712	0.353601293	0.373882671	0.341940297	1.93683624	1.56295357	0	0	0	0	0	3
93	484	3.94173654	0.263210937	0.353675564	0.373644033	0.341940297	1.93683624	1.56319221	0	0	0	0	0	3
94	491	3.9882508	0.266041162	0.35368576	0.373411263	0.341940297	1.93683624	1.56342498	0	0	0	0	0	3
95	497	4.03487727	0.268871387	0.353754986	0.373184118	0.341940297	1.93683624	1.56365213	0	0	0	0	0	3
96	503	4.08173199	0.271701612	0.353785315	0.372961437	0.341940297	1.93683624	1.56387481	0	0	0	0	0	3
97	510	4.12864979	0.274531837	0.353813399	0.372743839	0.341940297	1.93683624	1.56409241	0	0	0	0	0	3
98	517	4.17577606	0.277362063	0.353822751	0.372530303	0.341940297	1.93683624	1.56430594	0	0	0	0	0	3
99	523	4.22313946	0.280192288	0.353855221	0.372320858	0.341940297	1.93683624	1.56451539	0	0	0	0	0	3
100	529	4.27078823	0.283022513	0.353912671	0.37211548	0.341940297	1.93683624	1.56472076	0	0	0	0	0	3
101	537	4.31872145	0.285852738	0.353839235	0.371912633	0.341940297	1.93683624	1.56492361	0	0	0	0	0	3
102	543	4.36693391	0.288682963	0.353808601	0.371712758	0.341940297	1.93683624	1.56512349	0	0	0	0	0	3
103	550	4.41534792	0.291513188	0.353758419	0.37151589	0.341940297	1.93683624	1.56532035	0	0	0	0	0	3
104	556	4.46391821	0.294343413	0.354012233	0.371325439	0.341940297	1.93683624	1.56551081	0	0	0	0	0	3
105	563	4.51265453	0.297173638	0.353716143	0.37113526	0.341940297	1.93683624	1.56570098	0	0	0	0	0	3
106	570	4.56154151	0.300003864	0.353746296	0.370948899	0.341940297	1.93683624	1.56588735	0	0	0	0	0	3
107	576	4.61056721	0.302834089	0.353740114	0.370765912	0.341940297	1.93683624	1.56607033	0	0	0	0	0	3
108	584	4.65971017	0.305664314	0.353789348	0.370586871	0.341940297	1.93683624	1.56624937	0	0	0	0	0	3
109	590	4.70895586	0.308494539	0.353867621	0.370412023	0.341940297	1.93683624	1.56642422	0	0	0	0	0	3
110	597	4.75818864	0.311324764	0.353851977	0.370240677	0.341940297	1.93683624	1.56659557	0	0	0	0	0	3
111	604	4.8073396	0.314154989	0.353909712	0.370073707	0.341940297	1.93683624	1.56676254	0	0	0	0	0	3
112	611	4.85641252	0.316985214	0.353916566	0.369910443	0.341940297	1.93683624	1.5669258	0	0	0	0	0	3
113	617	4.90541113	0.31981544	0.353928781	0.369750807	0.341940297	1.93683624	1.56708544	0	0	0	0	0	3
114	625	4.95433361	0.322645665	0.354021137	0.369595481	0.341940297	1.93683624	1.56724076	0	0	0	0	0	3
115	632	5.00318057	0.32547589	0.353950795	0.369442739	0.341940297	1.93683624	1.56739351	0	0	0	0	0	3
116	637	5.05197481	0.328306115	0.353891582	0.369292539	0.341940297	1.93683624	1.56754371	0	0	0	0	0	3
117	644	5.10072654	0.33113634	0.353847543	0.369144919	0.341940297	1.93683624	1.56769133	0	0	0	0	0	3
118	650	5.14942761	0.333966565	0.354058626	0.369002239	0.341940297	1.93683624	1.567834	0	0	0	0	0	3
119	657	5.19809449	0.33679679	0.35383784	0.368860264	0.341940297	1.93683624	1.56797598	0	0	0	0	0	3
120	663	5.2467219	0.339627015	0.353847892	0.368721127	0.341940297	1.93683624	1.56811512	0	0	0	0	0	3
121	670	5.29530064	0.342457241	0.353869801	0.368584882	0.341940297	1.93683624	1.56825136	0	0	0	0	0	3
122	676	5.34382097	0.345287466	0.353894354	0.368451496	0.341940297	1.93683624	1.56838475	0	0	0	0	0	3
123	682	5.39228728	0.348117691	0.353902873	0.368320732	0.341940297	1.93683624	1.56851551	0	0	0	0	0	3
124	687	5.4407011	0.350947916	0.353920387	0.368192591	0.341940297	1.93683624	1.56864365	0	0	0	0	0	3
125	694	5.48907064	0.353778141	0.353971588	0.368067276	0.341940297	1.93683624	1.56876897	0	0	0	0	0	3
126	699	5.53740304	0.356608366	0.353942651	0.367943991	0.341940297	1.93683624	1.56889225	0	0	0	0	0	3
127	706	5.58568872	0.359438591	0.353859359	0.367822236	0.341940297	1.93683624	1.56901401	0	0	0	0	0	3
128	711	5.63391061	0.362268816	0.354069515	0.367704523	0.341940297	1.93683624	1.56913172	0	0	0	0	0	3
129	717	5.68209824	0.365099042	0.353845168	0.367586988	0.341940297	1.93683624	1.56924926	0	0	0	0	0	3
130	723	5.7302513	0.367929267	0.353925906	0.367472189	0.341940297	1.93683624	1.56936405	0	0	0	0	0	3
131	729	5.77835834	0.370759492	0.35391685	0.367359336	0.341940297	1.93683624	1.56947691	0	0	0	0	0	3
132	735	5.82641204	0.373589717	0.353985582	0.367249035	0.341940297	1.93683624	1.56958721	0	0	0	0	0	3
133	740	5.87438789	0.376419942	0.354023463	0.367141023	0.341940297	1.93683624	1.56969522	0	0	0	0	0	3
134	745	5.92231833	0.379250167	0.354030638	0.367034918	0.341940297	1.93683624	1.56980133	0	0	0	0	0	3
135	751	5.97018903	0.382080392	0.35405807	0.366930866	0.341940297	1.93683624	1.56990538	0	0	0	0	0	3
136	757	6.01800163	0.384910617	0.354132319	0.366829182	0.341940297	1.93683624	1.57000706	0	0	0	0	0	3
137	763	6.06575758	0.387740843	0.354019004	0.366728327	0.341940297	1.93683624	1.57010792	0	0	0	0	0	3
138	769	6.11345319	0.390571068	0.353986058	0.366628915	0.341940297	1.93683624	1.57020733	0	0	0	0	0	3
139	775	6.16092593	0.393401293	0.353930675	0.366531069	0.341940297	1.93683624	1.57030518	0	0	0	0	0	3
140	780	6.20829076	0.396231518	0.35415485	0.366436648	0.341940297	1.93683624	1.5703996	0	0	0	0	0	3
141	786	6.25560335	0.399061743	0.353852672	0.366341472	0.341940297	1.93683624	1.57049477	0	0	0	0	0	3
142	793	6.30284865	0.401891968	0.353894607	0.366248172	0.341940297	1.93683624	1.57058807	0	0	0	0	0	3
143	799	6.35002872	0.404722193	0.353860444	0.366156133	0.341940297	1.93683624	1.57068011	0	0	0	0	0	3
144	805	6.39713401	0.407552419	0.35392764	0.366066088	0.341940297	1.93683624	1.57077016	0	0	0	0	0	3
145	811	6.44416819	0.410382644	0.353964369	0.365977761	0.341940297	1.93683624	1.57085848	0	0	0	0	0	3
146	817	6.49113709	0.413212869	0.353992854	0.36589104	0.341940297	1.93683624	1.5709452	0	0	0	0	0	3
147	822	6.53802047	0.416043094	0.354030719	0.365805991	0.341940297	1.93683624	1.57103025	0	0	0	0	0	3
148	828	6.58484162	0.418873319	0.354131691	0.365722982	0.341940297	1.93683624	1.57111326	0	0	0	0	0	3
149	834	6.63159445	0.421703544	0.354026551	0.365640522	0.341940297	1.93683624	1.57119572	0	0	0	0	0	3
150	839	6.67826945	0.424533769	0.354015671	0.365559274	0.341940297	1.93683624	1.57127697	0	0	0	0	0	3
151	845	6.72487269	0.427363994	0.353978915	0.365479023	0.341940297	1.93683624	1.57135722	0	0	0	0	0	3
152	852	6.77141524	0.43019422	0.354189481	0.365401425	0.341940297	1.93683624	1.57143482	0	0	0	0	0	3
153	857	6.81791214	0.433024445	0.353905325	0.365323024	0.341940297	1.93683624	1.57151322	0	0	0	0	0	3
154	864	6.86436965	0.43585467	0.353928364	0.365245906	0.341940297	1.93683624	1.57159034	0	0	0	0	0	3
155	870	6.9107948	0.438684895	0.353895923	0.365169659	0.341940297	1.93683624	1.57166659	0	0	0	0	0	3
156	876	6.95720755	0.44151512	0.353934385	0.365094707	0.341940297	1.93683624	1.57174154	0	0	0	0	0	3
157	881	7.00362557	0.444345345	0.353959238	0.365020904	0.341940297	1.93683624	1.57181534	0	0	0	0	0	3
158	888	7.050035	0.44717557	0.353950367	0.364948028	0.341940297	1.93683624	1.57188822	0	0	0	0	0	3
159	894	7.09645461	0.450005795	0.353967811	0.364876204	0.341940297	1.93683624	1.57196004	0	0	0	0	0	3
160	900	7.14285048	0.452836021	0.354050539	0.364805887	0.341940297	1.93683624	1.57203036	0	0	0	0	0	3
161	905	7.18923388	0.455666246	0.353935208	0.364735751	0.341940297	1.93683624	1.57210049	0	0	0	0	0	3
162	912	7.23560607	0.458496471	0.35392633	0.364666475	0.341940297	1.93683624	1.57216977	0	0	0	0	0	3
163	918	7.28195142	0.461326696	0.353897349	0.364597936	0.341940297	1.93683624	1.57223831	0	0	0	0	0	3
164	923	7.32840111	0.464156921	0.354136821	0.36453163	0.341940297	1.93683624	1.57230461	0	0	0	0	0	3
165	929	7.37473179	0.466987146	0.353862084	0.3644646	0.341940297	1.93683624	1.57237164	0	0	0	0	0	3
166	936	7.42102354	0.469817371	0.353905058	0.364398731	0.341940297	1.93683624	1.57243751	0	0	0	0	0	3
167	941	7.46741452	0.472647596	0.353887187	0.364333428	0.341940297	1.93683624	1.57250282	0	0	0	0	0	3
168	947	7.51383255	0.475477822	0.353935314	0.364269192	0.341940297	1.93683624	1.57256705	0	0	0	0	0	3
169	952	7.56026018	0.478308047	0.353966009	0.36420592	0.341940297	1.93683624	1.57263032	0	0	0	0	0	3
170	959	7.60668239	0.481138272	0.353939564	0.364143266	0.341940297	1.93683624	1.57269298	0	0	0	0	0	3
171	965	7.65311263	0.483968497	0.353967592	0.364081532	0.341940297	1.93683624	1.57275471	0	0	0	0	0	3
172	970	7.69954438	0.486798722	0.353958322	0.364020485	0.341940297	1.93683624	1.57281576	0	0	0	0	0	3
173	976	7.74597682	0.489628947	0.353947053	0.3639601	0.341940297	1.93683624	1.57287614	0	0	0	0	0	3
174	983	7.79240163	0.492459172	0.354009895	0.36390082	0.341940297	1.93683624	1.57293542	0	0	0	0	0	3
175	988	7.83882263	0.495289397	0.353933132	0.363841792	0.341940297	1.93683624	1.57299445	0	0	0	0	0	3
176	995	7.88524487	0.498119623	0.353877595	0.363783131	0.341940297	1.93683624	1.57305311	0	0	0	0	0	3
177	1001	7.93166567	0.500949848	0.353841592	0.363724947	0.341940297	1.93683624	1.5731113	0	0	0	0	0	3
178	1007	7.97808867	0.503780073	0.35410916	0.360559802	0.341940297	1.61002468	1.26808438	0	0	0	0	0	3
179	1012	8.02450827	0.506610298	0.35378595	0.360303512	0.341940297	1.36887987	1.02693957	0	0	0	0	0	3
180	1018	8.07094281	0.509440523	0.353823879	0.360076472	0.341940297	1.16987919	0.827938891	0	0	0	0	0	3
181	1024	8.1173949	0.512270748	0.353853223	0.359870206	0.341940297	1.000548	0.6586077	0	0	0	0	0	3
182	1030	8.16385573	0.515100973	0.353865354	0.359680942	0.341940297	0.837550315	0.495610018	0	0	0	0	0	3
183	1035	8.21032597	0.517931199	0.353933478	0.359446315	0.341940297	0.719108302	0.377168004	0	0	0	0	0	3
184	1041	8.25681102	0.520761424	0.353940166	0.359226389	0.341940297	0.640261533	0.298321236	0	0	0	0	0	3
185	1048	8.303314	0.523591649	0.35396473	0.359018035	0.341940297	0.632463893	0.290523596	0	0	0	0	0	3
186	1054	8.3498384	0.526421874	0.353975734	0.358831525	0.341940297	0.632463893	0.290523596	0	0	0	0	0	3
187	1060	8.39638194	0.529252099	0.354006987	0.358580933	0.341940297	0.632463893	0.290523596	0	0	0	0	0	3
188	1066	8.44294284	0.532082324	0.353961881	0.358166725	0.341940297	0.559159517	0.21721922	0	0	0	0	0	3
189	1072	8.48952638	0.534912549	0.353986885	0.357822283	0.341940297	0.474017875	0.132077578	0	0	0	0	0	3
190	1077	8.53613011	0.537742774	0.353974596	0.357600086	0.341940297	0.399739539	0.0577992423	0	0	0	0	0	3
191	1083	8.58274822	0.540573	0.353949955	0.357505416	0.341940297	0.397285171	0.0553448742	0	0	0	0	0	3
192	1089	8.62937799	0.543403225	0.353950977	0.357487348	0.341940297	0.397285171	0.0553448742	0	0	0	0	0	3
193	1095	8.67602173	0.54623345	0.353955589	0.357487657	0.341940297	0.397285171	0.0553448742	0	0	0	0	0	3
194	1101	8.72269821	0.549063675	0.353916118	0.357493009	0.341940297	0.397285171	0.0553448742	0	0	0	0	0	3
195	1106	8.76940906	0.5518939	0.35393555	0.357510407	0.341940297	0.397285171	0.0553448742	0	0	0	0	0	3
196	1112	8.8161534	0.554724125	0.353936449	0.357535941	0.341940297	0.397285171	0.0553448742	0	0	0	0	0	3
197	1118	8.86290747	0.55755435	0.35392956	0.357560655	0.341940297	0.397285171	0.0553448742	0	0	0	0	0	3
198	1123	8.9096783	0.560384575	0.354021388	0.35761483	0.343619284	0.397285171	0.0536658877	0	0	0	0	0	3
199	1131	8.95646409	0.563214801	0.353946659	0.357661713	0.347371994	0.397285171	0.0499131774	0	0	0	0	0	3
200	1136	9.00328072	0.566045026	0.353892286	0.357690833	0.349181759	0.397285171	0.0481034125	0	0	0	0	0	3
201	1143	9.0501146	0.568875251	0.353849702	0.357711495	0.353007591	0.397285171	0.0442775802	0	0	0	0	0	3
202	1148	9.09699669	0.571705476	0.354145216	0.357710198	0.353007591	0.397285171	0.0442775802	0	0	0	0	0	3
203	1154	9.14390825	0.574535701	0.353798564	0.357708447	0.353007591	0.397285171	0.0442775802	0	0	0	0	0	3
204	1160	9.19085845	0.577365926	0.353846317	0.357677898	0.353007591	0.397285171	0.0442775802	0	0	0	0	0	3
205	1166	9.23784632	0.580196151	0.353837823	0.357618778	0.353007591	0.397285171	0.0442775802	0	0	0	0	0	3
206	1171	9.28487307	0.583026376	0.353866299	0.35752491	0.353007591	0.397285171	0.0442775802	0	0	0	0	0	3
207	1177	9.3319181	0.585856602	0.353853528	0.35741412	0.353007591	0.397285171	0.0442775802	0	0	0	0	0	3
208	1183	9.37897338	0.588686827	0.353911238	0.357272627	0.353007591	0.397285171	0.0442775802	0	0	0	0	0	3
209	1189	9.42602163	0.591517052	0.353884591	0.357095111	0.353007591	0.397285171	0.0442775802	0	0	0	0	0	3
210	1195	9.4730627	0.594347277	0.353923696	0.356902434	0.353007591	0.397285171	0.0442775802	0	0	0	0	0	3
211	1201	9.52009873	0.597177502	0.354003765	0.356683596	0.353007591	0.397285171	0.0442775802	0	0	0	0	0	3
212	1206	9.56714578	0.600007727	0.35393666	0.356447311	0.353007591	0.397285171	0.0442775802	0	0	0	0	0	3
213	1212	9.61421063	0.602837952	0.353857361	0.356216644	0.353007591	0.397285171	0.0442775802	0	0	0	0	0	3
214	1218	9.6612907	0.605668178	0.354057388	0.355984329	0.353007591	0.397285171	0.0442775802	0	0	0	0	0	3
215	1224	9.70839094	0.608498403	0.353800771	0.355747907	0.353007591	0.397285171	0.0442775802	0	0	0	0	0	3
216	1229	9.75549748	0.611328628	0.353828032	0.355512481	0.353007591	0.396207737	0.0432001456	0	0	0	0	0	3
217	1235	9.80259874	0.614158853	0.353823516	0.355282238	0.353007591	0.392395164	0.0393875727	0	0	0	0	0	3
218	1240	9.84970544	0.616989078	0.353874807	0.355072859	0.353007591	0.387272612	0.0342650215	0	0	0	0	0	3
219	1246	9.8968128	0.619819303	0.353877974	0.354890552	0.353007591	0.383301824	0.0302942335	0	0	0	0	0	3
220	1253	9.94390991	0.622649528	0.353924916	0.354728151	0.353007591	0.378679631	0.0256720399	0	0	0	0	0	3
221	1259	9.99099274	0.625479753	0.35399258	0.354590718	0.353007591	0.374210352	0.0212027605	0	0	0	0	0	3
222	1261	10	0.628309979	0.353975185	0.354478578	0.353007591	0.3702437	0.0172361092	0	0	0	0	0	3
