Iteration	CPUTime	PhysTime	Travels	Value	AvValue	MinValue	MaxValue	Delta	Criteria	PrevAvRefValue	Progress	CriteriaType	CriteriaVarType	CriteriaPercentage
1	15	0.0157367131	0.00283022513	101335.403	101335.403	101335.403	101335.403	0	0	0	0	0	0	3
2	18	0.0171275271	0.00566045026	101321.274	101334.255	101321.274	101335.403	1.14729006	0	0	0	0	0	3
3	21	0.0186418555	0.00849067539	101320.716	101333.155	101320.716	101335.403	2.24712535	0	0	0	0	0	3
4	24	0.0203472833	0.0113209005	101320.584	101332.102	101320.584	101335.403	3.30081968	0	0	0	0	0	3
5	26	0.0223169321	0.0141511256	101320.533	101331.081	101320.533	101335.403	4.32186892	0	0	0	0	0	3
6	29	0.025776523	0.0169813508	101320.524	101329.664	101320.524	101335.403	5.73879065	0	0	0	0	0	3
7	31	0.0300953477	0.0198115759	101320.485	101328.347	101320.485	101335.403	7.05596071	0	0	0	0	0	3
8	34	0.0353543883	0.022641801	101320.459	101327.173	101320.459	101335.403	8.22924399	0	0	0	0	0	3
9	37	0.0416731116	0.0254720262	101320.445	101326.153	101320.445	101335.403	9.24948275	0	0	0	0	0	3
10	40	0.0489393048	0.0283022513	101320.429	101325.303	101320.429	101335.403	10.0993749	0	0	0	0	0	3
11	43	0.0608307924	0.0311324764	101320.419	101324.348	101320.419	101335.403	11.0542047	0	0	0	0	0	3
12	47	0.0742832757	0.0339627015	101320.409	101323.635	101320.409	101335.403	11.7676413	0	0	0	0	0	3
13	50	0.0888934139	0.0367929267	101320.4	101323.103	101320.4	101335.403	12.2992419	0	0	0	0	0	3
14	54	0.103903665	0.0396231518	101320.395	101322.712	101320.395	101335.403	12.6905202	0	0	0	0	0	3
15	57	0.119614349	0.0424533769	101320.392	101322.407	101320.392	101335.403	12.9951839	0	0	0	0	0	3
16	61	0.143868823	0.0452836021	101320.389	101322.067	101320.389	101335.403	13.335379	0	0	0	0	0	3
17	65	0.169065419	0.0481138272	101320.388	101321.817	101320.388	101335.403	13.5856368	0	0	0	0	0	3
18	69	0.195130833	0.0509440523	101320.386	101321.626	101320.386	101335.403	13.7767348	0	0	0	0	0	3
19	73	0.221858083	0.0537742774	101320.386	101321.476	101320.386	101335.403	13.9261433	0	0	0	0	0	3
20	77	0.248975633	0.0566045026	101320.385	101321.358	101320.385	101335.403	14.0449691	0	0	0	0	0	3
21	81	0.289469642	0.0594347277	101320.385	101321.222	101320.385	101335.403	14.1810501	0	0	0	0	0	3
22	85	0.330627226	0.0622649528	101320.385	101321.117	101320.385	101335.403	14.2852057	0	0	0	0	0	3
23	90	0.372204063	0.065095178	101320.385	101321.036	101320.385	101335.403	14.3669602	0	0	0	0	0	3
24	94	0.41431535	0.0679254031	101320.386	101320.97	101320.385	101335.403	14.4329633	0	0	0	0	0	3
25	99	0.456914841	0.0707556282	101320.387	101320.915	101320.385	101335.403	14.487292	0	0	0	0	0	3
26	104	0.507078334	0.0735858533	101320.388	101320.863	101320.385	101335.403	14.5394912	0	0	0	0	0	3
27	109	0.557280789	0.0764160785	101320.388	101320.82	101320.385	101335.403	14.5822604	0	0	0	0	0	3
28	114	0.60661992	0.0792463036	101320.389	101320.785	101320.385	101335.403	14.6173018	0	0	0	0	0	3
29	119	0.656187233	0.0820765287	101320.39	101320.755	101320.385	101335.403	14.6471805	0	0	0	0	0	3
30	124	0.706064698	0.0849067539	101320.391	101320.73	101320.385	101335.403	14.6729413	0	0	0	0	0	3
31	129	0.756728722	0.087736979	101320.39	101320.707	101320.385	101335.403	14.6956484	0	0	0	0	0	3
32	134	0.80782032	0.0905672041	101320.391	101320.687	101320.385	101335.403	14.7156544	0	0	0	0	0	3
33	139	0.858607072	0.0933974292	101320.391	101320.669	101320.385	101335.403	14.7331669	0	0	0	0	0	3
34	144	0.908128111	0.0962276544	101320.391	101320.654	101320.385	101335.403	14.7483368	0	0	0	0	0	3
35	149	0.956636082	0.0990578795	101320.391	101320.641	101320.385	101335.403	14.7617024	0	0	0	0	0	3
36	154	1.00449967	0.101888105	101320.391	101320.629	101320.385	101335.403	14.7736012	0	0	0	0	0	3
37	159	1.05190691	0.10471833	101320.39	101320.618	101320.385	101335.403	14.7843526	0	0	0	0	0	3
38	164	1.09901514	0.107548555	101320.391	101320.608	101320.385	101335.403	14.79409	0	0	0	0	0	3
39	169	1.1456371	0.11037878	101320.39	101320.6	101320.385	101335.403	14.8029799	0	0	0	0	0	3
40	174	1.19239643	0.113209005	101320.391	101320.591	101320.385	101335.403	14.8111694	0	0	0	0	0	3
41	178	1.23918773	0.11603923	101320.39	101320.584	101320.385	101335.403	14.8187657	0	0	0	0	0	3
42	183	1.28619097	0.118869455	101320.391	101320.577	101320.385	101335.403	14.8258128	0	0	0	0	0	3
43	188	1.33380618	0.121699681	101320.39	101320.57	101320.385	101335.403	14.8324716	0	0	0	0	0	3
44	194	1.38175979	0.124529906	101320.391	101320.564	101320.385	101335.403	14.8386829	0	0	0	0	0	3
45	198	1.43045803	0.127360131	101320.39	101320.558	101320.385	101335.403	14.8445949	0	0	0	0	0	3
46	203	1.48005364	0.130190356	101320.391	101320.552	101320.385	101335.403	14.8501811	0	0	0	0	0	3
47	209	1.53069919	0.133020581	101320.391	101320.547	101320.385	101335.403	14.8555322	0	0	0	0	0	3
48	214	1.58248752	0.135850806	101320.391	101320.542	101320.385	101335.403	14.8606225	0	0	0	0	0	3
49	219	1.635287	0.138681031	101320.391	101320.537	101320.385	101335.403	14.8655058	0	0	0	0	0	3
50	224	1.68896713	0.141511256	101320.392	101320.532	101320.385	101335.403	14.8701143	0	0	0	0	0	3
51	229	1.74330523	0.144341482	101320.391	101320.528	101320.385	101335.403	14.8745267	0	0	0	0	0	3
52	243	1.79813409	0.147171707	101320.393	101320.524	101320.385	101335.403	14.8786477	0	0	0	0	0	3
53	248	1.85335704	0.150001932	101320.391	101320.52	101320.385	101335.403	14.8826027	0	0	0	0	0	3
54	254	1.90892119	0.152832157	101320.393	101320.516	101320.385	101335.403	14.8863095	0	0	0	0	0	3
55	260	1.96475654	0.155662382	101320.391	101320.513	101320.385	101335.403	14.8898578	0	0	0	0	0	3
56	265	2.02082765	0.158492607	101320.393	101320.509	101320.385	101335.403	14.8931809	0	0	0	0	0	3
57	270	2.07712305	0.161322832	101320.392	101320.506	101320.385	101335.403	14.8963519	0	0	0	0	0	3
58	276	2.1336433	0.164153057	101320.393	101320.503	101320.385	101335.403	14.8993547	0	0	0	0	0	3
59	281	2.19036633	0.166983283	101320.393	101320.5	101320.385	101335.403	14.9022182	0	0	0	0	0	3
60	286	2.24717207	0.169813508	101320.393	101320.498	101320.385	101335.403	14.9049442	0	0	0	0	0	3
61	292	2.30398559	0.172643733	101320.394	101320.495	101320.385	101335.403	14.9074984	0	0	0	0	0	3
62	297	2.36078992	0.175473958	101320.394	101320.493	101320.385	101335.403	14.9099312	0	0	0	0	0	3
63	303	2.41760717	0.178304183	101320.394	101320.49	101320.385	101335.403	14.9122502	0	0	0	0	0	3
64	308	2.47443424	0.181134408	101320.394	101320.488	101320.385	101335.403	14.9144584	0	0	0	0	0	3
65	314	2.53127303	0.183964633	101320.394	101320.486	101320.385	101335.403	14.9165636	0	0	0	0	0	3
66	320	2.58811341	0.186794858	101320.394	101320.484	101320.385	101335.403	14.9185781	0	0	0	0	0	3
67	326	2.64496141	0.189625084	101320.394	101320.482	101320.385	101335.403	14.9205046	0	0	0	0	0	3
68	331	2.7017959	0.192455309	101320.394	101320.48	101320.385	101335.403	14.9223582	0	0	0	0	0	3
69	337	2.75786377	0.195285534	101320.394	101320.478	101320.385	101335.403	14.9241041	0	0	0	0	0	3
70	343	2.81279903	0.198115759	101320.394	101320.477	101320.385	101335.403	14.9257542	0	0	0	0	0	3
71	349	2.86706419	0.200945984	101320.394	101320.475	101320.385	101335.403	14.9273162	0	0	0	0	0	3
72	354	2.92032831	0.203776209	101320.394	101320.474	101320.385	101335.403	14.9287916	0	0	0	0	0	3
73	360	2.97235429	0.206606434	101320.394	101320.472	101320.385	101335.403	14.9301858	0	0	0	0	0	3
74	365	3.02360956	0.20943666	101320.394	101320.471	101320.385	101335.403	14.9315086	0	0	0	0	0	3
75	371	3.07456429	0.212266885	101320.394	101320.47	101320.385	101335.403	14.9327844	0	0	0	0	0	3
76	377	3.12525218	0.21509711	101320.395	101320.469	101320.385	101335.403	14.9340049	0	0	0	0	0	3
77	383	3.17562109	0.217927335	101320.394	101320.467	101320.385	101335.403	14.9351796	0	0	0	0	0	3
78	389	3.22552863	0.22075756	101320.394	101320.466	101320.385	101335.403	14.9363138	0	0	0	0	0	3
79	395	3.27507329	0.223587785	101320.394	101320.465	101320.385	101335.403	14.9373998	0	0	0	0	0	3
80	402	3.32449625	0.22641801	101320.394	101320.464	101320.385	101335.403	14.9384546	0	0	0	0	0	3
81	408	3.37358484	0.229248235	101320.394	101320.463	101320.385	101335.403	14.9394689	0	0	0	0	0	3
82	414	3.42210374	0.232078461	101320.394	101320.462	101320.385	101335.403	14.9404504	0	0	0	0	0	3
83	420	3.47038429	0.234908686	101320.394	101320.461	101320.385	101335.403	14.9413936	0	0	0	0	0	3
84	426	3.51866618	0.237738911	101320.394	101320.46	101320.385	101335.403	14.9423108	0	0	0	0	0	3
85	432	3.56678811	0.240569136	101320.394	101320.459	101320.385	101335.403	14.9432004	0	0	0	0	0	3
86	439	3.61447099	0.243399361	101320.394	101320.458	101320.385	101335.403	14.9440599	0	0	0	0	0	3
87	446	3.66170857	0.246229586	101320.394	101320.458	101320.385	101335.403	14.9448869	0	0	0	0	0	3
88	451	3.70860864	0.249059811	101320.394	101320.457	101320.385	101335.403	14.9456887	0	0	0	0	0	3
89	458	3.75531834	0.251890036	101320.394	101320.456	101320.385	101335.403	14.9464733	0	0	0	0	0	3
90	464	3.801986	0.254720262	101320.394	101320.455	101320.385	101335.403	14.9472305	0	0	0	0	0	3
91	470	3.84862805	0.257550487	101320.394	101320.455	101320.385	101335.403	14.9479684	0	0	0	0	0	3
92	477	3.89518614	0.260380712	101320.394	101320.454	101320.385	101335.403	14.94869	0	0	0	0	0	3
93	484	3.94173654	0.263210937	101320.394	101320.453	101320.385	101335.403	14.9493926	0	0	0	0	0	3
94	491	3.9882508	0.266041162	101320.394	101320.452	101320.385	101335.403	14.9500789	0	0	0	0	0	3
95	497	4.03487727	0.268871387	101320.395	101320.452	101320.385	101335.403	14.9507484	0	0	0	0	0	3
96	503	4.08173199	0.271701612	101320.394	101320.451	101320.385	101335.403	14.951408	0	0	0	0	0	3
97	510	4.12864979	0.274531837	101320.394	101320.451	101320.385	101335.403	14.9520537	0	0	0	0	0	3
98	517	4.17577606	0.277362063	101320.394	101320.45	101320.385	101335.403	14.9526913	0	0	0	0	0	3
99	523	4.22313946	0.280192288	101320.395	101320.449	101320.385	101335.403	14.953311	0	0	0	0	0	3
100	529	4.27078823	0.283022513	101320.395	101320.449	101320.385	101335.403	14.953918	0	0	0	0	0	3
101	537	4.31872145	0.285852738	101320.395	101320.448	101320.385	101335.403	14.9545188	0	0	0	0	0	3
102	543	4.36693391	0.288682963	101320.394	101320.447	101320.385	101335.403	14.9551109	0	0	0	0	0	3
103	550	4.41534792	0.291513188	101320.395	101320.447	101320.385	101335.403	14.9556894	0	0	0	0	0	3
104	556	4.46391821	0.294343413	101320.395	101320.446	101320.385	101335.403	14.9562573	0	0	0	0	0	3
105	563	4.51265453	0.297173638	101320.394	101320.446	101320.385	101335.403	14.9568199	0	0	0	0	0	3
106	570	4.56154151	0.300003864	101320.395	101320.445	101320.385	101335.403	14.9573668	0	0	0	0	0	3
107	576	4.61056721	0.302834089	101320.395	101320.445	101320.385	101335.403	14.9579044	0	0	0	0	0	3
108	584	4.65971017	0.305664314	101320.394	101320.444	101320.385	101335.403	14.9584363	0	0	0	0	0	3
109	590	4.70895586	0.308494539	101320.395	101320.444	101320.385	101335.403	14.9589513	0	0	0	0	0	3
110	597	4.75818864	0.311324764	101320.395	101320.443	101320.385	101335.403	14.9594573	0	0	0	0	0	3
111	604	4.8073396	0.314154989	101320.395	101320.443	101320.385	101335.403	14.9599539	0	0	0	0	0	3
112	611	4.85641252	0.316985214	101320.395	101320.442	101320.385	101335.403	14.9604371	0	0	0	0	0	3
113	617	4.90541113	0.31981544	101320.395	101320.442	101320.385	101335.403	14.9609114	0	0	0	0	0	3
114	625	4.95433361	0.322645665	101320.395	101320.441	101320.385	101335.403	14.961376	0	0	0	0	0	3
115	632	5.00318057	0.32547589	101320.395	101320.441	101320.385	101335.403	14.9618264	0	0	0	0	0	3
116	637	5.05197481	0.328306115	101320.395	101320.44	101320.385	101335.403	14.9622697	0	0	0	0	0	3
117	644	5.10072654	0.33113634	101320.395	101320.44	101320.385	101335.403	14.9627049	0	0	0	0	0	3
118	650	5.14942761	0.333966565	101320.395	101320.439	101320.385	101335.403	14.9631315	0	0	0	0	0	3
119	657	5.19809449	0.33679679	101320.395	101320.439	101320.385	101335.403	14.9635508	0	0	0	0	0	3
120	663	5.2467219	0.339627015	101320.395	101320.439	101320.385	101335.403	14.9639588	0	0	0	0	0	3
121	670	5.29530064	0.342457241	101320.395	101320.438	101320.385	101335.403	14.9643611	0	0	0	0	0	3
122	676	5.34382097	0.345287466	101320.395	101320.438	101320.385	101335.403	14.9647544	0	0	0	0	0	3
123	682	5.39228728	0.348117691	101320.395	101320.437	101320.385	101335.403	14.9651418	0	0	0	0	0	3
124	687	5.4407011	0.350947916	101320.395	101320.437	101320.385	101335.403	14.9655202	0	0	0	0	0	3
125	694	5.48907064	0.353778141	101320.395	101320.437	101320.385	101335.403	14.9658933	0	0	0	0	0	3
126	699	5.53740304	0.356608366	101320.395	101320.436	101320.385	101335.403	14.9662577	0	0	0	0	0	3
127	706	5.58568872	0.359438591	101320.395	101320.436	101320.385	101335.403	14.9666166	0	0	0	0	0	3
128	711	5.63391061	0.362268816	101320.395	101320.436	101320.385	101335.403	14.9669671	0	0	0	0	0	3
129	717	5.68209824	0.365099042	101320.395	101320.435	101320.385	101335.403	14.9673145	0	0	0	0	0	3
130	723	5.7302513	0.367929267	101320.395	101320.435	101320.385	101335.403	14.967653	0	0	0	0	0	3
131	729	5.77835834	0.370759492	101320.394	101320.435	101320.385	101335.403	14.9679903	0	0	0	0	0	3
132	735	5.82641204	0.373589717	101320.395	101320.434	101320.385	101335.403	14.9683188	0	0	0	0	0	3
133	740	5.87438789	0.376419942	101320.394	101320.434	101320.385	101335.403	14.9686436	0	0	0	0	0	3
134	745	5.92231833	0.379250167	101320.395	101320.434	101320.385	101335.403	14.9689619	0	0	0	0	0	3
135	751	5.97018903	0.382080392	101320.394	101320.433	101320.385	101335.403	14.9692757	0	0	0	0	0	3
136	757	6.01800163	0.384910617	101320.394	101320.433	101320.385	101335.403	14.9695843	0	0	0	0	0	3
137	763	6.06575758	0.387740843	101320.395	101320.433	101320.385	101335.403	14.9698849	0	0	0	0	0	3
138	769	6.11345319	0.390571068	101320.395	101320.432	101320.385	101335.403	14.970182	0	0	0	0	0	3
139	775	6.16092593	0.393401293	101320.394	101320.432	101320.385	101335.403	14.9704741	0	0	0	0	0	3
140	780	6.20829076	0.396231518	101320.395	101320.432	101320.385	101335.403	14.9707601	0	0	0	0	0	3
141	786	6.25560335	0.399061743	101320.395	101320.432	101320.385	101335.403	14.9710412	0	0	0	0	0	3
142	793	6.30284865	0.401891968	101320.395	101320.431	101320.385	101335.403	14.9713182	0	0	0	0	0	3
143	799	6.35002872	0.404722193	101320.395	101320.431	101320.385	101335.403	14.9715892	0	0	0	0	0	3
144	805	6.39713401	0.407552419	101320.395	101320.431	101320.385	101335.403	14.9718561	0	0	0	0	0	3
145	811	6.44416819	0.410382644	101320.395	101320.43	101320.385	101335.403	14.9721173	0	0	0	0	0	3
146	817	6.49113709	0.413212869	101320.395	101320.43	101320.385	101335.403	14.972377	0	0	0	0	0	3
147	822	6.53802047	0.416043094	101320.395	101320.43	101320.385	101335.403	14.972628	0	0	0	0	0	3
148	828	6.58484162	0.418873319	101320.395	101320.43	101320.385	101335.403	14.9728793	0	0	0	0	0	3
149	834	6.63159445	0.421703544	101320.395	101320.429	101320.385	101335.403	14.9731238	0	0	0	0	0	3
150	839	6.67826945	0.424533769	101320.395	101320.429	101320.385	101335.403	14.9733673	0	0	0	0	0	3
151	845	6.72487269	0.427363994	101320.395	101320.429	101320.385	101335.403	14.9736035	0	0	0	0	0	3
152	852	6.77141524	0.43019422	101320.394	101320.429	101320.385	101335.403	14.973841	0	0	0	0	0	3
153	857	6.81791214	0.433024445	101320.395	101320.428	101320.385	101335.403	14.9740704	0	0	0	0	0	3
154	864	6.86436965	0.43585467	101320.394	101320.428	101320.385	101335.403	14.9743008	0	0	0	0	0	3
155	870	6.9107948	0.438684895	101320.395	101320.428	101320.385	101335.403	14.9745245	0	0	0	0	0	3
156	876	6.95720755	0.44151512	101320.394	101320.428	101320.385	101335.403	14.9747487	0	0	0	0	0	3
157	881	7.00362557	0.444345345	101320.395	101320.428	101320.385	101335.403	14.9749661	0	0	0	0	0	3
158	888	7.050035	0.44717557	101320.394	101320.427	101320.385	101335.403	14.975184	0	0	0	0	0	3
159	894	7.09645461	0.450005795	101320.395	101320.427	101320.385	101335.403	14.9753945	0	0	0	0	0	3
160	900	7.14285048	0.452836021	101320.395	101320.427	101320.385	101335.403	14.9756056	0	0	0	0	0	3
161	905	7.18923388	0.455666246	101320.395	101320.427	101320.385	101335.403	14.9758116	0	0	0	0	0	3
162	912	7.23560607	0.458496471	101320.394	101320.427	101320.385	101335.403	14.9760186	0	0	0	0	0	3
163	918	7.28195142	0.461326696	101320.395	101320.426	101320.385	101335.403	14.9762191	0	0	0	0	0	3
164	923	7.32840111	0.464156921	101320.394	101320.426	101320.385	101335.403	14.9764217	0	0	0	0	0	3
165	929	7.37473179	0.466987146	101320.395	101320.426	101320.385	101335.403	14.9766173	0	0	0	0	0	3
166	936	7.42102354	0.469817371	101320.395	101320.426	101320.385	101335.403	14.9768134	0	0	0	0	0	3
167	941	7.46741452	0.472647596	101320.395	101320.426	101320.385	101335.403	14.9770038	0	0	0	0	0	3
168	947	7.51383255	0.475477822	101320.395	101320.425	101320.385	101335.403	14.9771954	0	0	0	0	0	3
169	952	7.56026018	0.478308047	101320.395	101320.425	101320.385	101335.403	14.9773824	0	0	0	0	0	3
170	959	7.60668239	0.481138272	101320.395	101320.425	101320.385	101335.403	14.9775692	0	0	0	0	0	3
171	965	7.65311263	0.483968497	101320.395	101320.425	101320.385	101335.403	14.9777515	0	0	0	0	0	3
172	970	7.69954438	0.486798722	101320.395	101320.425	101320.385	101335.403	14.9779337	0	0	0	0	0	3
173	976	7.74597682	0.489628947	101320.395	101320.424	101320.385	101335.403	14.9781124	0	0	0	0	0	3
174	983	7.79240163	0.492459172	101320.395	101320.424	101320.385	101335.403	14.9782906	0	0	0	0	0	3
175	988	7.83882263	0.495289397	101320.395	101320.424	101320.385	101335.403	14.9784637	0	0	0	0	0	3
176	995	7.88524487	0.498119623	101320.395	101320.424	101320.385	101335.403	14.9786376	0	0	0	0	0	3
177	1001	7.93166567	0.500949848	101320.395	101320.424	101320.385	101335.403	14.978807	0	0	0	0	0	3
178	1007	7.97808867	0.503780073	101320.395	101320.394	101320.385	101321.274	0.889162948	0	0	0	0	0	3
179	1012	8.02450827	0.506610298	101320.395	101320.394	101320.385	101320.716	0.331146433	0	0	0	0	0	3
180	1018	8.07094281	0.509440523	101320.395	101320.394	101320.385	101320.584	0.19910922	0	0	0	0	0	3
181	1024	8.1173949	0.512270748	101320.395	101320.394	101320.385	101320.533	0.148024713	0	0	0	0	0	3
182	1030	8.16385573	0.515100973	101320.395	101320.394	101320.385	101320.524	0.13876417	0	0	0	0	0	3
183	1035	8.21032597	0.517931199	101320.395	101320.394	101320.385	101320.485	0.100379293	0	0	0	0	0	3
184	1041	8.25681102	0.520761424	101320.394	101320.394	101320.385	101320.459	0.0742863341	0	0	0	0	0	3
185	1048	8.303314	0.523591649	101320.395	101320.394	101320.385	101320.445	0.0598516812	0	0	0	0	0	3
186	1054	8.3498384	0.526421874	101320.394	101320.394	101320.385	101320.429	0.0440716456	0	0	0	0	0	3
187	1060	8.39638194	0.529252099	101320.395	101320.394	101320.385	101320.419	0.0339552288	0	0	0	0	0	3
188	1066	8.44294284	0.532082324	101320.394	101320.393	101320.385	101320.409	0.0240223567	0	0	0	0	0	3
189	1072	8.48952638	0.534912549	101320.395	101320.393	101320.385	101320.4	0.0156591268	0	0	0	0	0	3
190	1077	8.53613011	0.537742774	101320.395	101320.393	101320.385	101320.395	0.0103894111	0	0	0	0	0	3
191	1083	8.58274822	0.540573	101320.395	101320.393	101320.385	101320.395	0.0103894111	0	0	0	0	0	3
192	1089	8.62937799	0.543403225	101320.395	101320.393	101320.385	101320.395	0.0103894111	0	0	0	0	0	3
193	1095	8.67602173	0.54623345	101320.394	101320.394	101320.385	101320.395	0.0103894111	0	0	0	0	0	3
194	1101	8.72269821	0.549063675	101320.395	101320.394	101320.385	101320.395	0.0103894111	0	0	0	0	0	3
195	1106	8.76940906	0.5518939	101320.394	101320.394	101320.385	101320.395	0.0103894111	0	0	0	0	0	3
196	1112	8.8161534	0.554724125	101320.395	101320.394	101320.385	101320.395	0.0103894111	0	0	0	0	0	3
197	1118	8.86290747	0.55755435	101320.394	101320.394	101320.385	101320.395	0.0103894111	0	0	0	0	0	3
198	1123	8.9096783	0.560384575	101320.394	101320.394	101320.385	101320.395	0.0103894111	0	0	0	0	0	3
199	1131	8.95646409	0.563214801	101320.394	101320.394	101320.385	101320.395	0.00972500924	0	0	0	0	0	3
200	1136	9.00328072	0.566045026	101320.394	101320.394	101320.386	101320.395	0.00897330313	0	0	0	0	0	3
201	1143	9.0501146	0.568875251	101320.394	101320.394	101320.387	101320.395	0.00831978541	0	0	0	0	0	3
202	1148	9.09699669	0.571705476	101320.394	101320.394	101320.388	101320.395	0.00758524507	0	0	0	0	0	3
203	1154	9.14390825	0.574535701	101320.394	101320.394	101320.388	101320.395	0.00689453052	0	0	0	0	0	3
204	1160	9.19085845	0.577365926	101320.395	101320.394	101320.389	101320.395	0.00572721414	0	0	0	0	0	3
205	1166	9.23784632	0.580196151	101320.394	101320.394	101320.39	101320.395	0.00548254861	0	0	0	0	0	3
206	1171	9.28487307	0.583026376	101320.394	101320.394	101320.39	101320.395	0.00517851181	0	0	0	0	0	3
207	1177	9.3319181	0.585856602	101320.394	101320.394	101320.39	101320.395	0.00517851181	0	0	0	0	0	3
208	1183	9.37897338	0.588686827	101320.394	101320.394	101320.39	101320.395	0.00517851181	0	0	0	0	0	3
209	1189	9.42602163	0.591517052	101320.394	101320.394	101320.39	101320.395	0.00517851181	0	0	0	0	0	3
210	1195	9.4730627	0.594347277	101320.394	101320.394	101320.39	101320.395	0.00517851181	0	0	0	0	0	3
211	1201	9.52009873	0.597177502	101320.394	101320.394	101320.39	101320.395	0.00517851181	0	0	0	0	0	3
212	1206	9.56714578	0.600007727	101320.394	101320.394	101320.39	101320.395	0.00517851181	0	0	0	0	0	3
213	1212	9.61421063	0.602837952	101320.394	101320.394	101320.39	101320.395	0.00517851181	0	0	0	0	0	3
214	1218	9.6612907	0.605668178	101320.394	101320.394	101320.39	101320.395	0.00517851181	0	0	0	0	0	3
215	1224	9.70839094	0.608498403	101320.394	101320.394	101320.39	101320.395	0.00517851181	0	0	0	0	0	3
216	1229	9.75549748	0.611328628	101320.394	101320.394	101320.39	101320.395	0.00497986485	0	0	0	0	0	3
217	1235	9.80259874	0.614158853	101320.394	101320.394	101320.39	101320.395	0.00497986485	0	0	0	0	0	3
218	1240	9.84970544	0.616989078	101320.394	101320.394	101320.39	101320.395	0.0049792629	0	0	0	0	0	3
219	1246	9.8968128	0.619819303	101320.394	101320.394	101320.39	101320.395	0.0049792629	0	0	0	0	0	3
220	1253	9.94390991	0.622649528	101320.394	101320.394	101320.39	101320.395	0.0049792629	0	0	0	0	0	3
221	1259	9.99099274	0.625479753	101320.394	101320.394	101320.39	101320.395	0.0049792629	0	0	0	0	0	3
222	1261	10	0.628309979	101320.395	101320.394	101320.391	101320.395	0.00454845949	0	0	0	0	0	3
