Iteration	CPUTime	PhysTime	Travels	Value	AvValue	MinValue	MaxValue	Delta	Criteria	PrevAvRefValue	Progress	CriteriaType	CriteriaVarType	CriteriaPercentage
1	15	0.0157367131	0.00283022513	-0.000698875376	-0.000698875376	-0.000698875376	-0.000698875376	0	0	0	0	0	0	3
2	18	0.0171275271	0.00566045026	-0.000698966768	-0.000698882797	-0.000698966768	-0.000698875376	7.42130171e-09	0	0	0	0	0	3
3	21	0.0186418555	0.00849067539	-0.000698952363	-0.000698888448	-0.000698966768	-0.000698875376	1.30722752e-08	0	0	0	0	0	3
4	24	0.0203472833	0.0113209005	-0.000698952263	-0.000698893797	-0.000698966768	-0.000698875376	1.84209961e-08	0	0	0	0	0	3
5	26	0.0223169321	0.0141511256	-0.000698948901	-0.00069889866	-0.000698966768	-0.000698875376	2.32843828e-08	0	0	0	0	0	3
6	29	0.025776523	0.0169813508	-0.00069894609	-0.000698905026	-0.000698966768	-0.000698875376	2.96501746e-08	0	0	0	0	0	3
7	31	0.0300953477	0.0198115759	-0.000698943573	-0.000698910558	-0.000698966768	-0.000698875376	3.51818269e-08	0	0	0	0	0	3
8	34	0.0353543883	0.022641801	-0.000698944039	-0.000698915538	-0.000698966768	-0.000698875376	4.01622585e-08	0	0	0	0	0	3
9	37	0.0416731116	0.0254720262	-0.000698944271	-0.000698919895	-0.000698966768	-0.000698875376	4.45189112e-08	0	0	0	0	0	3
10	40	0.0489393048	0.0283022513	-0.000698946026	-0.000698923775	-0.000698966768	-0.000698875376	4.83986559e-08	0	0	0	0	0	3
11	43	0.0608307924	0.0311324764	-0.000698945883	-0.000698928097	-0.000698966768	-0.000698875376	5.2720556e-08	0	0	0	0	0	3
12	47	0.0742832757	0.0339627015	-0.00069894712	-0.000698931542	-0.000698966768	-0.000698875376	5.61655959e-08	0	0	0	0	0	3
13	50	0.0888934139	0.0367929267	-0.000698945895	-0.000698933901	-0.000698966768	-0.000698875376	5.85246318e-08	0	0	0	0	0	3
14	54	0.103903665	0.0396231518	-0.000698944045	-0.000698935366	-0.000698966768	-0.000698875376	5.9990078e-08	0	0	0	0	0	3
15	57	0.119614349	0.0424533769	-0.000698941921	-0.000698936227	-0.000698966768	-0.000698875376	6.08510635e-08	0	0	0	0	0	3
16	61	0.143868823	0.0452836021	-0.000698942022	-0.000698937204	-0.000698966768	-0.000698875376	6.18279997e-08	0	0	0	0	0	3
17	65	0.169065419	0.0481138272	-0.000698941863	-0.000698937898	-0.000698966768	-0.000698875376	6.25223828e-08	0	0	0	0	0	3
18	69	0.195130833	0.0509440523	-0.000698943773	-0.000698938683	-0.000698966768	-0.000698875376	6.33071137e-08	0	0	0	0	0	3
19	73	0.221858083	0.0537742774	-0.000698941993	-0.000698939082	-0.000698966768	-0.000698875376	6.37058655e-08	0	0	0	0	0	3
20	77	0.248975633	0.0566045026	-0.000698942011	-0.000698939401	-0.000698966768	-0.000698875376	6.40248364e-08	0	0	0	0	0	3
21	81	0.289469642	0.0594347277	-0.000698941777	-0.000698939733	-0.000698966768	-0.000698875376	6.43572194e-08	0	0	0	0	0	3
22	85	0.330627226	0.0622649528	-0.000698942068	-0.000698940024	-0.000698966768	-0.000698875376	6.46478662e-08	0	0	0	0	0	3
23	90	0.372204063	0.065095178	-0.000698941909	-0.000698940235	-0.000698966768	-0.000698875376	6.48584633e-08	0	0	0	0	0	3
24	94	0.41431535	0.0679254031	-0.000698941768	-0.00069894039	-0.000698966768	-0.000698875376	6.50143348e-08	0	0	0	0	0	3
25	99	0.456914841	0.0707556282	-0.000698941737	-0.000698940516	-0.000698966768	-0.000698875376	6.5139877e-08	0	0	0	0	0	3
26	104	0.507078334	0.0735858533	-0.00069894174	-0.000698940637	-0.000698966768	-0.000698875376	6.52609972e-08	0	0	0	0	0	3
27	109	0.557280789	0.0764160785	-0.000698941787	-0.000698940741	-0.000698966768	-0.000698875376	6.5364583e-08	0	0	0	0	0	3
28	114	0.60661992	0.0792463036	-0.000698941764	-0.000698940824	-0.000698966768	-0.000698875376	6.54477802e-08	0	0	0	0	0	3
29	119	0.656187233	0.0820765287	-0.000698941803	-0.000698940898	-0.000698966768	-0.000698875376	6.55217116e-08	0	0	0	0	0	3
30	124	0.706064698	0.0849067539	-0.00069894187	-0.000698940967	-0.000698966768	-0.000698875376	6.55904215e-08	0	0	0	0	0	3
31	129	0.756728722	0.087736979	-0.000698942069	-0.00069894104	-0.000698966768	-0.000698875376	6.56642589e-08	0	0	0	0	0	3
32	134	0.80782032	0.0905672041	-0.000698941853	-0.000698941092	-0.000698966768	-0.000698875376	6.57156527e-08	0	0	0	0	0	3
33	139	0.858607072	0.0933974292	-0.000698941987	-0.000698941145	-0.000698966768	-0.000698875376	6.57685986e-08	0	0	0	0	0	3
34	144	0.908128111	0.0962276544	-0.000698942148	-0.000698941199	-0.000698966768	-0.000698875376	6.58233151e-08	0	0	0	0	0	3
35	149	0.956636082	0.0990578795	-0.000698941876	-0.000698941234	-0.000698966768	-0.000698875376	6.58576286e-08	0	0	0	0	0	3
36	154	1.00449967	0.101888105	-0.000698941893	-0.000698941265	-0.000698966768	-0.000698875376	6.5889049e-08	0	0	0	0	0	3
37	159	1.05190691	0.10471833	-0.000698942153	-0.000698941305	-0.000698966768	-0.000698875376	6.59290733e-08	0	0	0	0	0	3
38	164	1.09901514	0.107548555	-0.000698942	-0.000698941335	-0.000698966768	-0.000698875376	6.59588508e-08	0	0	0	0	0	3
39	169	1.1456371	0.11037878	-0.00069894172	-0.000698941351	-0.000698966768	-0.000698875376	6.59745397e-08	0	0	0	0	0	3
40	174	1.19239643	0.113209005	-0.000698941919	-0.000698941373	-0.000698966768	-0.000698875376	6.59968233e-08	0	0	0	0	0	3
41	178	1.23918773	0.11603923	-0.00069894221	-0.000698941405	-0.000698966768	-0.000698875376	6.60284221e-08	0	0	0	0	0	3
42	183	1.28619097	0.118869455	-0.000698941811	-0.000698941419	-0.000698966768	-0.000698875376	6.60432638e-08	0	0	0	0	0	3
43	188	1.33380618	0.121699681	-0.000698942198	-0.000698941447	-0.000698966768	-0.000698875376	6.60710444e-08	0	0	0	0	0	3
44	194	1.38175979	0.124529906	-0.000698942472	-0.000698941483	-0.000698966768	-0.000698875376	6.61066016e-08	0	0	0	0	0	3
45	198	1.43045803	0.127360131	-0.000698941832	-0.000698941495	-0.000698966768	-0.000698875376	6.61184836e-08	0	0	0	0	0	3
46	203	1.48005364	0.130190356	-0.000698942037	-0.000698941513	-0.000698966768	-0.000698875376	6.61366633e-08	0	0	0	0	0	3
47	209	1.53069919	0.133020581	-0.000698942495	-0.000698941545	-0.000698966768	-0.000698875376	6.61691646e-08	0	0	0	0	0	3
48	214	1.58248752	0.135850806	-0.000698942284	-0.000698941569	-0.000698966768	-0.000698875376	6.61933248e-08	0	0	0	0	0	3
49	219	1.635287	0.138681031	-0.000698942476	-0.000698941599	-0.000698966768	-0.000698875376	6.62225808e-08	0	0	0	0	0	3
50	224	1.68896713	0.141511256	-0.000698942641	-0.000698941632	-0.000698966768	-0.000698875376	6.62557163e-08	0	0	0	0	0	3
51	229	1.74330523	0.144341482	-0.000698942619	-0.000698941663	-0.000698966768	-0.000698875376	6.62864824e-08	0	0	0	0	0	3
52	243	1.79813409	0.147171707	-0.000698942284	-0.000698941682	-0.000698966768	-0.000698875376	6.63054419e-08	0	0	0	0	0	3
53	248	1.85335704	0.150001932	-0.000698942083	-0.000698941694	-0.000698966768	-0.000698875376	6.63173923e-08	0	0	0	0	0	3
54	254	1.90892119	0.152832157	-0.000698942742	-0.000698941724	-0.000698966768	-0.000698875376	6.63479069e-08	0	0	0	0	0	3
55	260	1.96475654	0.155662382	-0.000698941948	-0.00069894173	-0.000698966768	-0.000698875376	6.63542748e-08	0	0	0	0	0	3
56	265	2.02082765	0.158492607	-0.00069894211	-0.000698941741	-0.000698966768	-0.000698875376	6.63648181e-08	0	0	0	0	0	3
57	270	2.07712305	0.161322832	-0.000698942166	-0.000698941752	-0.000698966768	-0.000698875376	6.6376351e-08	0	0	0	0	0	3
58	276	2.1336433	0.164153057	-0.000698942227	-0.000698941765	-0.000698966768	-0.000698875376	6.63889253e-08	0	0	0	0	0	3
59	281	2.19036633	0.166983283	-0.000698942103	-0.000698941774	-0.000698966768	-0.000698875376	6.63976819e-08	0	0	0	0	0	3
60	286	2.24717207	0.169813508	-0.000698942463	-0.000698941791	-0.000698966768	-0.000698875376	6.64151165e-08	0	0	0	0	0	3
61	292	2.30398559	0.172643733	-0.000698942316	-0.000698941804	-0.000698966768	-0.000698875376	6.64280681e-08	0	0	0	0	0	3
62	297	2.36078992	0.175473958	-0.000698941634	-0.0006989418	-0.000698966768	-0.000698875376	6.64280681e-08	0	0	0	0	0	3
63	303	2.41760717	0.178304183	-0.000698942268	-0.000698941811	-0.000698966768	-0.000698875376	6.64349862e-08	0	0	0	0	0	3
64	308	2.47443424	0.181134408	-0.000698942274	-0.000698941822	-0.000698966768	-0.000698875376	6.64456252e-08	0	0	0	0	0	3
65	314	2.53127303	0.183964633	-0.000698941904	-0.000698941824	-0.000698966768	-0.000698875376	6.64474737e-08	0	0	0	0	0	3
66	320	2.58811341	0.186794858	-0.000698942311	-0.000698941834	-0.000698966768	-0.000698875376	6.64581816e-08	0	0	0	0	0	3
67	326	2.64496141	0.189625084	-0.000698942271	-0.000698941844	-0.000698966768	-0.000698875376	6.64675743e-08	0	0	0	0	0	3
68	331	2.7017959	0.192455309	-0.000698942194	-0.000698941851	-0.000698966768	-0.000698875376	6.64749398e-08	0	0	0	0	0	3
69	337	2.75786377	0.195285534	-0.000698942428	-0.000698941863	-0.000698966768	-0.000698875376	6.64866725e-08	0	0	0	0	0	3
70	343	2.81279903	0.198115759	-0.00069894254	-0.000698941876	-0.000698966768	-0.000698875376	6.64999062e-08	0	0	0	0	0	3
71	349	2.86706419	0.200945984	-0.000698942768	-0.000698941893	-0.000698966768	-0.000698875376	6.65167919e-08	0	0	0	0	0	3
72	354	2.92032831	0.203776209	-0.000698942805	-0.00069894191	-0.000698966768	-0.000698875376	6.65334351e-08	0	0	0	0	0	3
73	360	2.97235429	0.206606434	-0.000698942587	-0.000698941921	-0.000698966768	-0.000698875376	6.65452846e-08	0	0	0	0	0	3
74	365	3.02360956	0.20943666	-0.000698942417	-0.00069894193	-0.000698966768	-0.000698875376	6.65536858e-08	0	0	0	0	0	3
75	371	3.07456429	0.212266885	-0.0006989424	-0.000698941938	-0.000698966768	-0.000698875376	6.65614827e-08	0	0	0	0	0	3
76	377	3.12525218	0.21509711	-0.000698942167	-0.000698941941	-0.000698966768	-0.000698875376	6.65651955e-08	0	0	0	0	0	3
77	383	3.17562109	0.217927335	-0.000698942758	-0.000698941954	-0.000698966768	-0.000698875376	6.65781463e-08	0	0	0	0	0	3
78	389	3.22552863	0.22075756	-0.000698942584	-0.000698941964	-0.000698966768	-0.000698875376	6.65878966e-08	0	0	0	0	0	3
79	395	3.27507329	0.223587785	-0.000698942361	-0.00069894197	-0.000698966768	-0.000698875376	6.65938993e-08	0	0	0	0	0	3
80	402	3.32449625	0.22641801	-0.000698942316	-0.000698941975	-0.000698966768	-0.000698875376	6.65990443e-08	0	0	0	0	0	3
81	408	3.37358484	0.229248235	-0.000698942212	-0.000698941979	-0.000698966768	-0.000698875376	6.66024957e-08	0	0	0	0	0	3
82	414	3.42210374	0.232078461	-0.000698942206	-0.000698941982	-0.000698966768	-0.000698875376	6.66057193e-08	0	0	0	0	0	3
83	420	3.47038429	0.234908686	-0.000698942433	-0.000698941988	-0.000698966768	-0.000698875376	6.66119947e-08	0	0	0	0	0	3
84	426	3.51866618	0.237738911	-0.000698942253	-0.000698941992	-0.000698966768	-0.000698875376	6.66156265e-08	0	0	0	0	0	3
85	432	3.56678811	0.240569136	-0.000698942398	-0.000698941997	-0.000698966768	-0.000698875376	6.66211025e-08	0	0	0	0	0	3
86	439	3.61447099	0.243399361	-0.000698942197	-0.000698942	-0.000698966768	-0.000698875376	6.66237415e-08	0	0	0	0	0	3
87	446	3.66170857	0.246229586	-0.000698941914	-0.000698941999	-0.000698966768	-0.000698875376	6.66237415e-08	0	0	0	0	0	3
88	451	3.70860864	0.249059811	-0.000698942269	-0.000698942002	-0.000698966768	-0.000698875376	6.66260541e-08	0	0	0	0	0	3
89	458	3.75531834	0.251890036	-0.000698942641	-0.00069894201	-0.000698966768	-0.000698875376	6.66340036e-08	0	0	0	0	0	3
90	464	3.801986	0.254720262	-0.000698942052	-0.000698942011	-0.000698966768	-0.000698875376	6.66345233e-08	0	0	0	0	0	3
91	470	3.84862805	0.257550487	-0.000698942159	-0.000698942012	-0.000698966768	-0.000698875376	6.6636316e-08	0	0	0	0	0	3
92	477	3.89518614	0.260380712	-0.000698942631	-0.00069894202	-0.000698966768	-0.000698875376	6.66437053e-08	0	0	0	0	0	3
93	484	3.94173654	0.263210937	-0.000698942256	-0.000698942023	-0.000698966768	-0.000698875376	6.66464977e-08	0	0	0	0	0	3
94	491	3.9882508	0.266041162	-0.000698942097	-0.000698942023	-0.000698966768	-0.000698875376	6.66473696e-08	0	0	0	0	0	3
95	497	4.03487727	0.268871387	-0.000698942376	-0.000698942028	-0.000698966768	-0.000698875376	6.66514483e-08	0	0	0	0	0	3
96	503	4.08173199	0.271701612	-0.000698942182	-0.000698942029	-0.000698966768	-0.000698875376	6.66532236e-08	0	0	0	0	0	3
97	510	4.12864979	0.274531837	-0.000698942304	-0.000698942032	-0.000698966768	-0.000698875376	6.66563392e-08	0	0	0	0	0	3
98	517	4.17577606	0.277362063	-0.00069894255	-0.000698942038	-0.000698966768	-0.000698875376	6.66621781e-08	0	0	0	0	0	3
99	523	4.22313946	0.280192288	-0.00069894206	-0.000698942039	-0.000698966768	-0.000698875376	6.66624205e-08	0	0	0	0	0	3
100	529	4.27078823	0.283022513	-0.000698942391	-0.000698942042	-0.000698966768	-0.000698875376	6.66663567e-08	0	0	0	0	0	3
101	537	4.31872145	0.285852738	-0.000698942308	-0.000698942045	-0.000698966768	-0.000698875376	6.66693051e-08	0	0	0	0	0	3
102	543	4.36693391	0.288682963	-0.000698941874	-0.000698942044	-0.000698966768	-0.000698875376	6.66693051e-08	0	0	0	0	0	3
103	550	4.41534792	0.291513188	-0.000698942382	-0.000698942047	-0.000698966768	-0.000698875376	6.66711266e-08	0	0	0	0	0	3
104	556	4.46391821	0.294343413	-0.000698942465	-0.000698942052	-0.000698966768	-0.000698875376	6.66756713e-08	0	0	0	0	0	3
105	563	4.51265453	0.297173638	-0.000698942006	-0.000698942051	-0.000698966768	-0.000698875376	6.66756713e-08	0	0	0	0	0	3
106	570	4.56154151	0.300003864	-0.000698942733	-0.000698942059	-0.000698966768	-0.000698875376	6.66824871e-08	0	0	0	0	0	3
107	576	4.61056721	0.302834089	-0.000698942243	-0.000698942061	-0.000698966768	-0.000698875376	6.66844478e-08	0	0	0	0	0	3
108	584	4.65971017	0.305664314	-0.000698942326	-0.000698942063	-0.000698966768	-0.000698875376	6.66872422e-08	0	0	0	0	0	3
109	590	4.70895586	0.308494539	-0.00069894217	-0.000698942064	-0.000698966768	-0.000698875376	6.66883576e-08	0	0	0	0	0	3
110	597	4.75818864	0.311324764	-0.000698942336	-0.000698942067	-0.000698966768	-0.000698875376	6.6691163e-08	0	0	0	0	0	3
111	604	4.8073396	0.314154989	-0.000698942179	-0.000698942068	-0.000698966768	-0.000698875376	6.66923081e-08	0	0	0	0	0	3
112	611	4.85641252	0.316985214	-0.000698942453	-0.000698942072	-0.000698966768	-0.000698875376	6.669619e-08	0	0	0	0	0	3
113	617	4.90541113	0.31981544	-0.000698942351	-0.000698942075	-0.000698966768	-0.000698875376	6.66989732e-08	0	0	0	0	0	3
114	625	4.95433361	0.322645665	-0.000698942295	-0.000698942077	-0.000698966768	-0.000698875376	6.67011406e-08	0	0	0	0	0	3
115	632	5.00318057	0.32547589	-0.000698942395	-0.00069894208	-0.000698966768	-0.000698875376	6.67042455e-08	0	0	0	0	0	3
116	637	5.05197481	0.328306115	-0.000698942447	-0.000698942084	-0.000698966768	-0.000698875376	6.67077834e-08	0	0	0	0	0	3
117	644	5.10072654	0.33113634	-0.000698942018	-0.000698942083	-0.000698966768	-0.000698875376	6.67077834e-08	0	0	0	0	0	3
118	650	5.14942761	0.333966565	-0.000698942181	-0.000698942084	-0.000698966768	-0.000698875376	6.67080822e-08	0	0	0	0	0	3
119	657	5.19809449	0.33679679	-0.000698942468	-0.000698942088	-0.000698966768	-0.000698875376	6.67116795e-08	0	0	0	0	0	3
120	663	5.2467219	0.339627015	-0.000698942376	-0.00069894209	-0.000698966768	-0.000698875376	6.67143503e-08	0	0	0	0	0	3
121	670	5.29530064	0.342457241	-0.000698942193	-0.000698942091	-0.000698966768	-0.000698875376	6.67152931e-08	0	0	0	0	0	3
122	676	5.34382097	0.345287466	-0.000698942855	-0.000698942098	-0.000698966768	-0.000698875376	6.67222266e-08	0	0	0	0	0	3
123	682	5.39228728	0.348117691	-0.000698942346	-0.000698942101	-0.000698966768	-0.000698875376	6.67244511e-08	0	0	0	0	0	3
124	687	5.4407011	0.350947916	-0.000698942489	-0.000698942104	-0.000698966768	-0.000698875376	6.67279118e-08	0	0	0	0	0	3
125	694	5.48907064	0.353778141	-0.000698942376	-0.000698942106	-0.000698966768	-0.000698875376	6.6730311e-08	0	0	0	0	0	3
126	699	5.53740304	0.356608366	-0.000698942373	-0.000698942109	-0.000698966768	-0.000698875376	6.67326388e-08	0	0	0	0	0	3
127	706	5.58568872	0.359438591	-0.000698942095	-0.000698942109	-0.000698966768	-0.000698875376	6.67326388e-08	0	0	0	0	0	3
128	711	5.63391061	0.362268816	-0.000698942779	-0.000698942114	-0.000698966768	-0.000698875376	6.67382521e-08	0	0	0	0	0	3
129	717	5.68209824	0.365099042	-0.000698941439	-0.000698942109	-0.000698966768	-0.000698875376	6.67382521e-08	0	0	0	0	0	3
130	723	5.7302513	0.367929267	-0.000698943054	-0.000698942117	-0.000698966768	-0.000698875376	6.67404685e-08	0	0	0	0	0	3
131	729	5.77835834	0.370759492	-0.000698942338	-0.000698942118	-0.000698966768	-0.000698875376	6.67423143e-08	0	0	0	0	0	3
132	735	5.82641204	0.373589717	-0.000698942559	-0.000698942122	-0.000698966768	-0.000698875376	6.67459484e-08	0	0	0	0	0	3
133	740	5.87438789	0.376419942	-0.000698942159	-0.000698942122	-0.000698966768	-0.000698875376	6.67462519e-08	0	0	0	0	0	3
134	745	5.92231833	0.379250167	-0.000698942977	-0.000698942129	-0.000698966768	-0.000698875376	6.67531669e-08	0	0	0	0	0	3
135	751	5.97018903	0.382080392	-0.000698941511	-0.000698942124	-0.000698966768	-0.000698875376	6.67531669e-08	0	0	0	0	0	3
136	757	6.01800163	0.384910617	-0.00069894263	-0.000698942128	-0.000698966768	-0.000698875376	6.67531669e-08	0	0	0	0	0	3
137	763	6.06575758	0.387740843	-0.000698942496	-0.000698942131	-0.000698966768	-0.000698875376	6.67551231e-08	0	0	0	0	0	3
138	769	6.11345319	0.390571068	-0.000698942146	-0.000698942131	-0.000698966768	-0.000698875376	6.67552413e-08	0	0	0	0	0	3
139	775	6.16092593	0.393401293	-0.000698942547	-0.000698942135	-0.000698966768	-0.000698875376	6.67584468e-08	0	0	0	0	0	3
140	780	6.20829076	0.396231518	-0.000698942253	-0.000698942135	-0.000698966768	-0.000698875376	6.67593538e-08	0	0	0	0	0	3
141	786	6.25560335	0.399061743	-0.000698942049	-0.000698942135	-0.000698966768	-0.000698875376	6.67593538e-08	0	0	0	0	0	3
142	793	6.30284865	0.401891968	-0.000698942557	-0.000698942138	-0.000698966768	-0.000698875376	6.67618609e-08	0	0	0	0	0	3
143	799	6.35002872	0.404722193	-0.000698942174	-0.000698942138	-0.000698966768	-0.000698875376	6.6762129e-08	0	0	0	0	0	3
144	805	6.39713401	0.407552419	-0.000698942495	-0.000698942141	-0.000698966768	-0.000698875376	6.67647539e-08	0	0	0	0	0	3
145	811	6.44416819	0.410382644	-0.000698942213	-0.000698942141	-0.000698966768	-0.000698875376	6.67652836e-08	0	0	0	0	0	3
146	817	6.49113709	0.413212869	-0.000698942038	-0.000698942141	-0.000698966768	-0.000698875376	6.67652836e-08	0	0	0	0	0	3
147	822	6.53802047	0.416043094	-0.000698942061	-0.00069894214	-0.000698966768	-0.000698875376	6.67652836e-08	0	0	0	0	0	3
148	828	6.58484162	0.418873319	-0.00069894249	-0.000698942143	-0.000698966768	-0.000698875376	6.67664464e-08	0	0	0	0	0	3
149	834	6.63159445	0.421703544	-0.000698942778	-0.000698942147	-0.000698966768	-0.000698875376	6.67709267e-08	0	0	0	0	0	3
150	839	6.67826945	0.424533769	-0.000698942414	-0.000698942149	-0.000698966768	-0.000698875376	6.67727926e-08	0	0	0	0	0	3
151	845	6.72487269	0.427363994	-0.000698942519	-0.000698942151	-0.000698966768	-0.000698875376	6.67753606e-08	0	0	0	0	0	3
152	852	6.77141524	0.43019422	-0.000698942273	-0.000698942152	-0.000698966768	-0.000698875376	6.67761935e-08	0	0	0	0	0	3
153	857	6.81791214	0.433024445	-0.000698942681	-0.000698942156	-0.000698966768	-0.000698875376	6.67797999e-08	0	0	0	0	0	3
154	864	6.86436965	0.43585467	-0.000698942022	-0.000698942155	-0.000698966768	-0.000698875376	6.67797999e-08	0	0	0	0	0	3
155	870	6.9107948	0.438684895	-0.000698942212	-0.000698942155	-0.000698966768	-0.000698875376	6.67797999e-08	0	0	0	0	0	3
156	876	6.95720755	0.44151512	-0.000698942248	-0.000698942156	-0.000698966768	-0.000698875376	6.67798991e-08	0	0	0	0	0	3
157	881	7.00362557	0.444345345	-0.000698942793	-0.00069894216	-0.000698966768	-0.000698875376	6.67841196e-08	0	0	0	0	0	3
158	888	7.050035	0.44717557	-0.000698942233	-0.000698942161	-0.000698966768	-0.000698875376	6.67845961e-08	0	0	0	0	0	3
159	894	7.09645461	0.450005795	-0.000698942421	-0.000698942162	-0.000698966768	-0.000698875376	6.67862978e-08	0	0	0	0	0	3
160	900	7.14285048	0.452836021	-0.000698942241	-0.000698942163	-0.000698966768	-0.000698875376	6.67868094e-08	0	0	0	0	0	3
161	905	7.18923388	0.455666246	-0.000698942665	-0.000698942166	-0.000698966768	-0.000698875376	6.67900491e-08	0	0	0	0	0	3
162	912	7.23560607	0.458496471	-0.000698942144	-0.000698942166	-0.000698966768	-0.000698875376	6.67900491e-08	0	0	0	0	0	3
163	918	7.28195142	0.461326696	-0.000698942286	-0.000698942167	-0.000698966768	-0.000698875376	6.67906723e-08	0	0	0	0	0	3
164	923	7.32840111	0.464156921	-0.000698942034	-0.000698942166	-0.000698966768	-0.000698875376	6.67906723e-08	0	0	0	0	0	3
165	929	7.37473179	0.466987146	-0.000698942663	-0.000698942169	-0.000698966768	-0.000698875376	6.67929567e-08	0	0	0	0	0	3
166	936	7.42102354	0.469817371	-0.000698942396	-0.00069894217	-0.000698966768	-0.000698875376	6.67943729e-08	0	0	0	0	0	3
167	941	7.46741452	0.472647596	-0.00069894219	-0.000698942171	-0.000698966768	-0.000698875376	6.67944911e-08	0	0	0	0	0	3
168	947	7.51383255	0.475477822	-0.000698941865	-0.000698942169	-0.000698966768	-0.000698875376	6.67944911e-08	0	0	0	0	0	3
169	952	7.56026018	0.478308047	-0.000698943243	-0.000698942175	-0.000698966768	-0.000698875376	6.67991966e-08	0	0	0	0	0	3
170	959	7.60668239	0.481138272	-0.000698942201	-0.000698942175	-0.000698966768	-0.000698875376	6.67993553e-08	0	0	0	0	0	3
171	965	7.65311263	0.483968497	-0.000698942277	-0.000698942176	-0.000698966768	-0.000698875376	6.67999703e-08	0	0	0	0	0	3
172	970	7.69954438	0.486798722	-0.000698942006	-0.000698942175	-0.000698966768	-0.000698875376	6.67999703e-08	0	0	0	0	0	3
173	976	7.74597682	0.489628947	-0.00069894229	-0.000698942176	-0.000698966768	-0.000698875376	6.67999703e-08	0	0	0	0	0	3
174	983	7.79240163	0.492459172	-0.000698942811	-0.00069894218	-0.000698966768	-0.000698875376	6.68034171e-08	0	0	0	0	0	3
175	988	7.83882263	0.495289397	-0.000698942724	-0.000698942183	-0.000698966768	-0.000698875376	6.68066399e-08	0	0	0	0	0	3
176	995	7.88524487	0.498119623	-0.000698941979	-0.000698942182	-0.000698966768	-0.000698875376	6.68066399e-08	0	0	0	0	0	3
177	1001	7.93166567	0.500949848	-0.000698942512	-0.000698942183	-0.000698966768	-0.000698875376	6.68073765e-08	0	0	0	0	0	3
178	1007	7.97808867	0.503780073	-0.00069894246	-0.000698942317	-0.000698966768	-0.000698941439	2.53281275e-08	0	0	0	0	0	3
179	1012	8.02450827	0.506610298	-0.000698942686	-0.000698942315	-0.000698952363	-0.000698941439	1.09232077e-08	0	0	0	0	0	3
180	1018	8.07094281	0.509440523	-0.000698941968	-0.000698942311	-0.000698952263	-0.000698941439	1.08239671e-08	0	0	0	0	0	3
181	1024	8.1173949	0.512270748	-0.000698942545	-0.00069894231	-0.000698948901	-0.000698941439	7.46182572e-09	0	0	0	0	0	3
182	1030	8.16385573	0.515100973	-0.000698942089	-0.000698942308	-0.00069894712	-0.000698941439	5.68037891e-09	0	0	0	0	0	3
183	1035	8.21032597	0.517931199	-0.000698943024	-0.00069894231	-0.00069894712	-0.000698941439	5.68037891e-09	0	0	0	0	0	3
184	1041	8.25681102	0.520761424	-0.000698942345	-0.00069894231	-0.00069894712	-0.000698941439	5.68037891e-09	0	0	0	0	0	3
185	1048	8.303314	0.523591649	-0.000698942239	-0.000698942308	-0.00069894712	-0.000698941439	5.68037891e-09	0	0	0	0	0	3
186	1054	8.3498384	0.526421874	-0.000698941963	-0.000698942305	-0.00069894712	-0.000698941439	5.68037891e-09	0	0	0	0	0	3
187	1060	8.39638194	0.529252099	-0.000698943548	-0.000698942308	-0.00069894712	-0.000698941439	5.68037891e-09	0	0	0	0	0	3
188	1066	8.44294284	0.532082324	-0.00069894216	-0.000698942302	-0.00069894712	-0.000698941439	5.68037891e-09	0	0	0	0	0	3
189	1072	8.48952638	0.534912549	-0.000698942132	-0.000698942294	-0.000698945895	-0.000698941439	4.45548609e-09	0	0	0	0	0	3
190	1077	8.53613011	0.537742774	-0.000698941863	-0.000698942285	-0.000698944045	-0.000698941439	2.60536986e-09	0	0	0	0	0	3
191	1083	8.58274822	0.540573	-0.000698942709	-0.000698942284	-0.000698943773	-0.000698941439	2.33368799e-09	0	0	0	0	0	3
192	1089	8.62937799	0.543403225	-0.000698942145	-0.000698942284	-0.000698943773	-0.000698941439	2.33368799e-09	0	0	0	0	0	3
193	1095	8.67602173	0.54623345	-0.000698942724	-0.000698942287	-0.000698943773	-0.000698941439	2.33368799e-09	0	0	0	0	0	3
194	1101	8.72269821	0.549063675	-0.00069894206	-0.000698942287	-0.000698943773	-0.000698941439	2.33368799e-09	0	0	0	0	0	3
195	1106	8.76940906	0.5518939	-0.000698942793	-0.000698942286	-0.000698943548	-0.000698941439	2.10870057e-09	0	0	0	0	0	3
196	1112	8.8161534	0.554724125	-0.000698942225	-0.000698942286	-0.000698943548	-0.000698941439	2.10870057e-09	0	0	0	0	0	3
197	1118	8.86290747	0.55755435	-0.00069894252	-0.000698942288	-0.000698943548	-0.000698941439	2.10870057e-09	0	0	0	0	0	3
198	1123	8.9096783	0.560384575	-0.000698941823	-0.000698942288	-0.000698943548	-0.000698941439	2.10870057e-09	0	0	0	0	0	3
199	1131	8.95646409	0.563214801	-0.000698942557	-0.000698942291	-0.000698943548	-0.000698941439	2.08256115e-09	0	0	0	0	0	3
200	1136	9.00328072	0.566045026	-0.000698942969	-0.000698942296	-0.000698943548	-0.000698941439	1.92668966e-09	0	0	0	0	0	3
201	1143	9.0501146	0.568875251	-0.000698942805	-0.000698942302	-0.000698943548	-0.000698941439	1.80114746e-09	0	0	0	0	0	3
202	1148	9.09699669	0.571705476	-0.000698941854	-0.000698942302	-0.000698943548	-0.000698941439	1.68002725e-09	0	0	0	0	0	3
203	1154	9.14390825	0.574535701	-0.000698942141	-0.000698942304	-0.000698943548	-0.000698941439	1.57644144e-09	0	0	0	0	0	3
204	1160	9.19085845	0.577365926	-0.000698942289	-0.000698942307	-0.000698943548	-0.000698941439	1.49324419e-09	0	0	0	0	0	3
205	1166	9.23784632	0.580196151	-0.000698942964	-0.000698942314	-0.000698943548	-0.000698941439	1.41931285e-09	0	0	0	0	0	3
206	1171	9.28487307	0.583026376	-0.000698942237	-0.000698942316	-0.000698943548	-0.000698941439	1.35060294e-09	0	0	0	0	0	3
207	1177	9.3319181	0.585856602	-0.00069894224	-0.000698942319	-0.000698943548	-0.000698941439	1.27828372e-09	0	0	0	0	0	3
208	1183	9.37897338	0.588686827	-0.000698942005	-0.000698942318	-0.000698943548	-0.000698941439	1.22688987e-09	0	0	0	0	0	3
209	1189	9.42602163	0.591517052	-0.00069894239	-0.000698942322	-0.000698943548	-0.000698941439	1.1768463e-09	0	0	0	0	0	3
210	1195	9.4730627	0.594347277	-0.000698942718	-0.000698942326	-0.000698943548	-0.000698941439	1.12626818e-09	0	0	0	0	0	3
211	1201	9.52009873	0.597177502	-0.000698942362	-0.000698942327	-0.000698943548	-0.000698941439	1.09317517e-09	0	0	0	0	0	3
212	1206	9.56714578	0.600007727	-0.000698942038	-0.000698942328	-0.000698943548	-0.000698941439	1.06271659e-09	0	0	0	0	0	3
213	1212	9.61421063	0.602837952	-0.000698942078	-0.000698942329	-0.000698943548	-0.000698941439	1.02374348e-09	0	0	0	0	0	3
214	1218	9.6612907	0.605668178	-0.000698942673	-0.000698942332	-0.000698943548	-0.000698941439	9.96812554e-10	0	0	0	0	0	3
215	1224	9.70839094	0.608498403	-0.000698942257	-0.000698942333	-0.000698943548	-0.000698941439	9.82529557e-10	0	0	0	0	0	3
216	1229	9.75549748	0.611328628	-0.000698942057	-0.000698942335	-0.000698943548	-0.000698941439	9.62055016e-10	0	0	0	0	0	3
217	1235	9.80259874	0.614158853	-0.000698942518	-0.000698942338	-0.000698943548	-0.000698941439	9.33714862e-10	0	0	0	0	0	3
218	1240	9.84970544	0.616989078	-0.00069894275	-0.000698942341	-0.000698943548	-0.000698941439	9.21825153e-10	0	0	0	0	0	3
219	1246	9.8968128	0.619819303	-0.000698942453	-0.000698942345	-0.000698943548	-0.000698941439	8.97549711e-10	0	0	0	0	0	3
220	1253	9.94390991	0.622649528	-0.000698942119	-0.000698942344	-0.000698943548	-0.000698941439	8.61992523e-10	0	0	0	0	0	3
221	1259	9.99099274	0.625479753	-0.000698942379	-0.000698942344	-0.000698943548	-0.000698941439	8.5011048e-10	0	0	0	0	0	3
222	1261	10	0.628309979	-0.000698942388	-0.000698942347	-0.000698943548	-0.000698941439	8.33948159e-10	0	0	0	0	0	3
