Iteration	CPUTime	PhysTime	Travels	Value	AvValue	MinValue	MaxValue	Delta	Criteria	PrevAvRefValue	Progress	CriteriaType	CriteriaVarType	CriteriaPercentage
1	15	0.0157367131	0.00283022513	-0.000580494466	-0.000580494466	-0.000580494466	-0.000580494466	0	0	0	0	0	0	3
2	18	0.0171275271	0.00566045026	-0.000580575425	-0.00058050104	-0.000580575425	-0.000580494466	6.57414179e-09	0	0	0	0	0	3
3	21	0.0186418555	0.00849067539	-0.000580562299	-0.000580506016	-0.000580575425	-0.000580494466	1.1550351e-08	0	0	0	0	0	3
4	24	0.0203472833	0.0113209005	-0.000580563095	-0.000580510801	-0.000580575425	-0.000580494466	1.6334484e-08	0	0	0	0	0	3
5	26	0.0223169321	0.0141511256	-0.000580560531	-0.00058051519	-0.000580575425	-0.000580494466	2.07236372e-08	0	0	0	0	0	3
6	29	0.025776523	0.0169813508	-0.000580558399	-0.000580520989	-0.000580575425	-0.000580494466	2.65229216e-08	0	0	0	0	0	3
7	31	0.0300953477	0.0198115759	-0.000580556548	-0.000580526092	-0.000580575425	-0.000580494466	3.16258767e-08	0	0	0	0	0	3
8	34	0.0353543883	0.022641801	-0.000580557109	-0.000580530706	-0.000580575425	-0.000580494466	3.62397334e-08	0	0	0	0	0	3
9	37	0.0416731116	0.0254720262	-0.000580557417	-0.000580534756	-0.000580575425	-0.000580494466	4.02898364e-08	0	0	0	0	0	3
10	40	0.0489393048	0.0283022513	-0.00058055899	-0.000580538354	-0.000580575425	-0.000580494466	4.38879199e-08	0	0	0	0	0	3
11	43	0.0608307924	0.0311324764	-0.000580558941	-0.000580542378	-0.000580575425	-0.000580494466	4.79122729e-08	0	0	0	0	0	3
12	47	0.0742832757	0.0339627015	-0.000580560036	-0.000580545576	-0.000580575425	-0.000580494466	5.11099738e-08	0	0	0	0	0	3
13	50	0.0888934139	0.0367929267	-0.000580559074	-0.000580547794	-0.000580575425	-0.000580494466	5.33283638e-08	0	0	0	0	0	3
14	54	0.103903665	0.0396231518	-0.000580557558	-0.000580549205	-0.000580575425	-0.000580494466	5.47388785e-08	0	0	0	0	0	3
15	57	0.119614349	0.0424533769	-0.000580555805	-0.000580550072	-0.000580575425	-0.000580494466	5.5605738e-08	0	0	0	0	0	3
16	61	0.143868823	0.0452836021	-0.000580555897	-0.000580551054	-0.000580575425	-0.000580494466	5.65878211e-08	0	0	0	0	0	3
17	65	0.169065419	0.0481138272	-0.000580555776	-0.000580551758	-0.000580575425	-0.000580494466	5.7291622e-08	0	0	0	0	0	3
18	69	0.195130833	0.0509440523	-0.000580557375	-0.000580552508	-0.000580575425	-0.000580494466	5.80420185e-08	0	0	0	0	0	3
19	73	0.221858083	0.0537742774	-0.000580555902	-0.000580552917	-0.000580575425	-0.000580494466	5.84508539e-08	0	0	0	0	0	3
20	77	0.248975633	0.0566045026	-0.00058055592	-0.000580553244	-0.000580575425	-0.000580494466	5.87779509e-08	0	0	0	0	0	3
21	81	0.289469642	0.0594347277	-0.000580555729	-0.000580553592	-0.000580575425	-0.000580494466	5.91255641e-08	0	0	0	0	0	3
22	85	0.330627226	0.0622649528	-0.000580555974	-0.000580553888	-0.000580575425	-0.000580494466	5.94221053e-08	0	0	0	0	0	3
23	90	0.372204063	0.065095178	-0.000580555844	-0.000580554107	-0.000580575425	-0.000580494466	5.96405832e-08	0	0	0	0	0	3
24	94	0.41431535	0.0679254031	-0.000580555728	-0.000580554271	-0.000580575425	-0.000580494466	5.9805426e-08	0	0	0	0	0	3
25	99	0.456914841	0.0707556282	-0.000580555704	-0.000580554405	-0.000580575425	-0.000580494466	5.99389764e-08	0	0	0	0	0	3
26	104	0.507078334	0.0735858533	-0.000580555708	-0.000580554534	-0.000580575425	-0.000580494466	6.0067867e-08	0	0	0	0	0	3
27	109	0.557280789	0.0764160785	-0.000580555748	-0.000580554643	-0.000580575425	-0.000580494466	6.01772256e-08	0	0	0	0	0	3
28	114	0.60661992	0.0792463036	-0.000580555729	-0.000580554732	-0.000580575425	-0.000580494466	6.02655678e-08	0	0	0	0	0	3
29	119	0.656187233	0.0820765287	-0.000580555762	-0.000580554809	-0.000580575425	-0.000580494466	6.03434349e-08	0	0	0	0	0	3
30	124	0.706064698	0.0849067539	-0.000580555819	-0.000580554881	-0.000580575425	-0.000580494466	6.04147765e-08	0	0	0	0	0	3
31	129	0.756728722	0.087736979	-0.000580555985	-0.000580554955	-0.000580575425	-0.000580494466	6.04886878e-08	0	0	0	0	0	3
32	134	0.80782032	0.0905672041	-0.000580555805	-0.000580555009	-0.000580575425	-0.000580494466	6.05424887e-08	0	0	0	0	0	3
33	139	0.858607072	0.0933974292	-0.000580555917	-0.000580555062	-0.000580575425	-0.000580494466	6.05962046e-08	0	0	0	0	0	3
34	144	0.908128111	0.0962276544	-0.000580556051	-0.000580555116	-0.000580575425	-0.000580494466	6.06501018e-08	0	0	0	0	0	3
35	149	0.956636082	0.0990578795	-0.000580555824	-0.000580555152	-0.000580575425	-0.000580494466	6.06860165e-08	0	0	0	0	0	3
36	154	1.00449967	0.101888105	-0.000580555838	-0.000580555185	-0.000580575425	-0.000580494466	6.0718724e-08	0	0	0	0	0	3
37	159	1.05190691	0.10471833	-0.000580556054	-0.000580555224	-0.000580575425	-0.000580494466	6.07578987e-08	0	0	0	0	0	3
38	164	1.09901514	0.107548555	-0.000580555927	-0.000580555254	-0.000580575425	-0.000580494466	6.07880132e-08	0	0	0	0	0	3
39	169	1.1456371	0.11037878	-0.000580555694	-0.000580555272	-0.000580575425	-0.000580494466	6.08059085e-08	0	0	0	0	0	3
40	174	1.19239643	0.113209005	-0.000580555858	-0.000580555295	-0.000580575425	-0.000580494466	6.08289006e-08	0	0	0	0	0	3
41	178	1.23918773	0.11603923	-0.000580556099	-0.000580555325	-0.000580575425	-0.000580494466	6.08592728e-08	0	0	0	0	0	3
42	183	1.28619097	0.118869455	-0.000580555767	-0.000580555341	-0.000580575425	-0.000580494466	6.08754283e-08	0	0	0	0	0	3
43	188	1.33380618	0.121699681	-0.000580556089	-0.000580555368	-0.000580575425	-0.000580494466	6.09021055e-08	0	0	0	0	0	3
44	194	1.38175979	0.124529906	-0.000580556316	-0.000580555401	-0.000580575425	-0.000580494466	6.09350036e-08	0	0	0	0	0	3
45	198	1.43045803	0.127360131	-0.000580555784	-0.000580555414	-0.000580575425	-0.000580494466	6.09480373e-08	0	0	0	0	0	3
46	203	1.48005364	0.130190356	-0.000580555954	-0.000580555432	-0.000580575425	-0.000580494466	6.096612e-08	0	0	0	0	0	3
47	209	1.53069919	0.133020581	-0.000580556333	-0.000580555462	-0.000580575425	-0.000580494466	6.09959343e-08	0	0	0	0	0	3
48	214	1.58248752	0.135850806	-0.000580556156	-0.000580555485	-0.000580575425	-0.000580494466	6.10186601e-08	0	0	0	0	0	3
49	219	1.635287	0.138681031	-0.000580556314	-0.000580555511	-0.000580575425	-0.000580494466	6.10454409e-08	0	0	0	0	0	3
50	224	1.68896713	0.141511256	-0.00058055645	-0.000580555541	-0.000580575425	-0.000580494466	6.10752535e-08	0	0	0	0	0	3
51	229	1.74330523	0.144341482	-0.000580556428	-0.000580555569	-0.000580575425	-0.000580494466	6.11028927e-08	0	0	0	0	0	3
52	243	1.79813409	0.147171707	-0.000580556147	-0.000580555587	-0.000580575425	-0.000580494466	6.11205142e-08	0	0	0	0	0	3
53	248	1.85335704	0.150001932	-0.000580555975	-0.000580555598	-0.000580575425	-0.000580494466	6.11320966e-08	0	0	0	0	0	3
54	254	1.90892119	0.152832157	-0.000580556518	-0.000580555625	-0.000580575425	-0.000580494466	6.11588743e-08	0	0	0	0	0	3
55	260	1.96475654	0.155662382	-0.000580555854	-0.000580555631	-0.000580575425	-0.000580494466	6.11653752e-08	0	0	0	0	0	3
56	265	2.02082765	0.158492607	-0.000580555983	-0.000580555641	-0.000580575425	-0.000580494466	6.11751347e-08	0	0	0	0	0	3
57	270	2.07712305	0.161322832	-0.000580556025	-0.000580555652	-0.000580575425	-0.000580494466	6.11855246e-08	0	0	0	0	0	3
58	276	2.1336433	0.164153057	-0.00058055607	-0.000580555663	-0.000580575425	-0.000580494466	6.11966155e-08	0	0	0	0	0	3
59	281	2.19036633	0.166983283	-0.000580555963	-0.00058055567	-0.000580575425	-0.000580494466	6.1204382e-08	0	0	0	0	0	3
60	286	2.24717207	0.169813508	-0.000580556258	-0.000580555685	-0.000580575425	-0.000580494466	6.1219225e-08	0	0	0	0	0	3
61	292	2.30398559	0.172643733	-0.000580556132	-0.000580555696	-0.000580575425	-0.000580494466	6.12302325e-08	0	0	0	0	0	3
62	297	2.36078992	0.175473958	-0.000580555561	-0.000580555693	-0.000580575425	-0.000580494466	6.12302325e-08	0	0	0	0	0	3
63	303	2.41760717	0.178304183	-0.000580556085	-0.000580555702	-0.000580575425	-0.000580494466	6.12361964e-08	0	0	0	0	0	3
64	308	2.47443424	0.181134408	-0.000580556087	-0.000580555711	-0.000580575425	-0.000580494466	6.12450419e-08	0	0	0	0	0	3
65	314	2.53127303	0.183964633	-0.000580555778	-0.000580555713	-0.000580575425	-0.000580494466	6.1246534e-08	0	0	0	0	0	3
66	320	2.58811341	0.186794858	-0.000580556114	-0.000580555721	-0.000580575425	-0.000580494466	6.12553463e-08	0	0	0	0	0	3
67	326	2.64496141	0.189625084	-0.000580556079	-0.000580555729	-0.000580575425	-0.000580494466	6.12630369e-08	0	0	0	0	0	3
68	331	2.7017959	0.192455309	-0.000580556013	-0.000580555735	-0.000580575425	-0.000580494466	6.12690159e-08	0	0	0	0	0	3
69	337	2.75786377	0.195285534	-0.000580556207	-0.000580555745	-0.000580575425	-0.000580494466	6.12786047e-08	0	0	0	0	0	3
70	343	2.81279903	0.198115759	-0.000580556299	-0.000580555755	-0.000580575425	-0.000580494466	6.1289427e-08	0	0	0	0	0	3
71	349	2.86706419	0.200945984	-0.000580556487	-0.000580555769	-0.000580575425	-0.000580494466	6.13032656e-08	0	0	0	0	0	3
72	354	2.92032831	0.203776209	-0.000580556516	-0.000580555783	-0.000580575425	-0.000580494466	6.13168895e-08	0	0	0	0	0	3
73	360	2.97235429	0.206606434	-0.000580556333	-0.000580555793	-0.000580575425	-0.000580494466	6.13265112e-08	0	0	0	0	0	3
74	365	3.02360956	0.20943666	-0.00058055619	-0.000580555799	-0.000580575425	-0.000580494466	6.13332482e-08	0	0	0	0	0	3
75	371	3.07456429	0.212266885	-0.000580556174	-0.000580555806	-0.000580575425	-0.000580494466	6.13394603e-08	0	0	0	0	0	3
76	377	3.12525218	0.21509711	-0.000580555978	-0.000580555808	-0.000580575425	-0.000580494466	6.13422581e-08	0	0	0	0	0	3
77	383	3.17562109	0.217927335	-0.000580556467	-0.000580555819	-0.000580575425	-0.000580494466	6.13527097e-08	0	0	0	0	0	3
78	389	3.22552863	0.22075756	-0.000580556321	-0.000580555827	-0.000580575425	-0.000580494466	6.13604829e-08	0	0	0	0	0	3
79	395	3.27507329	0.223587785	-0.000580556133	-0.000580555831	-0.000580575425	-0.000580494466	6.13651194e-08	0	0	0	0	0	3
80	402	3.32449625	0.22641801	-0.000580556094	-0.000580555835	-0.000580575425	-0.000580494466	6.13690217e-08	0	0	0	0	0	3
81	408	3.37358484	0.229248235	-0.000580556005	-0.000580555838	-0.000580575425	-0.000580494466	6.13714976e-08	0	0	0	0	0	3
82	414	3.42210374	0.232078461	-0.000580555998	-0.00058055584	-0.000580575425	-0.000580494466	6.13737677e-08	0	0	0	0	0	3
83	420	3.47038429	0.234908686	-0.000580556184	-0.000580555845	-0.000580575425	-0.000580494466	6.13785581e-08	0	0	0	0	0	3
84	426	3.51866618	0.237738911	-0.000580556033	-0.000580555847	-0.000580575425	-0.000580494466	6.13811387e-08	0	0	0	0	0	3
85	432	3.56678811	0.240569136	-0.000580556151	-0.000580555851	-0.000580575425	-0.000580494466	6.13852381e-08	0	0	0	0	0	3
86	439	3.61447099	0.243399361	-0.000580555983	-0.000580555853	-0.000580575425	-0.000580494466	6.1386973e-08	0	0	0	0	0	3
87	446	3.66170857	0.246229586	-0.000580555746	-0.000580555852	-0.000580575425	-0.000580494466	6.1386973e-08	0	0	0	0	0	3
88	451	3.70860864	0.249059811	-0.000580556039	-0.000580555854	-0.000580575425	-0.000580494466	6.13879567e-08	0	0	0	0	0	3
89	458	3.75531834	0.251890036	-0.000580556347	-0.00058055586	-0.000580575425	-0.000580494466	6.13940872e-08	0	0	0	0	0	3
90	464	3.801986	0.254720262	-0.000580555856	-0.00058055586	-0.000580575425	-0.000580494466	6.13940872e-08	0	0	0	0	0	3
91	470	3.84862805	0.257550487	-0.000580555943	-0.000580555861	-0.000580575425	-0.000580494466	6.13950515e-08	0	0	0	0	0	3
92	477	3.89518614	0.260380712	-0.000580556335	-0.000580555867	-0.000580575425	-0.000580494466	6.14007119e-08	0	0	0	0	0	3
93	484	3.94173654	0.263210937	-0.000580556023	-0.000580555869	-0.000580575425	-0.000580494466	6.14025551e-08	0	0	0	0	0	3
94	491	3.9882508	0.266041162	-0.00058055589	-0.000580555869	-0.000580575425	-0.000580494466	6.14028028e-08	0	0	0	0	0	3
95	497	4.03487727	0.268871387	-0.000580556121	-0.000580555872	-0.000580575425	-0.000580494466	6.14057155e-08	0	0	0	0	0	3
96	503	4.08173199	0.271701612	-0.000580555959	-0.000580555873	-0.000580575425	-0.000580494466	6.1406719e-08	0	0	0	0	0	3
97	510	4.12864979	0.274531837	-0.000580556059	-0.000580555875	-0.000580575425	-0.000580494466	6.14088398e-08	0	0	0	0	0	3
98	517	4.17577606	0.277362063	-0.000580556264	-0.000580555879	-0.000580575425	-0.000580494466	6.1413229e-08	0	0	0	0	0	3
99	523	4.22313946	0.280192288	-0.000580555857	-0.000580555879	-0.000580575425	-0.000580494466	6.1413229e-08	0	0	0	0	0	3
100	529	4.27078823	0.283022513	-0.000580556132	-0.000580555882	-0.000580575425	-0.000580494466	6.14157964e-08	0	0	0	0	0	3
101	537	4.31872145	0.285852738	-0.000580556063	-0.000580555884	-0.000580575425	-0.000580494466	6.14178028e-08	0	0	0	0	0	3
102	543	4.36693391	0.288682963	-0.000580555702	-0.000580555882	-0.000580575425	-0.000580494466	6.14178028e-08	0	0	0	0	0	3
103	550	4.41534792	0.291513188	-0.000580556124	-0.000580555884	-0.000580575425	-0.000580494466	6.14184478e-08	0	0	0	0	0	3
104	556	4.46391821	0.294343413	-0.000580556193	-0.000580555888	-0.000580575425	-0.000580494466	6.14218039e-08	0	0	0	0	0	3
105	563	4.51265453	0.297173638	-0.000580555812	-0.000580555887	-0.000580575425	-0.000580494466	6.14218039e-08	0	0	0	0	0	3
106	570	4.56154151	0.300003864	-0.000580556416	-0.000580555893	-0.000580575425	-0.000580494466	6.14266543e-08	0	0	0	0	0	3
107	576	4.61056721	0.302834089	-0.000580556009	-0.000580555894	-0.000580575425	-0.000580494466	6.14278896e-08	0	0	0	0	0	3
108	584	4.65971017	0.305664314	-0.000580556078	-0.000580555896	-0.000580575425	-0.000580494466	6.1429826e-08	0	0	0	0	0	3
109	590	4.70895586	0.308494539	-0.000580555948	-0.000580555896	-0.000580575425	-0.000580494466	6.14303746e-08	0	0	0	0	0	3
110	597	4.75818864	0.311324764	-0.000580556086	-0.000580555898	-0.000580575425	-0.000580494466	6.14323312e-08	0	0	0	0	0	3
111	604	4.8073396	0.314154989	-0.000580555956	-0.000580555899	-0.000580575425	-0.000580494466	6.14329169e-08	0	0	0	0	0	3
112	611	4.85641252	0.316985214	-0.000580556183	-0.000580555902	-0.000580575425	-0.000580494466	6.14357822e-08	0	0	0	0	0	3
113	617	4.90541113	0.31981544	-0.000580556098	-0.000580555904	-0.000580575425	-0.000580494466	6.1437739e-08	0	0	0	0	0	3
114	625	4.95433361	0.322645665	-0.000580556051	-0.000580555905	-0.000580575425	-0.000580494466	6.14391883e-08	0	0	0	0	0	3
115	632	5.00318057	0.32547589	-0.000580556134	-0.000580555907	-0.000580575425	-0.000580494466	6.14414195e-08	0	0	0	0	0	3
116	637	5.05197481	0.328306115	-0.000580556176	-0.00058055591	-0.000580575425	-0.000580494466	6.14440121e-08	0	0	0	0	0	3
117	644	5.10072654	0.33113634	-0.000580555819	-0.000580555909	-0.000580575425	-0.000580494466	6.14440121e-08	0	0	0	0	0	3
118	650	5.14942761	0.333966565	-0.000580555953	-0.00058055591	-0.000580575425	-0.000580494466	6.14440121e-08	0	0	0	0	0	3
119	657	5.19809449	0.33679679	-0.000580556191	-0.000580555912	-0.000580575425	-0.000580494466	6.14461995e-08	0	0	0	0	0	3
120	663	5.2467219	0.339627015	-0.000580556114	-0.000580555914	-0.000580575425	-0.000580494466	6.14480664e-08	0	0	0	0	0	3
121	670	5.29530064	0.342457241	-0.000580555961	-0.000580555915	-0.000580575425	-0.000580494466	6.14484971e-08	0	0	0	0	0	3
122	676	5.34382097	0.345287466	-0.00058055651	-0.00058055592	-0.000580575425	-0.000580494466	6.14539032e-08	0	0	0	0	0	3
123	682	5.39228728	0.348117691	-0.000580556086	-0.000580555921	-0.000580575425	-0.000580494466	6.14553962e-08	0	0	0	0	0	3
124	687	5.4407011	0.350947916	-0.000580556204	-0.000580555924	-0.000580575425	-0.000580494466	6.14579124e-08	0	0	0	0	0	3
125	694	5.48907064	0.353778141	-0.000580556109	-0.000580555926	-0.000580575425	-0.000580494466	6.14595462e-08	0	0	0	0	0	3
126	699	5.53740304	0.356608366	-0.000580556105	-0.000580555927	-0.000580575425	-0.000580494466	6.14611146e-08	0	0	0	0	0	3
127	706	5.58568872	0.359438591	-0.000580555872	-0.000580555927	-0.000580575425	-0.000580494466	6.14611146e-08	0	0	0	0	0	3
128	711	5.63391061	0.362268816	-0.00058055644	-0.000580555931	-0.000580575425	-0.000580494466	6.14650334e-08	0	0	0	0	0	3
129	717	5.68209824	0.365099042	-0.000580555326	-0.000580555926	-0.000580575425	-0.000580494466	6.14650334e-08	0	0	0	0	0	3
130	723	5.7302513	0.367929267	-0.000580556665	-0.000580555932	-0.000580575425	-0.000580494466	6.14661159e-08	0	0	0	0	0	3
131	729	5.77835834	0.370759492	-0.00058055607	-0.000580555933	-0.000580575425	-0.000580494466	6.14672641e-08	0	0	0	0	0	3
132	735	5.82641204	0.373589717	-0.000580556252	-0.000580555936	-0.000580575425	-0.000580494466	6.14698949e-08	0	0	0	0	0	3
133	740	5.87438789	0.376419942	-0.000580555919	-0.000580555936	-0.000580575425	-0.000580494466	6.14698949e-08	0	0	0	0	0	3
134	745	5.92231833	0.379250167	-0.000580556597	-0.000580555941	-0.000580575425	-0.000580494466	6.14751047e-08	0	0	0	0	0	3
135	751	5.97018903	0.382080392	-0.000580555378	-0.000580555937	-0.000580575425	-0.000580494466	6.14751047e-08	0	0	0	0	0	3
136	757	6.01800163	0.384910617	-0.000580556306	-0.00058055594	-0.000580575425	-0.000580494466	6.14751047e-08	0	0	0	0	0	3
137	763	6.06575758	0.387740843	-0.000580556194	-0.000580555942	-0.000580575425	-0.000580494466	6.1475524e-08	0	0	0	0	0	3
138	769	6.11345319	0.390571068	-0.000580555902	-0.000580555941	-0.000580575425	-0.000580494466	6.1475524e-08	0	0	0	0	0	3
139	775	6.16092593	0.393401293	-0.000580556234	-0.000580555944	-0.000580575425	-0.000580494466	6.14774747e-08	0	0	0	0	0	3
140	780	6.20829076	0.396231518	-0.000580555989	-0.000580555944	-0.000580575425	-0.000580494466	6.1477822e-08	0	0	0	0	0	3
141	786	6.25560335	0.399061743	-0.000580555818	-0.000580555943	-0.000580575425	-0.000580494466	6.1477822e-08	0	0	0	0	0	3
142	793	6.30284865	0.401891968	-0.000580556239	-0.000580555945	-0.000580575425	-0.000580494466	6.14790857e-08	0	0	0	0	0	3
143	799	6.35002872	0.404722193	-0.00058055592	-0.000580555945	-0.000580575425	-0.000580494466	6.14790857e-08	0	0	0	0	0	3
144	805	6.39713401	0.407552419	-0.000580556185	-0.000580555947	-0.000580575425	-0.000580494466	6.14806661e-08	0	0	0	0	0	3
145	811	6.44416819	0.410382644	-0.000580555951	-0.000580555947	-0.000580575425	-0.000580494466	6.14806952e-08	0	0	0	0	0	3
146	817	6.49113709	0.413212869	-0.000580555804	-0.000580555946	-0.000580575425	-0.000580494466	6.14806952e-08	0	0	0	0	0	3
147	822	6.53802047	0.416043094	-0.000580555822	-0.000580555945	-0.000580575425	-0.000580494466	6.14806952e-08	0	0	0	0	0	3
148	828	6.58484162	0.418873319	-0.000580556177	-0.000580555946	-0.000580575425	-0.000580494466	6.14806952e-08	0	0	0	0	0	3
149	834	6.63159445	0.421703544	-0.000580556416	-0.00058055595	-0.000580575425	-0.000580494466	6.14837361e-08	0	0	0	0	0	3
150	839	6.67826945	0.424533769	-0.000580556113	-0.000580555951	-0.000580575425	-0.000580494466	6.14848759e-08	0	0	0	0	0	3
151	845	6.72487269	0.427363994	-0.0005805562	-0.000580555953	-0.000580575425	-0.000580494466	6.14865995e-08	0	0	0	0	0	3
152	852	6.77141524	0.43019422	-0.000580555994	-0.000580555953	-0.000580575425	-0.000580494466	6.14868818e-08	0	0	0	0	0	3
153	857	6.81791214	0.433024445	-0.000580556332	-0.000580555956	-0.000580575425	-0.000580494466	6.1489467e-08	0	0	0	0	0	3
154	864	6.86436965	0.43585467	-0.000580555784	-0.000580555954	-0.000580575425	-0.000580494466	6.1489467e-08	0	0	0	0	0	3
155	870	6.9107948	0.438684895	-0.000580555941	-0.000580555954	-0.000580575425	-0.000580494466	6.1489467e-08	0	0	0	0	0	3
156	876	6.95720755	0.44151512	-0.00058055597	-0.000580555954	-0.000580575425	-0.000580494466	6.1489467e-08	0	0	0	0	0	3
157	881	7.00362557	0.444345345	-0.000580556422	-0.000580555957	-0.000580575425	-0.000580494466	6.14914219e-08	0	0	0	0	0	3
158	888	7.050035	0.44717557	-0.000580555956	-0.000580555957	-0.000580575425	-0.000580494466	6.14914219e-08	0	0	0	0	0	3
159	894	7.09645461	0.450005795	-0.000580556112	-0.000580555958	-0.000580575425	-0.000580494466	6.14924222e-08	0	0	0	0	0	3
160	900	7.14285048	0.452836021	-0.000580555962	-0.000580555958	-0.000580575425	-0.000580494466	6.1492445e-08	0	0	0	0	0	3
161	905	7.18923388	0.455666246	-0.000580556313	-0.000580555961	-0.000580575425	-0.000580494466	6.14947346e-08	0	0	0	0	0	3
162	912	7.23560607	0.458496471	-0.00058055588	-0.00058055596	-0.000580575425	-0.000580494466	6.14947346e-08	0	0	0	0	0	3
163	918	7.28195142	0.461326696	-0.000580555997	-0.000580555961	-0.000580575425	-0.000580494466	6.14947346e-08	0	0	0	0	0	3
164	923	7.32840111	0.464156921	-0.000580555787	-0.000580555959	-0.000580575425	-0.000580494466	6.14947346e-08	0	0	0	0	0	3
165	929	7.37473179	0.466987146	-0.000580556309	-0.000580555962	-0.000580575425	-0.000580494466	6.14955511e-08	0	0	0	0	0	3
166	936	7.42102354	0.469817371	-0.000580556087	-0.000580555962	-0.000580575425	-0.000580494466	6.14963327e-08	0	0	0	0	0	3
167	941	7.46741452	0.472647596	-0.000580555915	-0.000580555962	-0.000580575425	-0.000580494466	6.14963327e-08	0	0	0	0	0	3
168	947	7.51383255	0.475477822	-0.000580555644	-0.00058055596	-0.000580575425	-0.000580494466	6.14963327e-08	0	0	0	0	0	3
169	952	7.56026018	0.478308047	-0.000580556788	-0.000580555965	-0.000580575425	-0.000580494466	6.14991568e-08	0	0	0	0	0	3
170	959	7.60668239	0.481138272	-0.000580555923	-0.000580555965	-0.000580575425	-0.000580494466	6.14991568e-08	0	0	0	0	0	3
171	965	7.65311263	0.483968497	-0.000580555985	-0.000580555965	-0.000580575425	-0.000580494466	6.14991568e-08	0	0	0	0	0	3
172	970	7.69954438	0.486798722	-0.00058055576	-0.000580555964	-0.000580575425	-0.000580494466	6.14991568e-08	0	0	0	0	0	3
173	976	7.74597682	0.489628947	-0.000580555995	-0.000580555964	-0.000580575425	-0.000580494466	6.14991568e-08	0	0	0	0	0	3
174	983	7.79240163	0.492459172	-0.000580556428	-0.000580555967	-0.000580575425	-0.000580494466	6.15007325e-08	0	0	0	0	0	3
175	988	7.83882263	0.495289397	-0.000580556355	-0.000580555969	-0.000580575425	-0.000580494466	6.15030323e-08	0	0	0	0	0	3
176	995	7.88524487	0.498119623	-0.000580555737	-0.000580555968	-0.000580575425	-0.000580494466	6.15030323e-08	0	0	0	0	0	3
177	1001	7.93166567	0.500949848	-0.000580556179	-0.000580555969	-0.000580575425	-0.000580494466	6.15030323e-08	0	0	0	0	0	3
178	1007	7.97808867	0.503780073	-0.000580556135	-0.000580556091	-0.000580575425	-0.000580555326	2.00989671e-08	0	0	0	0	0	3
179	1012	8.02450827	0.506610298	-0.000580556323	-0.000580556089	-0.000580563095	-0.000580555326	7.76940486e-09	0	0	0	0	0	3
180	1018	8.07094281	0.509440523	-0.000580555727	-0.000580556086	-0.000580563095	-0.000580555326	7.76940486e-09	0	0	0	0	0	3
181	1024	8.1173949	0.512270748	-0.000580556206	-0.000580556085	-0.000580560531	-0.000580555326	5.20545391e-09	0	0	0	0	0	3
182	1030	8.16385573	0.515100973	-0.000580555827	-0.000580556083	-0.000580560036	-0.000580555326	4.7097166e-09	0	0	0	0	0	3
183	1035	8.21032597	0.517931199	-0.000580556604	-0.000580556085	-0.000580560036	-0.000580555326	4.7097166e-09	0	0	0	0	0	3
184	1041	8.25681102	0.520761424	-0.000580556039	-0.000580556084	-0.000580560036	-0.000580555326	4.7097166e-09	0	0	0	0	0	3
185	1048	8.303314	0.523591649	-0.000580555951	-0.000580556083	-0.000580560036	-0.000580555326	4.7097166e-09	0	0	0	0	0	3
186	1054	8.3498384	0.526421874	-0.000580555722	-0.00058055608	-0.000580560036	-0.000580555326	4.7097166e-09	0	0	0	0	0	3
187	1060	8.39638194	0.529252099	-0.000580557039	-0.000580556083	-0.000580560036	-0.000580555326	4.7097166e-09	0	0	0	0	0	3
188	1066	8.44294284	0.532082324	-0.000580555886	-0.000580556078	-0.000580560036	-0.000580555326	4.7097166e-09	0	0	0	0	0	3
189	1072	8.48952638	0.534912549	-0.000580555862	-0.00058055607	-0.000580559074	-0.000580555326	3.74752497e-09	0	0	0	0	0	3
190	1077	8.53613011	0.537742774	-0.000580555639	-0.000580556062	-0.000580557558	-0.000580555326	2.23225801e-09	0	0	0	0	0	3
191	1083	8.58274822	0.540573	-0.000580556341	-0.000580556061	-0.000580557375	-0.000580555326	2.04929536e-09	0	0	0	0	0	3
192	1089	8.62937799	0.543403225	-0.000580555873	-0.000580556061	-0.000580557375	-0.000580555326	2.04929536e-09	0	0	0	0	0	3
193	1095	8.67602173	0.54623345	-0.000580556354	-0.000580556063	-0.000580557375	-0.000580555326	2.04929536e-09	0	0	0	0	0	3
194	1101	8.72269821	0.549063675	-0.000580555802	-0.000580556062	-0.000580557375	-0.000580555326	2.04929536e-09	0	0	0	0	0	3
195	1106	8.76940906	0.5518939	-0.000580556411	-0.00058055606	-0.000580557039	-0.000580555326	1.71258063e-09	0	0	0	0	0	3
196	1112	8.8161534	0.554724125	-0.000580555939	-0.00058055606	-0.000580557039	-0.000580555326	1.71258063e-09	0	0	0	0	0	3
197	1118	8.86290747	0.55755435	-0.000580556184	-0.000580556061	-0.000580557039	-0.000580555326	1.71258063e-09	0	0	0	0	0	3
198	1123	8.9096783	0.560384575	-0.000580555604	-0.00058055606	-0.000580557039	-0.000580555326	1.71258063e-09	0	0	0	0	0	3
199	1131	8.95646409	0.563214801	-0.000580556214	-0.000580556061	-0.000580557039	-0.000580555326	1.71258063e-09	0	0	0	0	0	3
200	1136	9.00328072	0.566045026	-0.000580556557	-0.000580556065	-0.000580557039	-0.000580555326	1.71258063e-09	0	0	0	0	0	3
201	1143	9.0501146	0.568875251	-0.000580556421	-0.000580556069	-0.000580557039	-0.000580555326	1.6864464e-09	0	0	0	0	0	3
202	1148	9.09699669	0.571705476	-0.00058055563	-0.000580556068	-0.000580557039	-0.000580555326	1.55755579e-09	0	0	0	0	0	3
203	1154	9.14390825	0.574535701	-0.000580555869	-0.000580556069	-0.000580557039	-0.000580555326	1.44819721e-09	0	0	0	0	0	3
204	1160	9.19085845	0.577365926	-0.000580555991	-0.000580556071	-0.000580557039	-0.000580555326	1.35985501e-09	0	0	0	0	0	3
205	1166	9.23784632	0.580196151	-0.000580556552	-0.000580556075	-0.000580557039	-0.000580555326	1.28198786e-09	0	0	0	0	0	3
206	1171	9.28487307	0.583026376	-0.000580555949	-0.000580556076	-0.000580557039	-0.000580555326	1.21064626e-09	0	0	0	0	0	3
207	1177	9.3319181	0.585856602	-0.000580555951	-0.000580556077	-0.000580557039	-0.000580555326	1.13673494e-09	0	0	0	0	0	3
208	1183	9.37897338	0.588686827	-0.000580555756	-0.000580556076	-0.000580557039	-0.000580555326	1.0829341e-09	0	0	0	0	0	3
209	1189	9.42602163	0.591517052	-0.000580556075	-0.000580556078	-0.000580557039	-0.000580555326	1.02921812e-09	0	0	0	0	0	3
210	1195	9.4730627	0.594347277	-0.000580556348	-0.00058055608	-0.000580557039	-0.000580555326	9.75321007e-10	0	0	0	0	0	3
211	1201	9.52009873	0.597177502	-0.000580556052	-0.00058055608	-0.000580557039	-0.000580555326	9.39406287e-10	0	0	0	0	0	3
212	1206	9.56714578	0.600007727	-0.000580555783	-0.00058055608	-0.000580557039	-0.000580555326	9.0669879e-10	0	0	0	0	0	3
213	1212	9.61421063	0.602837952	-0.000580555816	-0.00058055608	-0.000580557039	-0.000580555326	8.67524102e-10	0	0	0	0	0	3
214	1218	9.6612907	0.605668178	-0.00058055631	-0.000580556081	-0.000580557039	-0.000580555326	8.37409611e-10	0	0	0	0	0	3
215	1224	9.70839094	0.608498403	-0.000580555965	-0.000580556081	-0.000580557039	-0.000580555326	8.19514272e-10	0	0	0	0	0	3
216	1229	9.75549748	0.611328628	-0.000580555799	-0.000580556082	-0.000580557039	-0.000580555326	7.96522135e-10	0	0	0	0	0	3
217	1235	9.80259874	0.614158853	-0.000580556181	-0.000580556084	-0.000580557039	-0.000580555326	7.66149948e-10	0	0	0	0	0	3
218	1240	9.84970544	0.616989078	-0.000580556375	-0.000580556085	-0.000580557039	-0.000580555326	7.49994497e-10	0	0	0	0	0	3
219	1246	9.8968128	0.619819303	-0.000580556127	-0.000580556087	-0.000580557039	-0.000580555326	7.23317225e-10	0	0	0	0	0	3
220	1253	9.94390991	0.622649528	-0.000580555851	-0.000580556086	-0.000580557039	-0.000580555326	6.90419199e-10	0	0	0	0	0	3
221	1259	9.99099274	0.625479753	-0.000580556066	-0.000580556084	-0.000580557039	-0.000580555326	6.77385456e-10	0	0	0	0	0	3
222	1261	10	0.628309979	-0.000580556075	-0.000580556086	-0.000580557039	-0.000580555326	6.59302789e-10	0	0	0	0	0	3
