Iteration	CPUTime	PhysTime	Travels	Value	AvValue	MinValue	MaxValue	Delta	Criteria	PrevAvRefValue	Progress	CriteriaType	CriteriaVarType	CriteriaPercentage
1	15	0.0157367131	0.00283022513	101334.797	101334.797	101334.797	101334.797	0	0	0	0	0	0	3
2	18	0.0171275271	0.00566045026	101324.149	101333.933	101324.149	101334.797	0.864724641	0	0	0	0	0	3
3	21	0.0186418555	0.00849067539	101323.814	101333.111	101323.814	101334.797	1.68672957	0	0	0	0	0	3
4	24	0.0203472833	0.0113209005	101323.728	101332.324	101323.728	101334.797	2.47313608	0	0	0	0	0	3
5	26	0.0223169321	0.0141511256	101323.693	101331.563	101323.693	101334.797	3.23489013	0	0	0	0	0	3
6	29	0.025776523	0.0169813508	101323.707	101330.508	101323.693	101334.797	4.28926948	0	0	0	0	0	3
7	31	0.0300953477	0.0198115759	101323.678	101329.528	101323.678	101334.797	5.26948633	0	0	0	0	0	3
8	34	0.0353543883	0.022641801	101323.662	101328.655	101323.662	101334.797	6.1419934	0	0	0	0	0	3
9	37	0.0416731116	0.0254720262	101323.65	101327.896	101323.65	101334.797	6.90094362	0	0	0	0	0	3
10	40	0.0489393048	0.0283022513	101323.642	101327.265	101323.642	101334.797	7.53267029	0	0	0	0	0	3
11	43	0.0608307924	0.0311324764	101323.632	101326.555	101323.632	101334.797	8.24272498	0	0	0	0	0	3
12	47	0.0742832757	0.0339627015	101323.627	101326.024	101323.627	101334.797	8.77293349	0	0	0	0	0	3
13	50	0.0888934139	0.0367929267	101323.619	101325.629	101323.619	101334.797	9.16822952	0	0	0	0	0	3
14	54	0.103903665	0.0396231518	101323.615	101325.338	101323.615	101334.797	9.45916971	0	0	0	0	0	3
15	57	0.119614349	0.0424533769	101323.613	101325.112	101323.613	101334.797	9.68577819	0	0	0	0	0	3
16	61	0.143868823	0.0452836021	101323.611	101324.859	101323.611	101334.797	9.93879213	0	0	0	0	0	3
17	65	0.169065419	0.0481138272	101323.609	101324.672	101323.609	101334.797	10.1249838	0	0	0	0	0	3
18	69	0.195130833	0.0509440523	101323.608	101324.53	101323.608	101334.797	10.2672274	0	0	0	0	0	3
19	73	0.221858083	0.0537742774	101323.606	101324.419	101323.606	101334.797	10.3785178	0	0	0	0	0	3
20	77	0.248975633	0.0566045026	101323.606	101324.33	101323.606	101334.797	10.467066	0	0	0	0	0	3
21	81	0.289469642	0.0594347277	101323.605	101324.229	101323.605	101334.797	10.5685713	0	0	0	0	0	3
22	85	0.330627226	0.0622649528	101323.604	101324.151	101323.604	101334.797	10.6463573	0	0	0	0	0	3
23	90	0.372204063	0.065095178	101323.604	101324.09	101323.604	101334.797	10.7074883	0	0	0	0	0	3
24	94	0.41431535	0.0679254031	101323.603	101324.04	101323.603	101334.797	10.7569533	0	0	0	0	0	3
25	99	0.456914841	0.0707556282	101323.603	101324	101323.603	101334.797	10.79776	0	0	0	0	0	3
26	104	0.507078334	0.0735858533	101323.602	101323.96	101323.602	101334.797	10.8370523	0	0	0	0	0	3
27	109	0.557280789	0.0764160785	101323.602	101323.928	101323.602	101334.797	10.8693349	0	0	0	0	0	3
28	114	0.60661992	0.0792463036	101323.602	101323.902	101323.602	101334.797	10.8958532	0	0	0	0	0	3
29	119	0.656187233	0.0820765287	101323.602	101323.879	101323.602	101334.797	10.9185135	0	0	0	0	0	3
30	124	0.706064698	0.0849067539	101323.602	101323.859	101323.602	101334.797	10.9380812	0	0	0	0	0	3
31	129	0.756728722	0.087736979	101323.601	101323.842	101323.601	101334.797	10.9553623	0	0	0	0	0	3
32	134	0.80782032	0.0905672041	101323.601	101323.827	101323.601	101334.797	10.9706124	0	0	0	0	0	3
33	139	0.858607072	0.0933974292	101323.601	101323.813	101323.601	101334.797	10.983973	0	0	0	0	0	3
34	144	0.908128111	0.0962276544	101323.601	101323.802	101323.601	101334.797	10.995549	0	0	0	0	0	3
35	149	0.956636082	0.0990578795	101323.601	101323.792	101323.601	101334.797	11.0057555	0	0	0	0	0	3
36	154	1.00449967	0.101888105	101323.601	101323.783	101323.601	101334.797	11.0148362	0	0	0	0	0	3
37	159	1.05190691	0.10471833	101323.6	101323.774	101323.6	101334.797	11.0230475	0	0	0	0	0	3
38	164	1.09901514	0.107548555	101323.601	101323.767	101323.6	101334.797	11.030475	0	0	0	0	0	3
39	169	1.1456371	0.11037878	101323.6	101323.76	101323.6	101334.797	11.0372654	0	0	0	0	0	3
40	174	1.19239643	0.113209005	101323.601	101323.754	101323.6	101334.797	11.0435127	0	0	0	0	0	3
41	178	1.23918773	0.11603923	101323.6	101323.748	101323.6	101334.797	11.0493137	0	0	0	0	0	3
42	183	1.28619097	0.118869455	101323.601	101323.743	101323.6	101334.797	11.0546886	0	0	0	0	0	3
43	188	1.33380618	0.121699681	101323.6	101323.738	101323.6	101334.797	11.0597745	0	0	0	0	0	3
44	194	1.38175979	0.124529906	101323.601	101323.733	101323.6	101334.797	11.0645115	0	0	0	0	0	3
45	198	1.43045803	0.127360131	101323.6	101323.728	101323.6	101334.797	11.0690285	0	0	0	0	0	3
46	203	1.48005364	0.130190356	101323.601	101323.724	101323.6	101334.797	11.0732889	0	0	0	0	0	3
47	209	1.53069919	0.133020581	101323.601	101323.72	101323.6	101334.797	11.0773753	0	0	0	0	0	3
48	214	1.58248752	0.135850806	101323.601	101323.716	101323.6	101334.797	11.0812564	0	0	0	0	0	3
49	219	1.635287	0.138681031	101323.601	101323.712	101323.6	101334.797	11.0849862	0	0	0	0	0	3
50	224	1.68896713	0.141511256	101323.602	101323.709	101323.6	101334.797	11.0884965	0	0	0	0	0	3
51	229	1.74330523	0.144341482	101323.601	101323.706	101323.6	101334.797	11.0918675	0	0	0	0	0	3
52	243	1.79813409	0.147171707	101323.603	101323.702	101323.6	101334.797	11.0950015	0	0	0	0	0	3
53	248	1.85335704	0.150001932	101323.601	101323.699	101323.6	101334.797	11.0980164	0	0	0	0	0	3
54	254	1.90892119	0.152832157	101323.603	101323.697	101323.6	101334.797	11.1008325	0	0	0	0	0	3
55	260	1.96475654	0.155662382	101323.601	101323.694	101323.6	101334.797	11.1035389	0	0	0	0	0	3
56	265	2.02082765	0.158492607	101323.603	101323.691	101323.6	101334.797	11.1060658	0	0	0	0	0	3
57	270	2.07712305	0.161322832	101323.602	101323.689	101323.6	101334.797	11.1084832	0	0	0	0	0	3
58	276	2.1336433	0.164153057	101323.603	101323.687	101323.6	101334.797	11.1107717	0	0	0	0	0	3
59	281	2.19036633	0.166983283	101323.602	101323.684	101323.6	101334.797	11.1129576	0	0	0	0	0	3
60	286	2.24717207	0.169813508	101323.602	101323.682	101323.6	101334.797	11.1150407	0	0	0	0	0	3
61	292	2.30398559	0.172643733	101323.603	101323.68	101323.6	101334.797	11.116986	0	0	0	0	0	3
62	297	2.36078992	0.175473958	101323.603	101323.679	101323.6	101334.797	11.1188402	0	0	0	0	0	3
63	303	2.41760717	0.178304183	101323.603	101323.677	101323.6	101334.797	11.1206089	0	0	0	0	0	3
64	308	2.47443424	0.181134408	101323.603	101323.675	101323.6	101334.797	11.1222927	0	0	0	0	0	3
65	314	2.53127303	0.183964633	101323.604	101323.674	101323.6	101334.797	11.1238978	0	0	0	0	0	3
66	320	2.58811341	0.186794858	101323.604	101323.672	101323.6	101334.797	11.1254347	0	0	0	0	0	3
67	326	2.64496141	0.189625084	101323.604	101323.67	101323.6	101334.797	11.1269046	0	0	0	0	0	3
68	331	2.7017959	0.192455309	101323.603	101323.669	101323.6	101334.797	11.1283212	0	0	0	0	0	3
69	337	2.75786377	0.195285534	101323.603	101323.668	101323.6	101334.797	11.1296545	0	0	0	0	0	3
70	343	2.81279903	0.198115759	101323.603	101323.666	101323.6	101334.797	11.1309169	0	0	0	0	0	3
71	349	2.86706419	0.200945984	101323.603	101323.665	101323.6	101334.797	11.1321107	0	0	0	0	0	3
72	354	2.92032831	0.203776209	101323.603	101323.664	101323.6	101334.797	11.1332385	0	0	0	0	0	3
73	360	2.97235429	0.206606434	101323.603	101323.663	101323.6	101334.797	11.1343055	0	0	0	0	0	3
74	365	3.02360956	0.20943666	101323.603	101323.662	101323.6	101334.797	11.1353173	0	0	0	0	0	3
75	371	3.07456429	0.212266885	101323.603	101323.661	101323.6	101334.797	11.1362942	0	0	0	0	0	3
76	377	3.12525218	0.21509711	101323.604	101323.66	101323.6	101334.797	11.1372273	0	0	0	0	0	3
77	383	3.17562109	0.217927335	101323.604	101323.659	101323.6	101334.797	11.1381254	0	0	0	0	0	3
78	389	3.22552863	0.22075756	101323.603	101323.658	101323.6	101334.797	11.1389941	0	0	0	0	0	3
79	395	3.27507329	0.223587785	101323.604	101323.658	101323.6	101334.797	11.1398246	0	0	0	0	0	3
80	402	3.32449625	0.22641801	101323.603	101323.657	101323.6	101334.797	11.1406318	0	0	0	0	0	3
81	408	3.37358484	0.229248235	101323.603	101323.656	101323.6	101334.797	11.1414073	0	0	0	0	0	3
82	414	3.42210374	0.232078461	101323.603	101323.655	101323.6	101334.797	11.1421595	0	0	0	0	0	3
83	420	3.47038429	0.234908686	101323.603	101323.655	101323.6	101334.797	11.1428809	0	0	0	0	0	3
84	426	3.51866618	0.237738911	101323.603	101323.654	101323.6	101334.797	11.1435821	0	0	0	0	0	3
85	432	3.56678811	0.240569136	101323.603	101323.653	101323.6	101334.797	11.1442622	0	0	0	0	0	3
86	439	3.61447099	0.243399361	101323.603	101323.652	101323.6	101334.797	11.1449198	0	0	0	0	0	3
87	446	3.66170857	0.246229586	101323.603	101323.652	101323.6	101334.797	11.1455517	0	0	0	0	0	3
88	451	3.70860864	0.249059811	101323.603	101323.651	101323.6	101334.797	11.1461645	0	0	0	0	0	3
89	458	3.75531834	0.251890036	101323.603	101323.651	101323.6	101334.797	11.1467657	0	0	0	0	0	3
90	464	3.801986	0.254720262	101323.604	101323.65	101323.6	101334.797	11.147344	0	0	0	0	0	3
91	470	3.84862805	0.257550487	101323.604	101323.649	101323.6	101334.797	11.1479074	0	0	0	0	0	3
92	477	3.89518614	0.260380712	101323.603	101323.649	101323.6	101334.797	11.1484589	0	0	0	0	0	3
93	484	3.94173654	0.263210937	101323.603	101323.648	101323.6	101334.797	11.1489956	0	0	0	0	0	3
94	491	3.9882508	0.266041162	101323.603	101323.648	101323.6	101334.797	11.1495194	0	0	0	0	0	3
95	497	4.03487727	0.268871387	101323.604	101323.647	101323.6	101334.797	11.15003	0	0	0	0	0	3
96	503	4.08173199	0.271701612	101323.604	101323.647	101323.6	101334.797	11.1505335	0	0	0	0	0	3
97	510	4.12864979	0.274531837	101323.603	101323.646	101323.6	101334.797	11.1510264	0	0	0	0	0	3
98	517	4.17577606	0.277362063	101323.603	101323.646	101323.6	101334.797	11.1515137	0	0	0	0	0	3
99	523	4.22313946	0.280192288	101323.604	101323.645	101323.6	101334.797	11.1519859	0	0	0	0	0	3
100	529	4.27078823	0.283022513	101323.604	101323.645	101323.6	101334.797	11.1524475	0	0	0	0	0	3
101	537	4.31872145	0.285852738	101323.604	101323.644	101323.6	101334.797	11.1529053	0	0	0	0	0	3
102	543	4.36693391	0.288682963	101323.604	101323.644	101323.6	101334.797	11.1533568	0	0	0	0	0	3
103	550	4.41534792	0.291513188	101323.604	101323.644	101323.6	101334.797	11.1537971	0	0	0	0	0	3
104	556	4.46391821	0.294343413	101323.604	101323.643	101323.6	101334.797	11.1542293	0	0	0	0	0	3
105	563	4.51265453	0.297173638	101323.603	101323.643	101323.6	101334.797	11.1546588	0	0	0	0	0	3
106	570	4.56154151	0.300003864	101323.604	101323.642	101323.6	101334.797	11.1550749	0	0	0	0	0	3
107	576	4.61056721	0.302834089	101323.604	101323.642	101323.6	101334.797	11.1554841	0	0	0	0	0	3
108	584	4.65971017	0.305664314	101323.603	101323.642	101323.6	101334.797	11.15589	0	0	0	0	0	3
109	590	4.70895586	0.308494539	101323.604	101323.641	101323.6	101334.797	11.1562815	0	0	0	0	0	3
110	597	4.75818864	0.311324764	101323.604	101323.641	101323.6	101334.797	11.1566663	0	0	0	0	0	3
111	604	4.8073396	0.314154989	101323.604	101323.64	101323.6	101334.797	11.1570444	0	0	0	0	0	3
112	611	4.85641252	0.316985214	101323.604	101323.64	101323.6	101334.797	11.1574119	0	0	0	0	0	3
113	617	4.90541113	0.31981544	101323.604	101323.64	101323.6	101334.797	11.1577727	0	0	0	0	0	3
114	625	4.95433361	0.322645665	101323.604	101323.639	101323.6	101334.797	11.1581262	0	0	0	0	0	3
115	632	5.00318057	0.32547589	101323.604	101323.639	101323.6	101334.797	11.158468	0	0	0	0	0	3
116	637	5.05197481	0.328306115	101323.604	101323.639	101323.6	101334.797	11.1588049	0	0	0	0	0	3
117	644	5.10072654	0.33113634	101323.604	101323.638	101323.6	101334.797	11.1591355	0	0	0	0	0	3
118	650	5.14942761	0.333966565	101323.604	101323.638	101323.6	101334.797	11.1594598	0	0	0	0	0	3
119	657	5.19809449	0.33679679	101323.604	101323.638	101323.6	101334.797	11.1597784	0	0	0	0	0	3
120	663	5.2467219	0.339627015	101323.604	101323.637	101323.6	101334.797	11.1600878	0	0	0	0	0	3
121	670	5.29530064	0.342457241	101323.604	101323.637	101323.6	101334.797	11.1603935	0	0	0	0	0	3
122	676	5.34382097	0.345287466	101323.604	101323.637	101323.6	101334.797	11.1606919	0	0	0	0	0	3
123	682	5.39228728	0.348117691	101323.604	101323.636	101323.6	101334.797	11.1609863	0	0	0	0	0	3
124	687	5.4407011	0.350947916	101323.604	101323.636	101323.6	101334.797	11.1612735	0	0	0	0	0	3
125	694	5.48907064	0.353778141	101323.604	101323.636	101323.6	101334.797	11.1615568	0	0	0	0	0	3
126	699	5.53740304	0.356608366	101323.604	101323.636	101323.6	101334.797	11.1618334	0	0	0	0	0	3
127	706	5.58568872	0.359438591	101323.604	101323.635	101323.6	101334.797	11.162106	0	0	0	0	0	3
128	711	5.63391061	0.362268816	101323.604	101323.635	101323.6	101334.797	11.1623717	0	0	0	0	0	3
129	717	5.68209824	0.365099042	101323.604	101323.635	101323.6	101334.797	11.1626359	0	0	0	0	0	3
130	723	5.7302513	0.367929267	101323.604	101323.635	101323.6	101334.797	11.1628925	0	0	0	0	0	3
131	729	5.77835834	0.370759492	101323.604	101323.634	101323.6	101334.797	11.1631493	0	0	0	0	0	3
132	735	5.82641204	0.373589717	101323.604	101323.634	101323.6	101334.797	11.1633988	0	0	0	0	0	3
133	740	5.87438789	0.376419942	101323.604	101323.634	101323.6	101334.797	11.1636461	0	0	0	0	0	3
134	745	5.92231833	0.379250167	101323.604	101323.634	101323.6	101334.797	11.1638881	0	0	0	0	0	3
135	751	5.97018903	0.382080392	101323.604	101323.633	101323.6	101334.797	11.164127	0	0	0	0	0	3
136	757	6.01800163	0.384910617	101323.604	101323.633	101323.6	101334.797	11.1643619	0	0	0	0	0	3
137	763	6.06575758	0.387740843	101323.604	101323.633	101323.6	101334.797	11.16459	0	0	0	0	0	3
138	769	6.11345319	0.390571068	101323.604	101323.633	101323.6	101334.797	11.164816	0	0	0	0	0	3
139	775	6.16092593	0.393401293	101323.604	101323.632	101323.6	101334.797	11.1650383	0	0	0	0	0	3
140	780	6.20829076	0.396231518	101323.604	101323.632	101323.6	101334.797	11.1652558	0	0	0	0	0	3
141	786	6.25560335	0.399061743	101323.604	101323.632	101323.6	101334.797	11.1654696	0	0	0	0	0	3
142	793	6.30284865	0.401891968	101323.604	101323.632	101323.6	101334.797	11.1656803	0	0	0	0	0	3
143	799	6.35002872	0.404722193	101323.604	101323.632	101323.6	101334.797	11.1658861	0	0	0	0	0	3
144	805	6.39713401	0.407552419	101323.604	101323.631	101323.6	101334.797	11.1660891	0	0	0	0	0	3
145	811	6.44416819	0.410382644	101323.604	101323.631	101323.6	101334.797	11.1662872	0	0	0	0	0	3
146	817	6.49113709	0.413212869	101323.604	101323.631	101323.6	101334.797	11.1664848	0	0	0	0	0	3
147	822	6.53802047	0.416043094	101323.604	101323.631	101323.6	101334.797	11.1666749	0	0	0	0	0	3
148	828	6.58484162	0.418873319	101323.604	101323.631	101323.6	101334.797	11.1668662	0	0	0	0	0	3
149	834	6.63159445	0.421703544	101323.604	101323.63	101323.6	101334.797	11.1670516	0	0	0	0	0	3
150	839	6.67826945	0.424533769	101323.604	101323.63	101323.6	101334.797	11.1672371	0	0	0	0	0	3
151	845	6.72487269	0.427363994	101323.604	101323.63	101323.6	101334.797	11.1674162	0	0	0	0	0	3
152	852	6.77141524	0.43019422	101323.604	101323.63	101323.6	101334.797	11.1675974	0	0	0	0	0	3
153	857	6.81791214	0.433024445	101323.604	101323.63	101323.6	101334.797	11.1677713	0	0	0	0	0	3
154	864	6.86436965	0.43585467	101323.604	101323.629	101323.6	101334.797	11.1679472	0	0	0	0	0	3
155	870	6.9107948	0.438684895	101323.604	101323.629	101323.6	101334.797	11.1681171	0	0	0	0	0	3
156	876	6.95720755	0.44151512	101323.604	101323.629	101323.6	101334.797	11.1682883	0	0	0	0	0	3
157	881	7.00362557	0.444345345	101323.604	101323.629	101323.6	101334.797	11.1684535	0	0	0	0	0	3
158	888	7.050035	0.44717557	101323.604	101323.629	101323.6	101334.797	11.1686198	0	0	0	0	0	3
159	894	7.09645461	0.450005795	101323.604	101323.629	101323.6	101334.797	11.1687794	0	0	0	0	0	3
160	900	7.14285048	0.452836021	101323.604	101323.628	101323.6	101334.797	11.1689405	0	0	0	0	0	3
161	905	7.18923388	0.455666246	101323.604	101323.628	101323.6	101334.797	11.169097	0	0	0	0	0	3
162	912	7.23560607	0.458496471	101323.604	101323.628	101323.6	101334.797	11.1692553	0	0	0	0	0	3
163	918	7.28195142	0.461326696	101323.604	101323.628	101323.6	101334.797	11.1694077	0	0	0	0	0	3
164	923	7.32840111	0.464156921	101323.604	101323.628	101323.6	101334.797	11.1695627	0	0	0	0	0	3
165	929	7.37473179	0.466987146	101323.604	101323.628	101323.6	101334.797	11.1697115	0	0	0	0	0	3
166	936	7.42102354	0.469817371	101323.604	101323.628	101323.6	101334.797	11.1698615	0	0	0	0	0	3
167	941	7.46741452	0.472647596	101323.604	101323.627	101323.6	101334.797	11.1700062	0	0	0	0	0	3
168	947	7.51383255	0.475477822	101323.604	101323.627	101323.6	101334.797	11.1701527	0	0	0	0	0	3
169	952	7.56026018	0.478308047	101323.604	101323.627	101323.6	101334.797	11.1702953	0	0	0	0	0	3
170	959	7.60668239	0.481138272	101323.604	101323.627	101323.6	101334.797	11.1704382	0	0	0	0	0	3
171	965	7.65311263	0.483968497	101323.604	101323.627	101323.6	101334.797	11.1705771	0	0	0	0	0	3
172	970	7.69954438	0.486798722	101323.604	101323.627	101323.6	101334.797	11.1707165	0	0	0	0	0	3
173	976	7.74597682	0.489628947	101323.604	101323.627	101323.6	101334.797	11.1708528	0	0	0	0	0	3
174	983	7.79240163	0.492459172	101323.604	101323.626	101323.6	101334.797	11.1709893	0	0	0	0	0	3
175	988	7.83882263	0.495289397	101323.604	101323.626	101323.6	101334.797	11.1711211	0	0	0	0	0	3
176	995	7.88524487	0.498119623	101323.604	101323.626	101323.6	101334.797	11.1712542	0	0	0	0	0	3
177	1001	7.93166567	0.500949848	101323.604	101323.626	101323.6	101334.797	11.1713834	0	0	0	0	0	3
178	1007	7.97808867	0.503780073	101323.604	101323.604	101323.6	101324.149	0.548467085	0	0	0	0	0	3
179	1012	8.02450827	0.506610298	101323.604	101323.604	101323.6	101323.814	0.213472133	0	0	0	0	0	3
180	1018	8.07094281	0.509440523	101323.604	101323.604	101323.6	101323.728	0.128070096	0	0	0	0	0	3
181	1024	8.1173949	0.512270748	101323.604	101323.604	101323.6	101323.707	0.106534804	0	0	0	0	0	3
182	1030	8.16385573	0.515100973	101323.604	101323.604	101323.6	101323.707	0.106534804	0	0	0	0	0	3
183	1035	8.21032597	0.517931199	101323.604	101323.604	101323.6	101323.678	0.0775107653	0	0	0	0	0	3
184	1041	8.25681102	0.520761424	101323.604	101323.604	101323.6	101323.662	0.0623384309	0	0	0	0	0	3
185	1048	8.303314	0.523591649	101323.604	101323.604	101323.6	101323.65	0.0499286462	0	0	0	0	0	3
186	1054	8.3498384	0.526421874	101323.603	101323.603	101323.6	101323.642	0.0415819461	0	0	0	0	0	3
187	1060	8.39638194	0.529252099	101323.604	101323.603	101323.6	101323.632	0.0323862143	0	0	0	0	0	3
188	1066	8.44294284	0.532082324	101323.603	101323.603	101323.6	101323.627	0.0268508687	0	0	0	0	0	3
189	1072	8.48952638	0.534912549	101323.604	101323.603	101323.6	101323.619	0.0192757315	0	0	0	0	0	3
190	1077	8.53613011	0.537742774	101323.604	101323.603	101323.6	101323.615	0.0151645019	0	0	0	0	0	3
191	1083	8.58274822	0.540573	101323.604	101323.603	101323.6	101323.613	0.0128660472	0	0	0	0	0	3
192	1089	8.62937799	0.543403225	101323.604	101323.603	101323.6	101323.611	0.0107685721	0	0	0	0	0	3
193	1095	8.67602173	0.54623345	101323.603	101323.603	101323.6	101323.609	0.0092239925	0	0	0	0	0	3
194	1101	8.72269821	0.549063675	101323.604	101323.603	101323.6	101323.608	0.00748709546	0	0	0	0	0	3
195	1106	8.76940906	0.5518939	101323.604	101323.603	101323.6	101323.606	0.00630590055	0	0	0	0	0	3
196	1112	8.8161534	0.554724125	101323.604	101323.603	101323.6	101323.606	0.00582432991	0	0	0	0	0	3
197	1118	8.86290747	0.55755435	101323.603	101323.603	101323.6	101323.605	0.00466249848	0	0	0	0	0	3
198	1123	8.9096783	0.560384575	101323.603	101323.603	101323.6	101323.604	0.00434230569	0	0	0	0	0	3
199	1131	8.95646409	0.563214801	101323.603	101323.603	101323.6	101323.604	0.00434230569	0	0	0	0	0	3
200	1136	9.00328072	0.566045026	101323.604	101323.603	101323.6	101323.604	0.00434230569	0	0	0	0	0	3
201	1143	9.0501146	0.568875251	101323.603	101323.603	101323.6	101323.604	0.00434230569	0	0	0	0	0	3
202	1148	9.09699669	0.571705476	101323.603	101323.603	101323.6	101323.604	0.00434230569	0	0	0	0	0	3
203	1154	9.14390825	0.574535701	101323.603	101323.603	101323.6	101323.604	0.00434230569	0	0	0	0	0	3
204	1160	9.19085845	0.577365926	101323.604	101323.603	101323.6	101323.604	0.00434230569	0	0	0	0	0	3
205	1166	9.23784632	0.580196151	101323.603	101323.603	101323.6	101323.604	0.00434230569	0	0	0	0	0	3
206	1171	9.28487307	0.583026376	101323.603	101323.603	101323.6	101323.604	0.00434230569	0	0	0	0	0	3
207	1177	9.3319181	0.585856602	101323.603	101323.603	101323.6	101323.604	0.00434230569	0	0	0	0	0	3
208	1183	9.37897338	0.588686827	101323.603	101323.603	101323.6	101323.604	0.00434230569	0	0	0	0	0	3
209	1189	9.42602163	0.591517052	101323.603	101323.603	101323.6	101323.604	0.00434230569	0	0	0	0	0	3
210	1195	9.4730627	0.594347277	101323.603	101323.603	101323.6	101323.604	0.00434230569	0	0	0	0	0	3
211	1201	9.52009873	0.597177502	101323.603	101323.603	101323.6	101323.604	0.00434230569	0	0	0	0	0	3
212	1206	9.56714578	0.600007727	101323.603	101323.603	101323.6	101323.604	0.00434230569	0	0	0	0	0	3
213	1212	9.61421063	0.602837952	101323.603	101323.603	101323.6	101323.604	0.00434230569	0	0	0	0	0	3
214	1218	9.6612907	0.605668178	101323.603	101323.603	101323.6	101323.604	0.00434230569	0	0	0	0	0	3
215	1224	9.70839094	0.608498403	101323.603	101323.603	101323.6	101323.604	0.00434230569	0	0	0	0	0	3
216	1229	9.75549748	0.611328628	101323.603	101323.603	101323.6	101323.604	0.00420121456	0	0	0	0	0	3
217	1235	9.80259874	0.614158853	101323.603	101323.603	101323.6	101323.604	0.00420121456	0	0	0	0	0	3
218	1240	9.84970544	0.616989078	101323.603	101323.603	101323.6	101323.604	0.00420121456	0	0	0	0	0	3
219	1246	9.8968128	0.619819303	101323.603	101323.603	101323.6	101323.604	0.00420121456	0	0	0	0	0	3
220	1253	9.94390991	0.622649528	101323.603	101323.603	101323.6	101323.604	0.00420121456	0	0	0	0	0	3
221	1259	9.99099274	0.625479753	101323.603	101323.603	101323.6	101323.604	0.00420121456	0	0	0	0	0	3
222	1261	10	0.628309979	101323.603	101323.603	101323.601	101323.604	0.00380194481	0	0	0	0	0	3
