Iteration	CPUTime	PhysTime	Travels	Value	AvValue	MinValue	MaxValue	Delta	Criteria	PrevAvRefValue	Progress	CriteriaType	CriteriaVarType	CriteriaPercentage
1	15	0.0157367131	0.00283022513	293.149515	293.149515	293.149515	293.149515	0	0	0	0	0	0	3
2	18	0.0171275271	0.00566045026	293.149515	293.149515	293.149515	293.149515	1.30302169e-09	0	0	0	0	0	3
3	21	0.0186418555	0.00849067539	293.149515	293.149515	293.149515	293.149515	2.60132538e-09	0	0	0	0	0	3
4	24	0.0203472833	0.0113209005	293.149515	293.149515	293.149515	293.149515	3.87848331e-09	0	0	0	0	0	3
5	26	0.0223169321	0.0141511256	293.149515	293.149515	293.149515	293.149515	5.20839194e-09	0	0	0	0	0	3
6	29	0.025776523	0.0169813508	293.149515	293.149515	293.149515	293.149515	7.24719484e-09	0	0	0	0	0	3
7	31	0.0300953477	0.0198115759	293.149515	293.149515	293.149515	293.149515	9.31777322e-09	0	0	0	0	0	3
8	34	0.0353543883	0.022641801	293.149515	293.149515	293.149515	293.149515	1.13184342e-08	0	0	0	0	0	3
9	37	0.0416731116	0.0254720262	293.149515	293.149515	293.149515	293.149515	1.31955176e-08	0	0	0	0	0	3
10	40	0.0489393048	0.0283022513	293.149515	293.149515	293.149515	293.149515	1.48786512e-08	0	0	0	0	0	3
11	43	0.0608307924	0.0311324764	293.149515	293.149515	293.149515	293.149515	1.6986121e-08	0	0	0	0	0	3
12	47	0.0742832757	0.0339627015	293.149515	293.149515	293.149515	293.149515	1.87376372e-08	0	0	0	0	0	3
13	50	0.0888934139	0.0367929267	293.149515	293.149515	293.149515	293.149515	2.01866328e-08	0	0	0	0	0	3
14	54	0.103903665	0.0396231518	293.149515	293.149515	293.149515	293.149515	2.13629505e-08	0	0	0	0	0	3
15	57	0.119614349	0.0424533769	293.149515	293.149515	293.149515	293.149515	2.23670327e-08	0	0	0	0	0	3
16	61	0.143868823	0.0452836021	293.149515	293.149515	293.149515	293.149515	2.36744881e-08	0	0	0	0	0	3
17	65	0.169065419	0.0481138272	293.149515	293.149515	293.149515	293.149515	2.47838443e-08	0	0	0	0	0	3
18	69	0.195130833	0.0509440523	293.149515	293.149515	293.149515	293.149515	2.57614943e-08	0	0	0	0	0	3
19	73	0.221858083	0.0537742774	293.149515	293.149515	293.149515	293.149515	2.66318239e-08	0	0	0	0	0	3
20	77	0.248975633	0.0566045026	293.149515	293.149515	293.149515	293.149515	2.74160925e-08	0	0	0	0	0	3
21	81	0.289469642	0.0594347277	293.149515	293.149515	293.149515	293.149515	2.84961175e-08	0	0	0	0	0	3
22	85	0.330627226	0.0622649528	293.149515	293.149515	293.149515	293.149515	2.94676852e-08	0	0	0	0	0	3
23	90	0.372204063	0.065095178	293.149515	293.149515	293.149515	293.149515	3.03421643e-08	0	0	0	0	0	3
24	94	0.41431535	0.0679254031	293.149515	293.149515	293.149515	293.149515	3.11378017e-08	0	0	0	0	0	3
25	99	0.456914841	0.0707556282	293.149515	293.149515	293.149515	293.149515	3.18687512e-08	0	0	0	0	0	3
26	104	0.507078334	0.0735858533	293.149515	293.149515	293.149515	293.149515	3.26741656e-08	0	0	0	0	0	3
27	109	0.557280789	0.0764160785	293.149515	293.149515	293.149515	293.149515	3.34187575e-08	0	0	0	0	0	3
28	114	0.60661992	0.0792463036	293.149515	293.149515	293.149515	293.149515	3.40957627e-08	0	0	0	0	0	3
29	119	0.656187233	0.0820765287	293.149515	293.149515	293.149515	293.149515	3.47332616e-08	0	0	0	0	0	3
30	124	0.706064698	0.0849067539	293.149515	293.149515	293.149515	293.149515	3.53405198e-08	0	0	0	0	0	3
31	129	0.756728722	0.087736979	293.149515	293.149515	293.149515	293.149515	3.59315777e-08	0	0	0	0	0	3
32	134	0.80782032	0.0905672041	293.149515	293.149515	293.149515	293.149515	3.65082542e-08	0	0	0	0	0	3
33	139	0.858607072	0.0933974292	293.149515	293.149515	293.149515	293.149515	3.70677071e-08	0	0	0	0	0	3
34	144	0.908128111	0.0962276544	293.149515	293.149515	293.149515	293.149515	3.76056164e-08	0	0	0	0	0	3
35	149	0.956636082	0.0990578795	293.149515	293.149515	293.149515	293.149515	3.81308496e-08	0	0	0	0	0	3
36	154	1.00449967	0.101888105	293.149515	293.149515	293.149515	293.149515	3.86509669e-08	0	0	0	0	0	3
37	159	1.05190691	0.10471833	293.149515	293.149515	293.149515	293.149515	3.91710273e-08	0	0	0	0	0	3
38	164	1.09901514	0.107548555	293.149515	293.149515	293.149515	293.149515	3.96938162e-08	0	0	0	0	0	3
39	169	1.1456371	0.11037878	293.149515	293.149515	293.149515	293.149515	4.02179694e-08	0	0	0	0	0	3
40	174	1.19239643	0.113209005	293.149515	293.149515	293.149515	293.149515	4.07511038e-08	0	0	0	0	0	3
41	178	1.23918773	0.11603923	293.149515	293.149515	293.149515	293.149515	4.12915711e-08	0	0	0	0	0	3
42	183	1.28619097	0.118869455	293.149515	293.149515	293.149515	293.149515	4.18400532e-08	0	0	0	0	0	3
43	188	1.33380618	0.121699681	293.149515	293.149515	293.149515	293.149515	4.24012683e-08	0	0	0	0	0	3
44	194	1.38175979	0.124529906	293.149515	293.149515	293.149515	293.149515	4.29718057e-08	0	0	0	0	0	3
45	198	1.43045803	0.127360131	293.149515	293.149515	293.149515	293.149515	4.35572929e-08	0	0	0	0	0	3
46	203	1.48005364	0.130190356	293.149515	293.149515	293.149515	293.149515	4.41589805e-08	0	0	0	0	0	3
47	209	1.53069919	0.133020581	293.149515	293.149515	293.149515	293.149515	4.47803359e-08	0	0	0	0	0	3
48	214	1.58248752	0.135850806	293.149515	293.149515	293.149515	293.149515	4.54224391e-08	0	0	0	0	0	3
49	219	1.635287	0.138681031	293.149515	293.149515	293.149515	293.149515	4.60846081e-08	0	0	0	0	0	3
50	224	1.68896713	0.141511256	293.149516	293.149515	293.149515	293.149516	4.67647396e-08	0	0	0	0	0	3
51	229	1.74330523	0.144341482	293.149516	293.149515	293.149515	293.149516	4.74613557e-08	0	0	0	0	0	3
52	243	1.79813409	0.147171707	293.149516	293.149515	293.149515	293.149516	4.81878715e-08	0	0	0	0	0	3
53	248	1.85335704	0.150001932	293.149516	293.149515	293.149515	293.149516	4.89243348e-08	0	0	0	0	0	3
54	254	1.90892119	0.152832157	293.149516	293.149515	293.149515	293.149516	4.96717121e-08	0	0	0	0	0	3
55	260	1.96475654	0.155662382	293.149516	293.149515	293.149515	293.149516	5.04327318e-08	0	0	0	0	0	3
56	265	2.02082765	0.158492607	293.149516	293.149515	293.149515	293.149516	5.12029601e-08	0	0	0	0	0	3
57	270	2.07712305	0.161322832	293.149516	293.149515	293.149515	293.149516	5.19872287e-08	0	0	0	0	0	3
58	276	2.1336433	0.164153057	293.149516	293.149515	293.149515	293.149516	5.2787243e-08	0	0	0	0	0	3
59	281	2.19036633	0.166983283	293.149516	293.149515	293.149515	293.149516	5.36013545e-08	0	0	0	0	0	3
60	286	2.24717207	0.169813508	293.149516	293.149515	293.149515	293.149516	5.44303589e-08	0	0	0	0	0	3
61	292	2.30398559	0.172643733	293.149516	293.149515	293.149515	293.149516	5.52699362e-08	0	0	0	0	0	3
62	297	2.36078992	0.175473958	293.149516	293.149515	293.149515	293.149516	5.61266233e-08	0	0	0	0	0	3
63	303	2.41760717	0.178304183	293.149516	293.149515	293.149515	293.149516	5.70020688e-08	0	0	0	0	0	3
64	308	2.47443424	0.181134408	293.149516	293.149515	293.149515	293.149516	5.78969548e-08	0	0	0	0	0	3
65	314	2.53127303	0.183964633	293.149516	293.149515	293.149515	293.149516	5.88112243e-08	0	0	0	0	0	3
66	320	2.58811341	0.186794858	293.149516	293.149515	293.149515	293.149516	5.97459007e-08	0	0	0	0	0	3
67	326	2.64496141	0.189625084	293.149516	293.149515	293.149515	293.149516	6.07000743e-08	0	0	0	0	0	3
68	331	2.7017959	0.192455309	293.149516	293.149515	293.149515	293.149516	6.16748821e-08	0	0	0	0	0	3
69	337	2.75786377	0.195285534	293.149516	293.149515	293.149515	293.149516	6.26551468e-08	0	0	0	0	0	3
70	343	2.81279903	0.198115759	293.149516	293.149515	293.149515	293.149516	6.363382e-08	0	0	0	0	0	3
71	349	2.86706419	0.200945984	293.149516	293.149515	293.149515	293.149516	6.46177227e-08	0	0	0	0	0	3
72	354	2.92032831	0.203776209	293.149516	293.149515	293.149515	293.149516	6.56000907e-08	0	0	0	0	0	3
73	360	2.97235429	0.206606434	293.149516	293.149515	293.149515	293.149516	6.65753532e-08	0	0	0	0	0	3
74	365	3.02360956	0.20943666	293.149516	293.149516	293.149515	293.149516	6.75516958e-08	0	0	0	0	0	3
75	371	3.07456429	0.212266885	293.149516	293.149516	293.149515	293.149516	6.85383839e-08	0	0	0	0	0	3
76	377	3.12525218	0.21509711	293.149516	293.149516	293.149515	293.149516	6.95351332e-08	0	0	0	0	0	3
77	383	3.17562109	0.217927335	293.149516	293.149516	293.149515	293.149516	7.05396133e-08	0	0	0	0	0	3
78	389	3.22552863	0.22075756	293.149516	293.149516	293.149515	293.149516	7.15498913e-08	0	0	0	0	0	3
79	395	3.27507329	0.223587785	293.149516	293.149516	293.149515	293.149516	7.25674454e-08	0	0	0	0	0	3
80	402	3.32449625	0.22641801	293.149516	293.149516	293.149515	293.149516	7.35970502e-08	0	0	0	0	0	3
81	408	3.37358484	0.229248235	293.149516	293.149516	293.149515	293.149516	7.46340447e-08	0	0	0	0	0	3
82	414	3.42210374	0.232078461	293.149516	293.149516	293.149515	293.149516	7.56738245e-08	0	0	0	0	0	3
83	420	3.47038429	0.234908686	293.149516	293.149516	293.149515	293.149516	7.67229267e-08	0	0	0	0	0	3
84	426	3.51866618	0.237738911	293.149516	293.149516	293.149515	293.149516	7.7787206e-08	0	0	0	0	0	3
85	432	3.56678811	0.240569136	293.149516	293.149516	293.149515	293.149516	7.88626267e-08	0	0	0	0	0	3
86	439	3.61447099	0.243399361	293.149516	293.149516	293.149515	293.149516	7.99437316e-08	0	0	0	0	0	3
87	446	3.66170857	0.246229586	293.149516	293.149516	293.149515	293.149516	8.10298388e-08	0	0	0	0	0	3
88	451	3.70860864	0.249059811	293.149516	293.149516	293.149515	293.149516	8.21236767e-08	0	0	0	0	0	3
89	458	3.75531834	0.251890036	293.149516	293.149516	293.149515	293.149516	8.32295655e-08	0	0	0	0	0	3
90	464	3.801986	0.254720262	293.149516	293.149516	293.149515	293.149516	8.43500629e-08	0	0	0	0	0	3
91	470	3.84862805	0.257550487	293.149516	293.149516	293.149515	293.149516	8.54859081e-08	0	0	0	0	0	3
92	477	3.89518614	0.260380712	293.149516	293.149516	293.149515	293.149516	8.66362484e-08	0	0	0	0	0	3
93	484	3.94173654	0.263210937	293.149516	293.149516	293.149515	293.149516	8.78021069e-08	0	0	0	0	0	3
94	491	3.9882508	0.266041162	293.149516	293.149516	293.149515	293.149516	8.89834837e-08	0	0	0	0	0	3
95	497	4.03487727	0.268871387	293.149516	293.149516	293.149515	293.149516	9.01836188e-08	0	0	0	0	0	3
96	503	4.08173199	0.271701612	293.149516	293.149516	293.149515	293.149516	9.14057523e-08	0	0	0	0	0	3
97	510	4.12864979	0.274531837	293.149516	293.149516	293.149515	293.149516	9.26455073e-08	0	0	0	0	0	3
98	517	4.17577606	0.277362063	293.149516	293.149516	293.149515	293.149516	9.39068627e-08	0	0	0	0	0	3
99	523	4.22313946	0.280192288	293.149516	293.149516	293.149515	293.149516	9.51903303e-08	0	0	0	0	0	3
100	529	4.27078823	0.283022513	293.149516	293.149516	293.149515	293.149516	9.64969331e-08	0	0	0	0	0	3
101	537	4.31872145	0.285852738	293.149516	293.149516	293.149515	293.149516	9.78274102e-08	0	0	0	0	0	3
102	543	4.36693391	0.288682963	293.149516	293.149516	293.149515	293.149516	9.91818183e-08	0	0	0	0	0	3
103	550	4.41534792	0.291513188	293.149516	293.149516	293.149515	293.149516	1.00557259e-07	0	0	0	0	0	3
104	556	4.46391821	0.294343413	293.149516	293.149516	293.149515	293.149516	1.01952594e-07	0	0	0	0	0	3
105	563	4.51265453	0.297173638	293.149516	293.149516	293.149515	293.149516	1.03368563e-07	0	0	0	0	0	3
106	570	4.56154151	0.300003864	293.149516	293.149516	293.149515	293.149516	1.04803462e-07	0	0	0	0	0	3
107	576	4.61056721	0.302834089	293.149516	293.149516	293.149515	293.149516	1.06257573e-07	0	0	0	0	0	3
108	584	4.65971017	0.305664314	293.149516	293.149516	293.149515	293.149516	1.07730273e-07	0	0	0	0	0	3
109	590	4.70895586	0.308494539	293.149516	293.149516	293.149515	293.149516	1.09220878e-07	0	0	0	0	0	3
110	597	4.75818864	0.311324764	293.149516	293.149516	293.149515	293.149516	1.10725409e-07	0	0	0	0	0	3
111	604	4.8073396	0.314154989	293.149516	293.149516	293.149515	293.149516	1.12241935e-07	0	0	0	0	0	3
112	611	4.85641252	0.316985214	293.149516	293.149516	293.149515	293.149516	1.13770398e-07	0	0	0	0	0	3
113	617	4.90541113	0.31981544	293.149516	293.149516	293.149515	293.149516	1.15310741e-07	0	0	0	0	0	3
114	625	4.95433361	0.322645665	293.149516	293.149516	293.149515	293.149516	1.16862111e-07	0	0	0	0	0	3
115	632	5.00318057	0.32547589	293.149516	293.149516	293.149515	293.149516	1.18424111e-07	0	0	0	0	0	3
116	637	5.05197481	0.328306115	293.149516	293.149516	293.149515	293.149516	1.1999731e-07	0	0	0	0	0	3
117	644	5.10072654	0.33113634	293.149516	293.149516	293.149515	293.149516	1.21581991e-07	0	0	0	0	0	3
118	650	5.14942761	0.333966565	293.149516	293.149516	293.149515	293.149516	1.23177642e-07	0	0	0	0	0	3
119	657	5.19809449	0.33679679	293.149516	293.149516	293.149515	293.149516	1.24784776e-07	0	0	0	0	0	3
120	663	5.2467219	0.339627015	293.149516	293.149516	293.149515	293.149516	1.26401915e-07	0	0	0	0	0	3
121	670	5.29530064	0.342457241	293.149516	293.149516	293.149515	293.149516	1.28030194e-07	0	0	0	0	0	3
122	676	5.34382097	0.345287466	293.149516	293.149516	293.149515	293.149516	1.29667512e-07	0	0	0	0	0	3
123	682	5.39228728	0.348117691	293.149516	293.149516	293.149515	293.149516	1.31314778e-07	0	0	0	0	0	3
124	687	5.4407011	0.350947916	293.149516	293.149516	293.149515	293.149516	1.32971252e-07	0	0	0	0	0	3
125	694	5.48907064	0.353778141	293.149516	293.149516	293.149515	293.149516	1.34637958e-07	0	0	0	0	0	3
126	699	5.53740304	0.356608366	293.149516	293.149516	293.149515	293.149516	1.3631427e-07	0	0	0	0	0	3
127	706	5.58568872	0.359438591	293.149516	293.149516	293.149515	293.149516	1.37999791e-07	0	0	0	0	0	3
128	711	5.63391061	0.362268816	293.149516	293.149516	293.149515	293.149516	1.39693441e-07	0	0	0	0	0	3
129	717	5.68209824	0.365099042	293.149516	293.149516	293.149515	293.149516	1.41396697e-07	0	0	0	0	0	3
130	723	5.7302513	0.367929267	293.149516	293.149516	293.149515	293.149516	1.4310848e-07	0	0	0	0	0	3
131	729	5.77835834	0.370759492	293.149516	293.149516	293.149515	293.149516	1.44829414e-07	0	0	0	0	0	3
132	735	5.82641204	0.373589717	293.149516	293.149516	293.149515	293.149516	1.46557738e-07	0	0	0	0	0	3
133	740	5.87438789	0.376419942	293.149516	293.149516	293.149515	293.149516	1.48293168e-07	0	0	0	0	0	3
134	745	5.92231833	0.379250167	293.149516	293.149516	293.149515	293.149516	1.50036158e-07	0	0	0	0	0	3
135	751	5.97018903	0.382080392	293.149516	293.149516	293.149515	293.149516	1.51787106e-07	0	0	0	0	0	3
136	757	6.01800163	0.384910617	293.149516	293.149516	293.149515	293.149516	1.53544704e-07	0	0	0	0	0	3
137	763	6.06575758	0.387740843	293.149516	293.149516	293.149515	293.149516	1.5530901e-07	0	0	0	0	0	3
138	769	6.11345319	0.390571068	293.149516	293.149516	293.149515	293.149516	1.5707991e-07	0	0	0	0	0	3
139	775	6.16092593	0.393401293	293.149516	293.149516	293.149515	293.149516	1.58850526e-07	0	0	0	0	0	3
140	780	6.20829076	0.396231518	293.149516	293.149516	293.149515	293.149516	1.60625632e-07	0	0	0	0	0	3
141	786	6.25560335	0.399061743	293.149516	293.149516	293.149515	293.149516	1.62406991e-07	0	0	0	0	0	3
142	793	6.30284865	0.401891968	293.149516	293.149516	293.149515	293.149516	1.64193352e-07	0	0	0	0	0	3
143	799	6.35002872	0.404722193	293.149516	293.149516	293.149515	293.149516	1.65985057e-07	0	0	0	0	0	3
144	805	6.39713401	0.407552419	293.149516	293.149516	293.149515	293.149516	1.67781195e-07	0	0	0	0	0	3
145	811	6.44416819	0.410382644	293.149516	293.149516	293.149515	293.149516	1.69582052e-07	0	0	0	0	0	3
146	817	6.49113709	0.413212869	293.149516	293.149516	293.149515	293.149516	1.7138774e-07	0	0	0	0	0	3
147	822	6.53802047	0.416043094	293.149516	293.149516	293.149515	293.149516	1.73196213e-07	0	0	0	0	0	3
148	828	6.58484162	0.418873319	293.149516	293.149516	293.149515	293.149516	1.75009347e-07	0	0	0	0	0	3
149	834	6.63159445	0.421703544	293.149516	293.149516	293.149515	293.149516	1.76826006e-07	0	0	0	0	0	3
150	839	6.67826945	0.424533769	293.149516	293.149516	293.149515	293.149516	1.78646474e-07	0	0	0	0	0	3
151	845	6.72487269	0.427363994	293.149516	293.149516	293.149515	293.149516	1.80469726e-07	0	0	0	0	0	3
152	852	6.77141524	0.43019422	293.149516	293.149516	293.149515	293.149516	1.82297583e-07	0	0	0	0	0	3
153	857	6.81791214	0.433024445	293.149516	293.149516	293.149515	293.149516	1.84129078e-07	0	0	0	0	0	3
154	864	6.86436965	0.43585467	293.149516	293.149516	293.149515	293.149516	1.85965803e-07	0	0	0	0	0	3
155	870	6.9107948	0.438684895	293.149516	293.149516	293.149515	293.149516	1.87806677e-07	0	0	0	0	0	3
156	876	6.95720755	0.44151512	293.149516	293.149516	293.149515	293.149516	1.8965369e-07	0	0	0	0	0	3
157	881	7.00362557	0.444345345	293.149516	293.149516	293.149515	293.149516	1.91506103e-07	0	0	0	0	0	3
158	888	7.050035	0.44717557	293.149516	293.149516	293.149515	293.149516	1.93364485e-07	0	0	0	0	0	3
159	894	7.09645461	0.450005795	293.149516	293.149516	293.149515	293.149516	1.95228381e-07	0	0	0	0	0	3
160	900	7.14285048	0.452836021	293.149516	293.149516	293.149515	293.149516	1.97097279e-07	0	0	0	0	0	3
161	905	7.18923388	0.455666246	293.149516	293.149516	293.149515	293.149516	1.98970724e-07	0	0	0	0	0	3
162	912	7.23560607	0.458496471	293.149516	293.149516	293.149515	293.149516	2.00849684e-07	0	0	0	0	0	3
163	918	7.28195142	0.461326696	293.149516	293.149516	293.149515	293.149516	2.02732735e-07	0	0	0	0	0	3
164	923	7.32840111	0.464156921	293.149516	293.149516	293.149515	293.149516	2.04625792e-07	0	0	0	0	0	3
165	929	7.37473179	0.466987146	293.149516	293.149516	293.149515	293.149516	2.06518735e-07	0	0	0	0	0	3
166	936	7.42102354	0.469817371	293.149516	293.149516	293.149515	293.149516	2.08415713e-07	0	0	0	0	0	3
167	941	7.46741452	0.472647596	293.149516	293.149516	293.149515	293.149516	2.10321105e-07	0	0	0	0	0	3
168	947	7.51383255	0.475477822	293.149516	293.149516	293.149515	293.149516	2.12233488e-07	0	0	0	0	0	3
169	952	7.56026018	0.478308047	293.149516	293.149516	293.149515	293.149516	2.14150589e-07	0	0	0	0	0	3
170	959	7.60668239	0.481138272	293.149516	293.149516	293.149515	293.149516	2.16072749e-07	0	0	0	0	0	3
171	965	7.65311263	0.483968497	293.149516	293.149516	293.149515	293.149516	2.17999798e-07	0	0	0	0	0	3
172	970	7.69954438	0.486798722	293.149516	293.149516	293.149515	293.149516	2.1993219e-07	0	0	0	0	0	3
173	976	7.74597682	0.489628947	293.149516	293.149516	293.149515	293.149516	2.21869129e-07	0	0	0	0	0	3
174	983	7.79240163	0.492459172	293.149516	293.149516	293.149515	293.149516	2.23810844e-07	0	0	0	0	0	3
175	988	7.83882263	0.495289397	293.149516	293.149516	293.149515	293.149516	2.25756537e-07	0	0	0	0	0	3
176	995	7.88524487	0.498119623	293.149516	293.149516	293.149515	293.149516	2.27707119e-07	0	0	0	0	0	3
177	1001	7.93166567	0.500949848	293.149516	293.149516	293.149515	293.149516	2.29661907e-07	0	0	0	0	0	3
178	1007	7.97808867	0.503780073	293.149516	293.149516	293.149515	293.149516	2.30776152e-07	0	0	0	0	0	3
179	1012	8.02450827	0.506610298	293.149516	293.149516	293.149515	293.149516	2.31480499e-07	0	0	0	0	0	3
180	1018	8.07094281	0.509440523	293.149516	293.149516	293.149515	293.149516	2.32214973e-07	0	0	0	0	0	3
181	1024	8.1173949	0.512270748	293.149516	293.149516	293.149515	293.149516	2.329067e-07	0	0	0	0	0	3
182	1030	8.16385573	0.515100973	293.149516	293.149516	293.149515	293.149516	2.32901868e-07	0	0	0	0	0	3
183	1035	8.21032597	0.517931199	293.149516	293.149516	293.149515	293.149516	2.32910281e-07	0	0	0	0	0	3
184	1041	8.25681102	0.520761424	293.149516	293.149516	293.149515	293.149516	2.33017204e-07	0	0	0	0	0	3
185	1048	8.303314	0.523591649	293.149516	293.149516	293.149515	293.149516	2.33277717e-07	0	0	0	0	0	3
186	1054	8.3498384	0.526421874	293.149516	293.149516	293.149515	293.149516	2.33766855e-07	0	0	0	0	0	3
187	1060	8.39638194	0.529252099	293.149516	293.149516	293.149515	293.149516	2.33862636e-07	0	0	0	0	0	3
188	1066	8.44294284	0.532082324	293.149516	293.149516	293.149515	293.149516	2.34445565e-07	0	0	0	0	0	3
189	1072	8.48952638	0.534912549	293.149516	293.149516	293.149515	293.149516	2.353799e-07	0	0	0	0	0	3
190	1077	8.53613011	0.537742774	293.149516	293.149516	293.149515	293.149516	2.36625567e-07	0	0	0	0	0	3
191	1083	8.58274822	0.540573	293.149516	293.149516	293.149515	293.149516	2.38061602e-07	0	0	0	0	0	3
192	1089	8.62937799	0.543403225	293.149516	293.149516	293.149515	293.149516	2.39221038e-07	0	0	0	0	0	3
193	1095	8.67602173	0.54623345	293.149516	293.149516	293.149515	293.149516	2.40820896e-07	0	0	0	0	0	3
194	1101	8.72269821	0.549063675	293.149516	293.149516	293.149515	293.149516	2.42589181e-07	0	0	0	0	0	3
195	1106	8.76940906	0.5518939	293.149516	293.149516	293.149515	293.149516	2.44500029e-07	0	0	0	0	0	3
196	1112	8.8161534	0.554724125	293.149516	293.149516	293.149515	293.149516	2.46527293e-07	0	0	0	0	0	3
197	1118	8.86290747	0.55755435	293.149516	293.149516	293.149515	293.149516	2.48280685e-07	0	0	0	0	0	3
198	1123	8.9096783	0.560384575	293.149516	293.149516	293.149515	293.149516	2.50531684e-07	0	0	0	0	0	3
199	1131	8.95646409	0.563214801	293.149516	293.149516	293.149515	293.149516	2.52916095e-07	0	0	0	0	0	3
200	1136	9.00328072	0.566045026	293.149516	293.149516	293.149515	293.149516	2.55410271e-07	0	0	0	0	0	3
201	1143	9.0501146	0.568875251	293.149516	293.149516	293.149515	293.149516	2.58003524e-07	0	0	0	0	0	3
202	1148	9.09699669	0.571705476	293.149516	293.149516	293.149515	293.149516	2.60558124e-07	0	0	0	0	0	3
203	1154	9.14390825	0.574535701	293.149516	293.149516	293.149515	293.149516	2.63417689e-07	0	0	0	0	0	3
204	1160	9.19085845	0.577365926	293.149516	293.149516	293.149515	293.149516	2.66371728e-07	0	0	0	0	0	3
205	1166	9.23784632	0.580196151	293.149516	293.149516	293.149515	293.149516	2.69365387e-07	0	0	0	0	0	3
206	1171	9.28487307	0.583026376	293.149516	293.149516	293.149515	293.149516	2.7242254e-07	0	0	0	0	0	3
207	1177	9.3319181	0.585856602	293.149516	293.149516	293.149515	293.149516	2.75530908e-07	0	0	0	0	0	3
208	1183	9.37897338	0.588686827	293.149516	293.149516	293.149515	293.149516	2.78703396e-07	0	0	0	0	0	3
209	1189	9.42602163	0.591517052	293.149516	293.149516	293.149515	293.149516	2.81931307e-07	0	0	0	0	0	3
210	1195	9.4730627	0.594347277	293.149516	293.149516	293.149515	293.149516	2.85195711e-07	0	0	0	0	0	3
211	1201	9.52009873	0.597177502	293.149516	293.149516	293.149515	293.149516	2.88456079e-07	0	0	0	0	0	3
212	1206	9.56714578	0.600007727	293.149516	293.149516	293.149515	293.149516	2.91712297e-07	0	0	0	0	0	3
213	1212	9.61421063	0.602837952	293.149516	293.149516	293.149515	293.149516	2.94970164e-07	0	0	0	0	0	3
214	1218	9.6612907	0.605668178	293.149516	293.149516	293.149515	293.149516	2.98232294e-07	0	0	0	0	0	3
215	1224	9.70839094	0.608498403	293.149516	293.149516	293.149515	293.149516	3.01504713e-07	0	0	0	0	0	3
216	1229	9.75549748	0.611328628	293.149516	293.149516	293.149515	293.149516	3.04772755e-07	0	0	0	0	0	3
217	1235	9.80259874	0.614158853	293.149516	293.149516	293.149515	293.149516	3.08058134e-07	0	0	0	0	0	3
218	1240	9.84970544	0.616989078	293.149516	293.149516	293.149515	293.149516	3.11357098e-07	0	0	0	0	0	3
219	1246	9.8968128	0.619819303	293.149516	293.149516	293.149515	293.149516	3.14671183e-07	0	0	0	0	0	3
220	1253	9.94390991	0.622649528	293.149516	293.149516	293.149515	293.149516	3.18017271e-07	0	0	0	0	0	3
221	1259	9.99099274	0.625479753	293.149516	293.149516	293.149515	293.149516	3.21380753e-07	0	0	0	0	0	3
222	1261	10	0.628309979	293.149516	293.149516	293.149515	293.149516	3.2294281e-07	0	0	0	0	0	3
