Iteration	CPUTime	PhysTime	Travels	Value	AvValue	MinValue	MaxValue	Delta	Criteria	PrevAvRefValue	Progress	CriteriaType	CriteriaVarType	CriteriaPercentage
1	15	0.0157367131	0.00283022513	1	1	1	1	0	0	0	0	0	0	3
2	18	0.0171275271	0.00566045026	1	1	1	1	0	0	0	0	0	0	3
3	21	0.0186418555	0.00849067539	1	1	1	1	0	0	0	0	0	0	3
4	24	0.0203472833	0.0113209005	1	1	1	1	0	0	0	0	0	0	3
5	26	0.0223169321	0.0141511256	1	1	1	1	0	0	0	0	0	0	3
6	29	0.025776523	0.0169813508	1	1	1	1	0	0	0	0	0	0	3
7	31	0.0300953477	0.0198115759	1	1	1	1	0	0	0	0	0	0	3
8	34	0.0353543883	0.022641801	1	1	1	1	0	0	0	0	0	0	3
9	37	0.0416731116	0.0254720262	1	1	1	1	0	0	0	0	0	0	3
10	40	0.0489393048	0.0283022513	1	1	1	1	0	0	0	0	0	0	3
11	43	0.0608307924	0.0311324764	1	1	1	1	0	0	0	0	0	0	3
12	47	0.0742832757	0.0339627015	1	1	1	1	0	0	0	0	0	0	3
13	50	0.0888934139	0.0367929267	1	1	1	1	0	0	0	0	0	0	3
14	54	0.103903665	0.0396231518	1	1	1	1	0	0	0	0	0	0	3
15	57	0.119614349	0.0424533769	1	1	1	1	0	0	0	0	0	0	3
16	61	0.143868823	0.0452836021	1	1	1	1	0	0	0	0	0	0	3
17	65	0.169065419	0.0481138272	1	1	1	1	0	0	0	0	0	0	3
18	69	0.195130833	0.0509440523	1	1	1	1	0	0	0	0	0	0	3
19	73	0.221858083	0.0537742774	1	1	1	1	0	0	0	0	0	0	3
20	77	0.248975633	0.0566045026	1	1	1	1	0	0	0	0	0	0	3
21	81	0.289469642	0.0594347277	1	1	1	1	0	0	0	0	0	0	3
22	85	0.330627226	0.0622649528	1	1	1	1	0	0	0	0	0	0	3
23	90	0.372204063	0.065095178	1	1	1	1	0	0	0	0	0	0	3
24	94	0.41431535	0.0679254031	1	1	1	1	0	0	0	0	0	0	3
25	99	0.456914841	0.0707556282	1	1	1	1	0	0	0	0	0	0	3
26	104	0.507078334	0.0735858533	1	1	1	1	0	0	0	0	0	0	3
27	109	0.557280789	0.0764160785	1	1	1	1	0	0	0	0	0	0	3
28	114	0.60661992	0.0792463036	1	1	1	1	0	0	0	0	0	0	3
29	119	0.656187233	0.0820765287	1	1	1	1	0	0	0	0	0	0	3
30	124	0.706064698	0.0849067539	1	1	1	1	0	0	0	0	0	0	3
31	129	0.756728722	0.087736979	1	1	1	1	0	0	0	0	0	0	3
32	134	0.80782032	0.0905672041	1	1	1	1	0	0	0	0	0	0	3
33	139	0.858607072	0.0933974292	1	1	1	1	0	0	0	0	0	0	3
34	144	0.908128111	0.0962276544	1	1	1	1	0	0	0	0	0	0	3
35	149	0.956636082	0.0990578795	1	1	1	1	0	0	0	0	0	0	3
36	154	1.00449967	0.101888105	1	1	1	1	0	0	0	0	0	0	3
37	159	1.05190691	0.10471833	1	1	1	1	0	0	0	0	0	0	3
38	164	1.09901514	0.107548555	1	1	1	1	0	0	0	0	0	0	3
39	169	1.1456371	0.11037878	1	1	1	1	0	0	0	0	0	0	3
40	174	1.19239643	0.113209005	1	1	1	1	0	0	0	0	0	0	3
41	178	1.23918773	0.11603923	1	1	1	1	0	0	0	0	0	0	3
42	183	1.28619097	0.118869455	1	1	1	1	0	0	0	0	0	0	3
43	188	1.33380618	0.121699681	1	1	1	1	0	0	0	0	0	0	3
44	194	1.38175979	0.124529906	1	1	1	1	0	0	0	0	0	0	3
45	198	1.43045803	0.127360131	1	1	1	1	0	0	0	0	0	0	3
46	203	1.48005364	0.130190356	1	1	1	1	0	0	0	0	0	0	3
47	209	1.53069919	0.133020581	1	1	1	1	0	0	0	0	0	0	3
48	214	1.58248752	0.135850806	1	1	1	1	0	0	0	0	0	0	3
49	219	1.635287	0.138681031	1	1	1	1	0	0	0	0	0	0	3
50	224	1.68896713	0.141511256	1	1	1	1	0	0	0	0	0	0	3
51	229	1.74330523	0.144341482	1	1	1	1	0	0	0	0	0	0	3
52	243	1.79813409	0.147171707	1	1	1	1	0	0	0	0	0	0	3
53	248	1.85335704	0.150001932	1	1	1	1	0	0	0	0	0	0	3
54	254	1.90892119	0.152832157	1	1	1	1	0	0	0	0	0	0	3
55	260	1.96475654	0.155662382	1	1	1	1	0	0	0	0	0	0	3
56	265	2.02082765	0.158492607	1	1	1	1	0	0	0	0	0	0	3
57	270	2.07712305	0.161322832	1	1	1	1	0	0	0	0	0	0	3
58	276	2.1336433	0.164153057	1	1	1	1	0	0	0	0	0	0	3
59	281	2.19036633	0.166983283	1	1	1	1	0	0	0	0	0	0	3
60	286	2.24717207	0.169813508	1	1	1	1	0	0	0	0	0	0	3
61	292	2.30398559	0.172643733	1	1	1	1	0	0	0	0	0	0	3
62	297	2.36078992	0.175473958	1	1	1	1	0	0	0	0	0	0	3
63	303	2.41760717	0.178304183	1	1	1	1	0	0	0	0	0	0	3
64	308	2.47443424	0.181134408	1	1	1	1	0	0	0	0	0	0	3
65	314	2.53127303	0.183964633	1	1	1	1	0	0	0	0	0	0	3
66	320	2.58811341	0.186794858	1	1	1	1	0	0	0	0	0	0	3
67	326	2.64496141	0.189625084	1	1	1	1	0	0	0	0	0	0	3
68	331	2.7017959	0.192455309	1	1	1	1	0	0	0	0	0	0	3
69	337	2.75786377	0.195285534	1	1	1	1	0	0	0	0	0	0	3
70	343	2.81279903	0.198115759	1	1	1	1	0	0	0	0	0	0	3
71	349	2.86706419	0.200945984	1	1	1	1	0	0	0	0	0	0	3
72	354	2.92032831	0.203776209	1	1	1	1	0	0	0	0	0	0	3
73	360	2.97235429	0.206606434	1	1	1	1	0	0	0	0	0	0	3
74	365	3.02360956	0.20943666	1	1	1	1	0	0	0	0	0	0	3
75	371	3.07456429	0.212266885	1	1	1	1	0	0	0	0	0	0	3
76	377	3.12525218	0.21509711	1	1	1	1	0	0	0	0	0	0	3
77	383	3.17562109	0.217927335	1	1	1	1	0	0	0	0	0	0	3
78	389	3.22552863	0.22075756	1	1	1	1	0	0	0	0	0	0	3
79	395	3.27507329	0.223587785	1	1	1	1	0	0	0	0	0	0	3
80	402	3.32449625	0.22641801	1	1	1	1	0	0	0	0	0	0	3
81	408	3.37358484	0.229248235	1	1	1	1	0	0	0	0	0	0	3
82	414	3.42210374	0.232078461	1	1	1	1	0	0	0	0	0	0	3
83	420	3.47038429	0.234908686	1	1	1	1	0	0	0	0	0	0	3
84	426	3.51866618	0.237738911	1	1	1	1	0	0	0	0	0	0	3
85	432	3.56678811	0.240569136	1	1	1	1	0	0	0	0	0	0	3
86	439	3.61447099	0.243399361	1	1	1	1	0	0	0	0	0	0	3
87	446	3.66170857	0.246229586	1	1	1	1	0	0	0	0	0	0	3
88	451	3.70860864	0.249059811	1	1	1	1	0	0	0	0	0	0	3
89	458	3.75531834	0.251890036	1	1	1	1	0	0	0	0	0	0	3
90	464	3.801986	0.254720262	1	1	1	1	0	0	0	0	0	0	3
91	470	3.84862805	0.257550487	1	1	1	1	0	0	0	0	0	0	3
92	477	3.89518614	0.260380712	1	1	1	1	0	0	0	0	0	0	3
93	484	3.94173654	0.263210937	1	1	1	1	0	0	0	0	0	0	3
94	491	3.9882508	0.266041162	1	1	1	1	0	0	0	0	0	0	3
95	497	4.03487727	0.268871387	1	1	1	1	0	0	0	0	0	0	3
96	503	4.08173199	0.271701612	1	1	1	1	0	0	0	0	0	0	3
97	510	4.12864979	0.274531837	1	1	1	1	0	0	0	0	0	0	3
98	517	4.17577606	0.277362063	1	1	1	1	0	0	0	0	0	0	3
99	523	4.22313946	0.280192288	1	1	1	1	0	0	0	0	0	0	3
100	529	4.27078823	0.283022513	1	1	1	1	0	0	0	0	0	0	3
101	537	4.31872145	0.285852738	1	1	1	1	0	0	0	0	0	0	3
102	543	4.36693391	0.288682963	1	1	1	1	0	0	0	0	0	0	3
103	550	4.41534792	0.291513188	1	1	1	1	0	0	0	0	0	0	3
104	556	4.46391821	0.294343413	1	1	1	1	0	0	0	0	0	0	3
105	563	4.51265453	0.297173638	1	1	1	1	0	0	0	0	0	0	3
106	570	4.56154151	0.300003864	1	1	1	1	0	0	0	0	0	0	3
107	576	4.61056721	0.302834089	1	1	1	1	0	0	0	0	0	0	3
108	584	4.65971017	0.305664314	1	1	1	1	0	0	0	0	0	0	3
109	590	4.70895586	0.308494539	1	1	1	1	0	0	0	0	0	0	3
110	597	4.75818864	0.311324764	1	1	1	1	0	0	0	0	0	0	3
111	604	4.8073396	0.314154989	1	1	1	1	0	0	0	0	0	0	3
112	611	4.85641252	0.316985214	1	1	1	1	0	0	0	0	0	0	3
113	617	4.90541113	0.31981544	1	1	1	1	0	0	0	0	0	0	3
114	625	4.95433361	0.322645665	1	1	1	1	0	0	0	0	0	0	3
115	632	5.00318057	0.32547589	1	1	1	1	0	0	0	0	0	0	3
116	637	5.05197481	0.328306115	1	1	1	1	0	0	0	0	0	0	3
117	644	5.10072654	0.33113634	1	1	1	1	0	0	0	0	0	0	3
118	650	5.14942761	0.333966565	1	1	1	1	0	0	0	0	0	0	3
119	657	5.19809449	0.33679679	1	1	1	1	0	0	0	0	0	0	3
120	663	5.2467219	0.339627015	1	1	1	1	0	0	0	0	0	0	3
121	670	5.29530064	0.342457241	1	1	1	1	0	0	0	0	0	0	3
122	676	5.34382097	0.345287466	1	1	1	1	0	0	0	0	0	0	3
123	682	5.39228728	0.348117691	1	1	1	1	0	0	0	0	0	0	3
124	687	5.4407011	0.350947916	1	1	1	1	0	0	0	0	0	0	3
125	694	5.48907064	0.353778141	1	1	1	1	0	0	0	0	0	0	3
126	699	5.53740304	0.356608366	1	1	1	1	0	0	0	0	0	0	3
127	706	5.58568872	0.359438591	1	1	1	1	0	0	0	0	0	0	3
128	711	5.63391061	0.362268816	1	1	1	1	0	0	0	0	0	0	3
129	717	5.68209824	0.365099042	1	1	1	1	0	0	0	0	0	0	3
130	723	5.7302513	0.367929267	1	1	1	1	0	0	0	0	0	0	3
131	729	5.77835834	0.370759492	1	1	1	1	0	0	0	0	0	0	3
132	735	5.82641204	0.373589717	1	1	1	1	0	0	0	0	0	0	3
133	740	5.87438789	0.376419942	1	1	1	1	0	0	0	0	0	0	3
134	745	5.92231833	0.379250167	1	1	1	1	0	0	0	0	0	0	3
135	751	5.97018903	0.382080392	1	1	1	1	0	0	0	0	0	0	3
136	757	6.01800163	0.384910617	1	1	1	1	0	0	0	0	0	0	3
137	763	6.06575758	0.387740843	1	1	1	1	0	0	0	0	0	0	3
138	769	6.11345319	0.390571068	1	1	1	1	0	0	0	0	0	0	3
139	775	6.16092593	0.393401293	1	1	1	1	0	0	0	0	0	0	3
140	780	6.20829076	0.396231518	1	1	1	1	0	0	0	0	0	0	3
141	786	6.25560335	0.399061743	1	1	1	1	0	0	0	0	0	0	3
142	793	6.30284865	0.401891968	1	1	1	1	0	0	0	0	0	0	3
143	799	6.35002872	0.404722193	1	1	1	1	0	0	0	0	0	0	3
144	805	6.39713401	0.407552419	1	1	1	1	0	0	0	0	0	0	3
145	811	6.44416819	0.410382644	1	1	1	1	0	0	0	0	0	0	3
146	817	6.49113709	0.413212869	1	1	1	1	0	0	0	0	0	0	3
147	822	6.53802047	0.416043094	1	1	1	1	0	0	0	0	0	0	3
148	828	6.58484162	0.418873319	1	1	1	1	0	0	0	0	0	0	3
149	834	6.63159445	0.421703544	1	1	1	1	0	0	0	0	0	0	3
150	839	6.67826945	0.424533769	1	1	1	1	0	0	0	0	0	0	3
151	845	6.72487269	0.427363994	1	1	1	1	0	0	0	0	0	0	3
152	852	6.77141524	0.43019422	1	1	1	1	0	0	0	0	0	0	3
153	857	6.81791214	0.433024445	1	1	1	1	0	0	0	0	0	0	3
154	864	6.86436965	0.43585467	1	1	1	1	0	0	0	0	0	0	3
155	870	6.9107948	0.438684895	1	1	1	1	0	0	0	0	0	0	3
156	876	6.95720755	0.44151512	1	1	1	1	0	0	0	0	0	0	3
157	881	7.00362557	0.444345345	1	1	1	1	0	0	0	0	0	0	3
158	888	7.050035	0.44717557	1	1	1	1	0	0	0	0	0	0	3
159	894	7.09645461	0.450005795	1	1	1	1	0	0	0	0	0	0	3
160	900	7.14285048	0.452836021	1	1	1	1	0	0	0	0	0	0	3
161	905	7.18923388	0.455666246	1	1	1	1	0	0	0	0	0	0	3
162	912	7.23560607	0.458496471	1	1	1	1	0	0	0	0	0	0	3
163	918	7.28195142	0.461326696	1	1	1	1	0	0	0	0	0	0	3
164	923	7.32840111	0.464156921	1	1	1	1	0	0	0	0	0	0	3
165	929	7.37473179	0.466987146	1	1	1	1	0	0	0	0	0	0	3
166	936	7.42102354	0.469817371	1	1	1	1	0	0	0	0	0	0	3
167	941	7.46741452	0.472647596	1	1	1	1	0	0	0	0	0	0	3
168	947	7.51383255	0.475477822	1	1	1	1	0	0	0	0	0	0	3
169	952	7.56026018	0.478308047	1	1	1	1	0	0	0	0	0	0	3
170	959	7.60668239	0.481138272	1	1	1	1	0	0	0	0	0	0	3
171	965	7.65311263	0.483968497	1	1	1	1	0	0	0	0	0	0	3
172	970	7.69954438	0.486798722	1	1	1	1	0	0	0	0	0	0	3
173	976	7.74597682	0.489628947	1	1	1	1	0	0	0	0	0	0	3
174	983	7.79240163	0.492459172	1	1	1	1	0	0	0	0	0	0	3
175	988	7.83882263	0.495289397	1	1	1	1	0	0	0	0	0	0	3
176	995	7.88524487	0.498119623	1	1	1	1	0	0	0	0	0	0	3
177	1001	7.93166567	0.500949848	1	1	1	1	0	0	0	0	0	0	3
178	1007	7.97808867	0.503780073	1	1	1	1	0	0	0	0	0	0	3
179	1012	8.02450827	0.506610298	1	1	1	1	0	0	0	0	0	0	3
180	1018	8.07094281	0.509440523	1	1	1	1	0	0	0	0	0	0	3
181	1024	8.1173949	0.512270748	1	1	1	1	0	0	0	0	0	0	3
182	1030	8.16385573	0.515100973	1	1	1	1	0	0	0	0	0	0	3
183	1035	8.21032597	0.517931199	1	1	1	1	0	0	0	0	0	0	3
184	1041	8.25681102	0.520761424	1	1	1	1	0	0	0	0	0	0	3
185	1048	8.303314	0.523591649	1	1	1	1	0	0	0	0	0	0	3
186	1054	8.3498384	0.526421874	1	1	1	1	0	0	0	0	0	0	3
187	1060	8.39638194	0.529252099	1	1	1	1	0	0	0	0	0	0	3
188	1066	8.44294284	0.532082324	1	1	1	1	0	0	0	0	0	0	3
189	1072	8.48952638	0.534912549	1	1	1	1	0	0	0	0	0	0	3
190	1077	8.53613011	0.537742774	1	1	1	1	0	0	0	0	0	0	3
191	1083	8.58274822	0.540573	1	1	1	1	0	0	0	0	0	0	3
192	1089	8.62937799	0.543403225	1	1	1	1	0	0	0	0	0	0	3
193	1095	8.67602173	0.54623345	1	1	1	1	0	0	0	0	0	0	3
194	1101	8.72269821	0.549063675	1	1	1	1	0	0	0	0	0	0	3
195	1106	8.76940906	0.5518939	1	1	1	1	0	0	0	0	0	0	3
196	1112	8.8161534	0.554724125	1	1	1	1	0	0	0	0	0	0	3
197	1118	8.86290747	0.55755435	1	1	1	1	0	0	0	0	0	0	3
198	1123	8.9096783	0.560384575	1	1	1	1	0	0	0	0	0	0	3
199	1131	8.95646409	0.563214801	1	1	1	1	0	0	0	0	0	0	3
200	1136	9.00328072	0.566045026	1	1	1	1	0	0	0	0	0	0	3
201	1143	9.0501146	0.568875251	1	1	1	1	0	0	0	0	0	0	3
202	1148	9.09699669	0.571705476	1	1	1	1	0	0	0	0	0	0	3
203	1154	9.14390825	0.574535701	1	1	1	1	0	0	0	0	0	0	3
204	1160	9.19085845	0.577365926	1	1	1	1	0	0	0	0	0	0	3
205	1166	9.23784632	0.580196151	1	1	1	1	0	0	0	0	0	0	3
206	1171	9.28487307	0.583026376	1	1	1	1	0	0	0	0	0	0	3
207	1177	9.3319181	0.585856602	1	1	1	1	0	0	0	0	0	0	3
208	1183	9.37897338	0.588686827	1	1	1	1	0	0	0	0	0	0	3
209	1189	9.42602163	0.591517052	1	1	1	1	0	0	0	0	0	0	3
210	1195	9.4730627	0.594347277	1	1	1	1	0	0	0	0	0	0	3
211	1201	9.52009873	0.597177502	1	1	1	1	0	0	0	0	0	0	3
212	1206	9.56714578	0.600007727	1	1	1	1	0	0	0	0	0	0	3
213	1212	9.61421063	0.602837952	1	1	1	1	0	0	0	0	0	0	3
214	1218	9.6612907	0.605668178	1	1	1	1	0	0	0	0	0	0	3
215	1224	9.70839094	0.608498403	1	1	1	1	0	0	0	0	0	0	3
216	1229	9.75549748	0.611328628	1	1	1	1	0	0	0	0	0	0	3
217	1235	9.80259874	0.614158853	1	1	1	1	0	0	0	0	0	0	3
218	1240	9.84970544	0.616989078	1	1	1	1	0	0	0	0	0	0	3
219	1246	9.8968128	0.619819303	1	1	1	1	0	0	0	0	0	0	3
220	1253	9.94390991	0.622649528	1	1	1	1	0	0	0	0	0	0	3
221	1259	9.99099274	0.625479753	1	1	1	1	0	0	0	0	0	0	3
222	1261	10	0.628309979	1	1	1	1	0	0	0	0	0	0	3
