Iteration	CPUTime	PhysTime	Travels	Value	AvValue	MinValue	MaxValue	Delta	Criteria	PrevAvRefValue	Progress	CriteriaType	CriteriaVarType	CriteriaPercentage
1	15	0.0157367131	0.00283022513	7.12933463e-08	7.12933463e-08	7.12933463e-08	7.12933463e-08	0	0	0	0	0	0	3
2	18	0.0171275271	0.00566045026	4.21671386e-08	6.89281981e-08	4.21671386e-08	7.12933463e-08	2.36514817e-09	0	0	0	0	0	3
3	21	0.0186418555	0.00849067539	-4.08832575e-08	6.00079166e-08	-4.08832575e-08	7.12933463e-08	1.12854297e-08	0	0	0	0	0	3
4	24	0.0203472833	0.0113209005	-4.46330047e-08	5.12373335e-08	-4.46330047e-08	7.12933463e-08	2.00560127e-08	0	0	0	0	0	3
5	26	0.0223169321	0.0141511256	-4.2186707e-08	4.29919104e-08	-4.46330047e-08	7.12933463e-08	2.83014359e-08	0	0	0	0	0	3
6	29	0.025776523	0.0169813508	-3.9726104e-08	3.18899285e-08	-4.46330047e-08	7.12933463e-08	3.94034177e-08	0	0	0	0	0	3
7	31	0.0300953477	0.0198115759	-3.72741627e-08	2.19645543e-08	-4.46330047e-08	7.12933463e-08	4.93287919e-08	0	0	0	0	0	3
8	34	0.0353543883	0.022641801	-3.80041038e-08	1.30440888e-08	-4.46330047e-08	7.12933463e-08	5.82492575e-08	0	0	0	0	0	3
9	37	0.0416731116	0.0254720262	-3.84168085e-08	5.24128348e-09	-4.46330047e-08	7.12933463e-08	6.60520628e-08	0	0	0	0	0	3
10	40	0.0489393048	0.0283022513	-4.02704119e-08	-1.51600027e-09	-4.46330047e-08	7.12933463e-08	7.28093466e-08	0	0	0	0	0	3
11	43	0.0608307924	0.0311324764	-4.02372309e-08	-9.08540743e-09	-4.46330047e-08	7.12933463e-08	8.03787537e-08	0	0	0	0	0	3
12	47	0.0742832757	0.0339627015	-4.15431459e-08	-1.49634086e-08	-4.46330047e-08	7.12933463e-08	8.62567549e-08	0	0	0	0	0	3
13	50	0.0888934139	0.0367929267	-4.03869383e-08	-1.91419103e-08	-4.46330047e-08	7.12933463e-08	9.04352566e-08	0	0	0	0	0	3
14	54	0.103903665	0.0396231518	-3.85943827e-08	-2.19520758e-08	-4.46330047e-08	7.12933463e-08	9.3245422e-08	0	0	0	0	0	3
15	57	0.119614349	0.0424533769	-3.65100194e-08	-2.38641813e-08	-4.46330047e-08	7.12933463e-08	9.51575276e-08	0	0	0	0	0	3
16	61	0.143868823	0.0452836021	-3.6626792e-08	-2.60157969e-08	-4.46330047e-08	7.12933463e-08	9.73091432e-08	0	0	0	0	0	3
17	65	0.169065419	0.0481138272	-3.64888457e-08	-2.75766435e-08	-4.46330047e-08	7.12933463e-08	9.88699898e-08	0	0	0	0	0	3
18	69	0.195130833	0.0509440523	-3.84088448e-08	-2.90235999e-08	-4.46330047e-08	7.12933463e-08	1.00316946e-07	0	0	0	0	0	3
19	73	0.221858083	0.0537742774	-3.66403786e-08	-2.99411935e-08	-4.46330047e-08	7.12933463e-08	1.0123454e-07	0	0	0	0	0	3
20	77	0.248975633	0.0566045026	-3.66626587e-08	-3.06732718e-08	-4.46330047e-08	7.12933463e-08	1.01966618e-07	0	0	0	0	0	3
21	81	0.289469642	0.0594347277	-3.64303033e-08	-3.1478625e-08	-4.46330047e-08	7.12933463e-08	1.02771971e-07	0	0	0	0	0	3
22	85	0.330627226	0.0622649528	-3.67257153e-08	-3.21318004e-08	-4.46330047e-08	7.12933463e-08	1.03425147e-07	0	0	0	0	0	3
23	90	0.372204063	0.065095178	-3.6566944e-08	-3.26272255e-08	-4.46330047e-08	7.12933463e-08	1.03920572e-07	0	0	0	0	0	3
24	94	0.41431535	0.0679254031	-3.64212132e-08	-3.30128489e-08	-4.46330047e-08	7.12933463e-08	1.04306195e-07	0	0	0	0	0	3
25	99	0.456914841	0.0707556282	-3.63848903e-08	-3.33272341e-08	-4.46330047e-08	7.12933463e-08	1.0462058e-07	0	0	0	0	0	3
26	104	0.507078334	0.0735858533	-3.6383728e-08	-3.36296024e-08	-4.46330047e-08	7.12933463e-08	1.04922949e-07	0	0	0	0	0	3
27	109	0.557280789	0.0764160785	-3.6425308e-08	-3.38814526e-08	-4.46330047e-08	7.12933463e-08	1.05174799e-07	0	0	0	0	0	3
28	114	0.60661992	0.0792463036	-3.63971595e-08	-3.40860664e-08	-4.46330047e-08	7.12933463e-08	1.05379413e-07	0	0	0	0	0	3
29	119	0.656187233	0.0820765287	-3.64281256e-08	-3.42629817e-08	-4.46330047e-08	7.12933463e-08	1.05556328e-07	0	0	0	0	0	3
30	124	0.706064698	0.0849067539	-3.64943039e-08	-3.44206056e-08	-4.46330047e-08	7.12933463e-08	1.05713952e-07	0	0	0	0	0	3
31	129	0.756728722	0.087736979	-3.6686337e-08	-3.45722994e-08	-4.46330047e-08	7.12933463e-08	1.05865646e-07	0	0	0	0	0	3
32	134	0.80782032	0.0905672041	-3.64716464e-08	-3.4692426e-08	-4.46330047e-08	7.12933463e-08	1.05985772e-07	0	0	0	0	0	3
33	139	0.858607072	0.0933974292	-3.66046387e-08	-3.48055337e-08	-4.46330047e-08	7.12933463e-08	1.0609888e-07	0	0	0	0	0	3
34	144	0.908128111	0.0962276544	-3.67641905e-08	-3.4912341e-08	-4.46330047e-08	7.12933463e-08	1.06205687e-07	0	0	0	0	0	3
35	149	0.956636082	0.0990578795	-3.64896787e-08	-3.49923228e-08	-4.46330047e-08	7.12933463e-08	1.06285669e-07	0	0	0	0	0	3
36	154	1.00449967	0.101888105	-3.65106105e-08	-3.50646679e-08	-4.46330047e-08	7.12933463e-08	1.06358014e-07	0	0	0	0	0	3
37	159	1.05190691	0.10471833	-3.67672326e-08	-3.5141399e-08	-4.46330047e-08	7.12933463e-08	1.06434745e-07	0	0	0	0	0	3
38	164	1.09901514	0.107548555	-3.66189804e-08	-3.52047341e-08	-4.46330047e-08	7.12933463e-08	1.0649808e-07	0	0	0	0	0	3
39	169	1.1456371	0.11037878	-3.63351745e-08	-3.52507376e-08	-4.46330047e-08	7.12933463e-08	1.06544084e-07	0	0	0	0	0	3
40	174	1.19239643	0.113209005	-3.65406302e-08	-3.53013202e-08	-4.46330047e-08	7.12933463e-08	1.06594666e-07	0	0	0	0	0	3
41	178	1.23918773	0.11603923	-3.68265169e-08	-3.53589111e-08	-4.46330047e-08	7.12933463e-08	1.06652257e-07	0	0	0	0	0	3
42	183	1.28619097	0.118869455	-3.64310193e-08	-3.53980908e-08	-4.46330047e-08	7.12933463e-08	1.06691437e-07	0	0	0	0	0	3
43	188	1.33380618	0.121699681	-3.6812817e-08	-3.54485948e-08	-4.46330047e-08	7.12933463e-08	1.06741941e-07	0	0	0	0	0	3
44	194	1.38175979	0.124529906	-3.70920554e-08	-3.55056306e-08	-4.46330047e-08	7.12933463e-08	1.06798977e-07	0	0	0	0	0	3
45	198	1.43045803	0.127360131	-3.6445914e-08	-3.55376414e-08	-4.46330047e-08	7.12933463e-08	1.06830988e-07	0	0	0	0	0	3
46	203	1.48005364	0.130190356	-3.66574774e-08	-3.55751664e-08	-4.46330047e-08	7.12933463e-08	1.06868513e-07	0	0	0	0	0	3
47	209	1.53069919	0.133020581	-3.71082547e-08	-3.5625891e-08	-4.46330047e-08	7.12933463e-08	1.06919237e-07	0	0	0	0	0	3
48	214	1.58248752	0.135850806	-3.69009195e-08	-3.56676174e-08	-4.46330047e-08	7.12933463e-08	1.06960964e-07	0	0	0	0	0	3
49	219	1.635287	0.138681031	-3.7087169e-08	-3.57134514e-08	-4.46330047e-08	7.12933463e-08	1.07006798e-07	0	0	0	0	0	3
50	224	1.68896713	0.141511256	-3.72583093e-08	-3.57625513e-08	-4.46330047e-08	7.12933463e-08	1.07055898e-07	0	0	0	0	0	3
51	229	1.74330523	0.144341482	-3.72265791e-08	-3.58081844e-08	-4.46330047e-08	7.12933463e-08	1.07101531e-07	0	0	0	0	0	3
52	243	1.79813409	0.147171707	-3.69001208e-08	-3.58414798e-08	-4.46330047e-08	7.12933463e-08	1.07134826e-07	0	0	0	0	0	3
53	248	1.85335704	0.150001932	-3.66845945e-08	-3.58666014e-08	-4.46330047e-08	7.12933463e-08	1.07159948e-07	0	0	0	0	0	3
54	254	1.90892119	0.152832157	-3.73555918e-08	-3.59099424e-08	-4.46330047e-08	7.12933463e-08	1.07203289e-07	0	0	0	0	0	3
55	260	1.96475654	0.155662382	-3.65519404e-08	-3.5928187e-08	-4.46330047e-08	7.12933463e-08	1.07221533e-07	0	0	0	0	0	3
56	265	2.02082765	0.158492607	-3.67226294e-08	-3.59502301e-08	-4.46330047e-08	7.12933463e-08	1.07243576e-07	0	0	0	0	0	3
57	270	2.07712305	0.161322832	-3.67680563e-08	-3.59723953e-08	-4.46330047e-08	7.12933463e-08	1.07265742e-07	0	0	0	0	0	3
58	276	2.1336433	0.164153057	-3.68325903e-08	-3.59951819e-08	-4.46330047e-08	7.12933463e-08	1.07288528e-07	0	0	0	0	0	3
59	281	2.19036633	0.166983283	-3.67053725e-08	-3.60135734e-08	-4.46330047e-08	7.12933463e-08	1.0730692e-07	0	0	0	0	0	3
60	286	2.24717207	0.169813508	-3.70671787e-08	-3.60402072e-08	-4.46330047e-08	7.12933463e-08	1.07333553e-07	0	0	0	0	0	3
61	292	2.30398559	0.172643733	-3.69210412e-08	-3.60619275e-08	-4.46330047e-08	7.12933463e-08	1.07355274e-07	0	0	0	0	0	3
62	297	2.36078992	0.175473958	-3.62284339e-08	-3.60659339e-08	-4.46330047e-08	7.12933463e-08	1.0735928e-07	0	0	0	0	0	3
63	303	2.41760717	0.178304183	-3.68628732e-08	-3.60846632e-08	-4.46330047e-08	7.12933463e-08	1.07378009e-07	0	0	0	0	0	3
64	308	2.47443424	0.181134408	-3.68689306e-08	-3.61026744e-08	-4.46330047e-08	7.12933463e-08	1.07396021e-07	0	0	0	0	0	3
65	314	2.53127303	0.183964633	-3.64972617e-08	-3.61115347e-08	-4.46330047e-08	7.12933463e-08	1.07404881e-07	0	0	0	0	0	3
66	320	2.58811341	0.186794858	-3.69030123e-08	-3.61289172e-08	-4.46330047e-08	7.12933463e-08	1.07422263e-07	0	0	0	0	0	3
67	326	2.64496141	0.189625084	-3.68636929e-08	-3.61447097e-08	-4.46330047e-08	7.12933463e-08	1.07438056e-07	0	0	0	0	0	3
68	331	2.7017959	0.192455309	-3.6785699e-08	-3.61581934e-08	-4.46330047e-08	7.12933463e-08	1.0745154e-07	0	0	0	0	0	3
69	337	2.75786377	0.195285534	-3.702284e-08	-3.61757719e-08	-4.46330047e-08	7.12933463e-08	1.07469118e-07	0	0	0	0	0	3
70	343	2.81279903	0.198115759	-3.71324071e-08	-3.61944554e-08	-4.46330047e-08	7.12933463e-08	1.07487802e-07	0	0	0	0	0	3
71	349	2.86706419	0.200945984	-3.7362641e-08	-3.62165657e-08	-4.46330047e-08	7.12933463e-08	1.07509912e-07	0	0	0	0	0	3
72	354	2.92032831	0.203776209	-3.73977447e-08	-3.62381094e-08	-4.46330047e-08	7.12933463e-08	1.07531456e-07	0	0	0	0	0	3
73	360	2.97235429	0.206606434	-3.71783807e-08	-3.62545672e-08	-4.46330047e-08	7.12933463e-08	1.07547913e-07	0	0	0	0	0	3
74	365	3.02360956	0.20943666	-3.7010471e-08	-3.6267381e-08	-4.46330047e-08	7.12933463e-08	1.07560727e-07	0	0	0	0	0	3
75	371	3.07456429	0.212266885	-3.6992184e-08	-3.62793932e-08	-4.46330047e-08	7.12933463e-08	1.07572739e-07	0	0	0	0	0	3
76	377	3.12525218	0.21509711	-3.67602798e-08	-3.62871926e-08	-4.46330047e-08	7.12933463e-08	1.07580539e-07	0	0	0	0	0	3
77	383	3.17562109	0.217927335	-3.7348498e-08	-3.63040261e-08	-4.46330047e-08	7.12933463e-08	1.07597372e-07	0	0	0	0	0	3
78	389	3.22552863	0.22075756	-3.71752769e-08	-3.63175067e-08	-4.46330047e-08	7.12933463e-08	1.07610853e-07	0	0	0	0	0	3
79	395	3.27507329	0.223587785	-3.69545115e-08	-3.63271432e-08	-4.46330047e-08	7.12933463e-08	1.07620489e-07	0	0	0	0	0	3
80	402	3.32449625	0.22641801	-3.69072122e-08	-3.63357666e-08	-4.46330047e-08	7.12933463e-08	1.07629113e-07	0	0	0	0	0	3
81	408	3.37358484	0.229248235	-3.68051849e-08	-3.63425971e-08	-4.46330047e-08	7.12933463e-08	1.07635943e-07	0	0	0	0	0	3
82	414	3.42210374	0.232078461	-3.67974774e-08	-3.63490464e-08	-4.46330047e-08	7.12933463e-08	1.07642393e-07	0	0	0	0	0	3
83	420	3.47038429	0.234908686	-3.7028135e-08	-3.6358494e-08	-4.46330047e-08	7.12933463e-08	1.0765184e-07	0	0	0	0	0	3
84	426	3.51866618	0.237738911	-3.68448882e-08	-3.63651681e-08	-4.46330047e-08	7.12933463e-08	1.07658514e-07	0	0	0	0	0	3
85	432	3.56678811	0.240569136	-3.69896558e-08	-3.63735935e-08	-4.46330047e-08	7.12933463e-08	1.0766694e-07	0	0	0	0	0	3
86	439	3.61447099	0.243399361	-3.67893419e-08	-3.63790782e-08	-4.46330047e-08	7.12933463e-08	1.07672424e-07	0	0	0	0	0	3
87	446	3.66170857	0.246229586	-3.65071124e-08	-3.63807299e-08	-4.46330047e-08	7.12933463e-08	1.07674076e-07	0	0	0	0	0	3
88	451	3.70860864	0.249059811	-3.68604659e-08	-3.63867967e-08	-4.46330047e-08	7.12933463e-08	1.07680143e-07	0	0	0	0	0	3
89	458	3.75531834	0.251890036	-3.72336735e-08	-3.63973304e-08	-4.46330047e-08	7.12933463e-08	1.07690677e-07	0	0	0	0	0	3
90	464	3.801986	0.254720262	-3.66482026e-08	-3.64004098e-08	-4.46330047e-08	7.12933463e-08	1.07693756e-07	0	0	0	0	0	3
91	470	3.84862805	0.257550487	-3.67500447e-08	-3.6404647e-08	-4.46330047e-08	7.12933463e-08	1.07697993e-07	0	0	0	0	0	3
92	477	3.89518614	0.260380712	-3.72218681e-08	-3.64144151e-08	-4.46330047e-08	7.12933463e-08	1.07707761e-07	0	0	0	0	0	3
93	484	3.94173654	0.263210937	-3.68489796e-08	-3.64195471e-08	-4.46330047e-08	7.12933463e-08	1.07712893e-07	0	0	0	0	0	3
94	491	3.9882508	0.266041162	-3.66890944e-08	-3.64226908e-08	-4.46330047e-08	7.12933463e-08	1.07716037e-07	0	0	0	0	0	3
95	497	4.03487727	0.268871387	-3.69684285e-08	-3.64289972e-08	-4.46330047e-08	7.12933463e-08	1.07722344e-07	0	0	0	0	0	3
96	503	4.08173199	0.271701612	-3.67727323e-08	-3.6432943e-08	-4.46330047e-08	7.12933463e-08	1.07726289e-07	0	0	0	0	0	3
97	510	4.12864979	0.274531837	-3.68953665e-08	-3.6438198e-08	-4.46330047e-08	7.12933463e-08	1.07731544e-07	0	0	0	0	0	3
98	517	4.17577606	0.277362063	-3.71417965e-08	-3.64461385e-08	-4.46330047e-08	7.12933463e-08	1.07739485e-07	0	0	0	0	0	3
99	523	4.22313946	0.280192288	-3.66541081e-08	-3.6448471e-08	-4.46330047e-08	7.12933463e-08	1.07741817e-07	0	0	0	0	0	3
100	529	4.27078823	0.283022513	-3.69813875e-08	-3.64544167e-08	-4.46330047e-08	7.12933463e-08	1.07747763e-07	0	0	0	0	0	3
101	537	4.31872145	0.285852738	-3.68965309e-08	-3.64593237e-08	-4.46330047e-08	7.12933463e-08	1.0775267e-07	0	0	0	0	0	3
102	543	4.36693391	0.288682963	-3.64647239e-08	-3.64593833e-08	-4.46330047e-08	7.12933463e-08	1.0775273e-07	0	0	0	0	0	3
103	550	4.41534792	0.291513188	-3.69737049e-08	-3.64650228e-08	-4.46330047e-08	7.12933463e-08	1.07758369e-07	0	0	0	0	0	3
104	556	4.46391821	0.294343413	-3.70544165e-08	-3.64714358e-08	-4.46330047e-08	7.12933463e-08	1.07764782e-07	0	0	0	0	0	3
105	563	4.51265453	0.297173638	-3.65958028e-08	-3.64727789e-08	-4.46330047e-08	7.12933463e-08	1.07766125e-07	0	0	0	0	0	3
106	570	4.56154151	0.300003864	-3.73260352e-08	-3.64819234e-08	-4.46330047e-08	7.12933463e-08	1.0777527e-07	0	0	0	0	0	3
107	576	4.61056721	0.302834089	-3.68323297e-08	-3.64856494e-08	-4.46330047e-08	7.12933463e-08	1.07778996e-07	0	0	0	0	0	3
108	584	4.65971017	0.305664314	-3.69154338e-08	-3.64901821e-08	-4.46330047e-08	7.12933463e-08	1.07783528e-07	0	0	0	0	0	3
109	590	4.70895586	0.308494539	-3.67627151e-08	-3.64930322e-08	-4.46330047e-08	7.12933463e-08	1.07786378e-07	0	0	0	0	0	3
110	597	4.75818864	0.311324764	-3.69238341e-08	-3.64974897e-08	-4.46330047e-08	7.12933463e-08	1.07790836e-07	0	0	0	0	0	3
111	604	4.8073396	0.314154989	-3.67686875e-08	-3.65002625e-08	-4.46330047e-08	7.12933463e-08	1.07793609e-07	0	0	0	0	0	3
112	611	4.85641252	0.316985214	-3.70431598e-08	-3.65057483e-08	-4.46330047e-08	7.12933463e-08	1.07799095e-07	0	0	0	0	0	3
113	617	4.90541113	0.31981544	-3.69397826e-08	-3.65100837e-08	-4.46330047e-08	7.12933463e-08	1.0780343e-07	0	0	0	0	0	3
114	625	4.95433361	0.322645665	-3.68844636e-08	-3.65137806e-08	-4.46330047e-08	7.12933463e-08	1.07807127e-07	0	0	0	0	0	3
115	632	5.00318057	0.32547589	-3.6985377e-08	-3.65183849e-08	-4.46330047e-08	7.12933463e-08	1.07811731e-07	0	0	0	0	0	3
116	637	5.05197481	0.328306115	-3.70336663e-08	-3.65233617e-08	-4.46330047e-08	7.12933463e-08	1.07816708e-07	0	0	0	0	0	3
117	644	5.10072654	0.33113634	-3.66067927e-08	-3.65241591e-08	-4.46330047e-08	7.12933463e-08	1.07817505e-07	0	0	0	0	0	3
118	650	5.14942761	0.333966565	-3.67701745e-08	-3.65264858e-08	-4.46330047e-08	7.12933463e-08	1.07819832e-07	0	0	0	0	0	3
119	657	5.19809449	0.33679679	-3.70575851e-08	-3.65314582e-08	-4.46330047e-08	7.12933463e-08	1.07824805e-07	0	0	0	0	0	3
120	663	5.2467219	0.339627015	-3.69657611e-08	-3.65354834e-08	-4.46330047e-08	7.12933463e-08	1.0782883e-07	0	0	0	0	0	3
121	670	5.29530064	0.342457241	-3.67806677e-08	-3.65377327e-08	-4.46330047e-08	7.12933463e-08	1.07831079e-07	0	0	0	0	0	3
122	676	5.34382097	0.345287466	-3.74441569e-08	-3.65459628e-08	-4.46330047e-08	7.12933463e-08	1.07839309e-07	0	0	0	0	0	3
123	682	5.39228728	0.348117691	-3.69339881e-08	-3.65494504e-08	-4.46330047e-08	7.12933463e-08	1.07842797e-07	0	0	0	0	0	3
124	687	5.4407011	0.350947916	-3.70789288e-08	-3.65541619e-08	-4.46330047e-08	7.12933463e-08	1.07847508e-07	0	0	0	0	0	3
125	694	5.48907064	0.353778141	-3.69643966e-08	-3.65577769e-08	-4.46330047e-08	7.12933463e-08	1.07851123e-07	0	0	0	0	0	3
126	699	5.53740304	0.356608366	-3.69624895e-08	-3.65613094e-08	-4.46330047e-08	7.12933463e-08	1.07854656e-07	0	0	0	0	0	3
127	706	5.58568872	0.359438591	-3.66825946e-08	-3.65623578e-08	-4.46330047e-08	7.12933463e-08	1.07855704e-07	0	0	0	0	0	3
128	711	5.63391061	0.362268816	-3.73675557e-08	-3.65692497e-08	-4.46330047e-08	7.12933463e-08	1.07862596e-07	0	0	0	0	0	3
129	717	5.68209824	0.365099042	-3.60268535e-08	-3.65646499e-08	-4.46330047e-08	7.12933463e-08	1.07862596e-07	0	0	0	0	0	3
130	723	5.7302513	0.367929267	-3.76434981e-08	-3.65737157e-08	-4.46330047e-08	7.12933463e-08	1.07867062e-07	0	0	0	0	0	3
131	729	5.77835834	0.370759492	-3.69258362e-08	-3.65766473e-08	-4.46330047e-08	7.12933463e-08	1.07869994e-07	0	0	0	0	0	3
132	735	5.82641204	0.373589717	-3.71506176e-08	-3.65813811e-08	-4.46330047e-08	7.12933463e-08	1.07874727e-07	0	0	0	0	0	3
133	740	5.87438789	0.376419942	-3.67483835e-08	-3.6582745e-08	-4.46330047e-08	7.12933463e-08	1.07876091e-07	0	0	0	0	0	3
134	745	5.92231833	0.379250167	-3.75678656e-08	-3.65907178e-08	-4.46330047e-08	7.12933463e-08	1.07884064e-07	0	0	0	0	0	3
135	751	5.97018903	0.382080392	-3.61014368e-08	-3.65867946e-08	-4.46330047e-08	7.12933463e-08	1.07884064e-07	0	0	0	0	0	3
136	757	6.01800163	0.384910617	-3.72210471e-08	-3.65918337e-08	-4.46330047e-08	7.12933463e-08	1.0788518e-07	0	0	0	0	0	3
137	763	6.06575758	0.387740843	-3.70872165e-08	-3.65957339e-08	-4.46330047e-08	7.12933463e-08	1.0788908e-07	0	0	0	0	0	3
138	769	6.11345319	0.390571068	-3.67351022e-08	-3.65968212e-08	-4.46330047e-08	7.12933463e-08	1.07890167e-07	0	0	0	0	0	3
139	775	6.16092593	0.393401293	-3.71375475e-08	-3.66009877e-08	-4.46330047e-08	7.12933463e-08	1.07894334e-07	0	0	0	0	0	3
140	780	6.20829076	0.396231518	-3.68444555e-08	-3.66028452e-08	-4.46330047e-08	7.12933463e-08	1.07896191e-07	0	0	0	0	0	3
141	786	6.25560335	0.399061743	-3.6639031e-08	-3.66031189e-08	-4.46330047e-08	7.12933463e-08	1.07896465e-07	0	0	0	0	0	3
142	793	6.30284865	0.401891968	-3.7146577e-08	-3.66071926e-08	-4.46330047e-08	7.12933463e-08	1.07900539e-07	0	0	0	0	0	3
143	799	6.35002872	0.404722193	-3.67643928e-08	-3.66083606e-08	-4.46330047e-08	7.12933463e-08	1.07901707e-07	0	0	0	0	0	3
144	805	6.39713401	0.407552419	-3.70836985e-08	-3.66118607e-08	-4.46330047e-08	7.12933463e-08	1.07905207e-07	0	0	0	0	0	3
145	811	6.44416819	0.410382644	-3.68027374e-08	-3.66132539e-08	-4.46330047e-08	7.12933463e-08	1.079066e-07	0	0	0	0	0	3
146	817	6.49113709	0.413212869	-3.66254534e-08	-3.66133421e-08	-4.46330047e-08	7.12933463e-08	1.07906688e-07	0	0	0	0	0	3
147	822	6.53802047	0.416043094	-3.66512407e-08	-3.66136139e-08	-4.46330047e-08	7.12933463e-08	1.0790696e-07	0	0	0	0	0	3
148	828	6.58484162	0.418873319	-3.70759042e-08	-3.6616901e-08	-4.46330047e-08	7.12933463e-08	1.07910247e-07	0	0	0	0	0	3
149	834	6.63159445	0.421703544	-3.73682685e-08	-3.66221982e-08	-4.46330047e-08	7.12933463e-08	1.07915544e-07	0	0	0	0	0	3
150	839	6.67826945	0.424533769	-3.70013698e-08	-3.66248482e-08	-4.46330047e-08	7.12933463e-08	1.07918194e-07	0	0	0	0	0	3
151	845	6.72487269	0.427363994	-3.71096632e-08	-3.6628208e-08	-4.46330047e-08	7.12933463e-08	1.07921554e-07	0	0	0	0	0	3
152	852	6.77141524	0.43019422	-3.68592664e-08	-3.66297961e-08	-4.46330047e-08	7.12933463e-08	1.07923142e-07	0	0	0	0	0	3
153	857	6.81791214	0.433024445	-3.72726487e-08	-3.66341803e-08	-4.46330047e-08	7.12933463e-08	1.07927527e-07	0	0	0	0	0	3
154	864	6.86436965	0.43585467	-3.66090104e-08	-3.66340099e-08	-4.46330047e-08	7.12933463e-08	1.07927527e-07	0	0	0	0	0	3
155	870	6.9107948	0.438684895	-3.68036814e-08	-3.66351497e-08	-4.46330047e-08	7.12933463e-08	1.07928496e-07	0	0	0	0	0	3
156	876	6.95720755	0.44151512	-3.68355876e-08	-3.66364869e-08	-4.46330047e-08	7.12933463e-08	1.07929833e-07	0	0	0	0	0	3
157	881	7.00362557	0.444345345	-3.73840953e-08	-3.66414418e-08	-4.46330047e-08	7.12933463e-08	1.07934788e-07	0	0	0	0	0	3
158	888	7.050035	0.44717557	-3.68199778e-08	-3.66426171e-08	-4.46330047e-08	7.12933463e-08	1.07935963e-07	0	0	0	0	0	3
159	894	7.09645461	0.450005795	-3.70116817e-08	-3.66450312e-08	-4.46330047e-08	7.12933463e-08	1.07938378e-07	0	0	0	0	0	3
160	900	7.14285048	0.452836021	-3.68271904e-08	-3.66462144e-08	-4.46330047e-08	7.12933463e-08	1.07939561e-07	0	0	0	0	0	3
161	905	7.18923388	0.455666246	-3.72547186e-08	-3.66501404e-08	-4.46330047e-08	7.12933463e-08	1.07943487e-07	0	0	0	0	0	3
162	912	7.23560607	0.458496471	-3.67316964e-08	-3.66506631e-08	-4.46330047e-08	7.12933463e-08	1.07944009e-07	0	0	0	0	0	3
163	918	7.28195142	0.461326696	-3.68769247e-08	-3.66521031e-08	-4.46330047e-08	7.12933463e-08	1.07945449e-07	0	0	0	0	0	3
164	923	7.32840111	0.464156921	-3.66214236e-08	-3.66519086e-08	-4.46330047e-08	7.12933463e-08	1.07945449e-07	0	0	0	0	0	3
165	929	7.37473179	0.466987146	-3.72549143e-08	-3.66556969e-08	-4.46330047e-08	7.12933463e-08	1.07949043e-07	0	0	0	0	0	3
166	936	7.42102354	0.469817371	-3.69834596e-08	-3.66577415e-08	-4.46330047e-08	7.12933463e-08	1.07951088e-07	0	0	0	0	0	3
167	941	7.46741452	0.472647596	-3.678027e-08	-3.66585027e-08	-4.46330047e-08	7.12933463e-08	1.07951849e-07	0	0	0	0	0	3
168	947	7.51383255	0.475477822	-3.64513025e-08	-3.66572227e-08	-4.46330047e-08	7.12933463e-08	1.07951849e-07	0	0	0	0	0	3
169	952	7.56026018	0.478308047	-3.78332612e-08	-3.66644447e-08	-4.46330047e-08	7.12933463e-08	1.07957791e-07	0	0	0	0	0	3
170	959	7.60668239	0.481138272	-3.67893168e-08	-3.66652068e-08	-4.46330047e-08	7.12933463e-08	1.07958553e-07	0	0	0	0	0	3
171	965	7.65311263	0.483968497	-3.68672412e-08	-3.66664325e-08	-4.46330047e-08	7.12933463e-08	1.07959779e-07	0	0	0	0	0	3
172	970	7.69954438	0.486798722	-3.65941879e-08	-3.66659968e-08	-4.46330047e-08	7.12933463e-08	1.07959779e-07	0	0	0	0	0	3
173	976	7.74597682	0.489628947	-3.68796945e-08	-3.66672778e-08	-4.46330047e-08	7.12933463e-08	1.07960624e-07	0	0	0	0	0	3
174	983	7.79240163	0.492459172	-3.73994027e-08	-3.66716396e-08	-4.46330047e-08	7.12933463e-08	1.07964986e-07	0	0	0	0	0	3
175	988	7.83882263	0.495289397	-3.73143752e-08	-3.66754459e-08	-4.46330047e-08	7.12933463e-08	1.07968792e-07	0	0	0	0	0	3
176	995	7.88524487	0.498119623	-3.65665331e-08	-3.66748047e-08	-4.46330047e-08	7.12933463e-08	1.07968792e-07	0	0	0	0	0	3
177	1001	7.93166567	0.500949848	-3.71022718e-08	-3.66773065e-08	-4.46330047e-08	7.12933463e-08	1.07970653e-07	0	0	0	0	0	3
178	1007	7.97808867	0.503780073	-3.70472463e-08	-3.68928554e-08	-4.46330047e-08	4.21671386e-08	8.68001434e-08	0	0	0	0	0	3
179	1012	8.02450827	0.506610298	-3.72761023e-08	-3.69088092e-08	-4.46330047e-08	-3.60268535e-08	8.60615126e-09	0	0	0	0	0	3
180	1018	8.07094281	0.509440523	-3.6556297e-08	-3.6906029e-08	-4.46330047e-08	-3.60268535e-08	8.60615126e-09	0	0	0	0	0	3
181	1024	8.1173949	0.512270748	-3.71356128e-08	-3.69057186e-08	-4.2186707e-08	-3.60268535e-08	6.15985355e-09	0	0	0	0	0	3
182	1030	8.16385573	0.515100973	-3.66772233e-08	-3.6903137e-08	-4.15431459e-08	-3.60268535e-08	5.51629248e-09	0	0	0	0	0	3
183	1035	8.21032597	0.517931199	-3.7614885e-08	-3.69059849e-08	-4.15431459e-08	-3.60268535e-08	5.51629248e-09	0	0	0	0	0	3
184	1041	8.25681102	0.520761424	-3.69330559e-08	-3.69059446e-08	-4.15431459e-08	-3.60268535e-08	5.51629248e-09	0	0	0	0	0	3
185	1048	8.303314	0.523591649	-3.682943e-08	-3.69048158e-08	-4.15431459e-08	-3.60268535e-08	5.51629248e-09	0	0	0	0	0	3
186	1054	8.3498384	0.526421874	-3.65509273e-08	-3.69016841e-08	-4.15431459e-08	-3.60268535e-08	5.51629248e-09	0	0	0	0	0	3
187	1060	8.39638194	0.529252099	-3.81393167e-08	-3.69056525e-08	-4.15431459e-08	-3.60268535e-08	5.51629248e-09	0	0	0	0	0	3
188	1066	8.44294284	0.532082324	-3.67489105e-08	-3.69000554e-08	-4.15431459e-08	-3.60268535e-08	5.51629248e-09	0	0	0	0	0	3
189	1072	8.48952638	0.534912549	-3.67235394e-08	-3.68916559e-08	-4.03869383e-08	-3.60268535e-08	4.36008484e-09	0	0	0	0	0	3
190	1077	8.53613011	0.537742774	-3.64531419e-08	-3.68831912e-08	-3.85943827e-08	-3.60268535e-08	2.5675292e-09	0	0	0	0	0	3
191	1083	8.58274822	0.540573	-3.72992976e-08	-3.68824497e-08	-3.84088448e-08	-3.60268535e-08	2.38199138e-09	0	0	0	0	0	3
192	1089	8.62937799	0.543403225	-3.67350216e-08	-3.68823295e-08	-3.84088448e-08	-3.60268535e-08	2.38199138e-09	0	0	0	0	0	3
193	1095	8.67602173	0.54623345	-3.73143884e-08	-3.68854179e-08	-3.84088448e-08	-3.60268535e-08	2.38199138e-09	0	0	0	0	0	3
194	1101	8.72269821	0.549063675	-3.66512968e-08	-3.68853085e-08	-3.84088448e-08	-3.60268535e-08	2.38199138e-09	0	0	0	0	0	3
195	1106	8.76940906	0.5518939	-3.73823435e-08	-3.68833847e-08	-3.81393167e-08	-3.60268535e-08	2.11246322e-09	0	0	0	0	0	3
196	1112	8.8161534	0.554724125	-3.68157575e-08	-3.68837726e-08	-3.81393167e-08	-3.60268535e-08	2.11246322e-09	0	0	0	0	0	3
197	1118	8.86290747	0.55755435	-3.71101886e-08	-3.68856976e-08	-3.81393167e-08	-3.60268535e-08	2.11246322e-09	0	0	0	0	0	3
198	1123	8.9096783	0.560384575	-3.64137623e-08	-3.68852763e-08	-3.81393167e-08	-3.60268535e-08	2.11246322e-09	0	0	0	0	0	3
199	1131	8.95646409	0.563214801	-3.71482499e-08	-3.6887464e-08	-3.81393167e-08	-3.60268535e-08	2.11246322e-09	0	0	0	0	0	3
200	1136	9.00328072	0.566045026	-3.75611175e-08	-3.6892662e-08	-3.81393167e-08	-3.60268535e-08	2.11246322e-09	0	0	0	0	0	3
201	1143	9.0501146	0.568875251	-3.73962344e-08	-3.68976919e-08	-3.81393167e-08	-3.60268535e-08	2.11246322e-09	0	0	0	0	0	3
202	1148	9.09699669	0.571705476	-3.64445586e-08	-3.68977615e-08	-3.81393167e-08	-3.60268535e-08	2.11246322e-09	0	0	0	0	0	3
203	1154	9.14390825	0.574535701	-3.67325105e-08	-3.68998495e-08	-3.81393167e-08	-3.60268535e-08	2.11246322e-09	0	0	0	0	0	3
204	1160	9.19085845	0.577365926	-3.68802831e-08	-3.69025025e-08	-3.81393167e-08	-3.60268535e-08	2.11246322e-09	0	0	0	0	0	3
205	1166	9.23784632	0.580196151	-3.75539203e-08	-3.69089375e-08	-3.81393167e-08	-3.60268535e-08	2.11246322e-09	0	0	0	0	0	3
206	1171	9.28487307	0.583026376	-3.68287829e-08	-3.69112626e-08	-3.81393167e-08	-3.60268535e-08	2.11246322e-09	0	0	0	0	0	3
207	1177	9.3319181	0.585856602	-3.68314076e-08	-3.69132381e-08	-3.81393167e-08	-3.60268535e-08	2.11246322e-09	0	0	0	0	0	3
208	1183	9.37897338	0.588686827	-3.65979613e-08	-3.69128507e-08	-3.81393167e-08	-3.60268535e-08	2.11246322e-09	0	0	0	0	0	3
209	1189	9.42602163	0.591517052	-3.69815138e-08	-3.69158412e-08	-3.81393167e-08	-3.60268535e-08	2.1103075e-09	0	0	0	0	0	3
210	1195	9.4730627	0.594347277	-3.73094561e-08	-3.69198253e-08	-3.81393167e-08	-3.60268535e-08	2.00748431e-09	0	0	0	0	0	3
211	1201	9.52009873	0.597177502	-3.69545543e-08	-3.69209099e-08	-3.81393167e-08	-3.60268535e-08	1.92858716e-09	0	0	0	0	0	3
212	1206	9.56714578	0.600007727	-3.66297814e-08	-3.69217486e-08	-3.81393167e-08	-3.60268535e-08	1.85708067e-09	0	0	0	0	0	3
213	1212	9.61421063	0.602837952	-3.66690851e-08	-3.69226531e-08	-3.81393167e-08	-3.60268535e-08	1.78125409e-09	0	0	0	0	0	3
214	1218	9.6612907	0.605668178	-3.72637362e-08	-3.69253741e-08	-3.81393167e-08	-3.60268535e-08	1.72063999e-09	0	0	0	0	0	3
215	1224	9.70839094	0.608498403	-3.68491366e-08	-3.69266335e-08	-3.81393167e-08	-3.60268535e-08	1.67589589e-09	0	0	0	0	0	3
216	1229	9.75549748	0.611328628	-3.66499633e-08	-3.69283225e-08	-3.81393167e-08	-3.60268535e-08	1.62700227e-09	0	0	0	0	0	3
217	1235	9.80259874	0.614158853	-3.71097234e-08	-3.69314203e-08	-3.81393167e-08	-3.60268535e-08	1.57250915e-09	0	0	0	0	0	3
218	1240	9.84970544	0.616989078	-3.73431943e-08	-3.69342431e-08	-3.81393167e-08	-3.60268535e-08	1.53615227e-09	0	0	0	0	0	3
219	1246	9.8968128	0.619819303	-3.70450704e-08	-3.69375964e-08	-3.81393167e-08	-3.60268535e-08	1.48900161e-09	0	0	0	0	0	3
220	1253	9.94390991	0.622649528	-3.67120851e-08	-3.69370529e-08	-3.81393167e-08	-3.60268535e-08	1.43196574e-09	0	0	0	0	0	3
221	1259	9.99099274	0.625479753	-3.69702059e-08	-3.69363708e-08	-3.81393167e-08	-3.60268535e-08	1.39995492e-09	0	0	0	0	0	3
222	1261	10	0.628309979	-3.69809579e-08	-3.69392048e-08	-3.81393167e-08	-3.60268535e-08	1.3640384e-09	0	0	0	0	0	3
